0 15 0.005
0 15 0.01
0 15 0.015
0 14.9999 0.02
0 14.9999 0.025
0 14.9999 0.03
0 14.9998 0.035
0 14.9997 0.04
0 14.9996 0.045
0 14.9996 0.05
0 14.9995 0.055
0 14.9994 0.06
0 14.9992 0.065
0 14.9991 0.07
0 14.999 0.075
0 14.9988 0.08
0 14.9987 0.085
0 14.9985 0.09
0 14.9983 0.095
0 14.9981 0.1
0 14.9979 0.105
0 14.9977 0.11
0 14.9975 0.115
0 14.9973 0.12
0 14.9971 0.125
0 14.9968 0.13
0 14.9966 0.135
0 14.9963 0.14
0 14.996 0.145
0 14.9957 0.15
0 14.9954 0.155
0 14.9951 0.16
0 14.9948 0.165
0 14.9945 0.17
0 14.9942 0.175
0 14.9938 0.18
0 14.9935 0.185
0 14.9931 0.19
0 14.9927 0.195
0 14.9923 0.2
0 14.992 0.205
0 14.9916 0.21
0 14.9911 0.215
0 14.9907 0.22
0 14.9903 0.225
0 14.9898 0.23
0 14.9894 0.235
0 14.9889 0.24
0 14.9885 0.245
0 14.988 0.25
0 14.9875 0.255
0 14.987 0.26
0 14.9865 0.265
0 14.986 0.27
0 14.9854 0.275
0 14.9849 0.28
0 14.9843 0.285
0 14.9838 0.29
0 14.9832 0.295
0 14.9826 0.3
0 14.982 0.305
0 14.9814 0.31
0 14.9808 0.315
0 14.9802 0.32
0 14.9796 0.325
0 14.979 0.33
0 14.9783 0.335
0 14.9777 0.34
0 14.977 0.345
0 14.9763 0.35
0 14.9756 0.355
0 14.9749 0.36
0 14.9742 0.365
0 14.9735 0.37
0 14.9728 0.375
0 14.972 0.38
0 14.9713 0.385
0 14.9705 0.39
0 14.9698 0.395
0 14.969 0.4
0 14.9682 0.405
0 14.9674 0.41
0 14.9666 0.415
0 14.9658 0.42
0 14.965 0.425
0 14.9641 0.43
0 14.9633 0.435
0 14.9624 0.44
0 14.9616 0.445
0 14.9607 0.45
0 14.9598 0.455
0 14.9589 0.46
0 14.958 0.465
0 14.9571 0.47
0 14.9562 0.475
0 14.9553 0.48
0 14.9543 0.485
0 14.9534 0.49
0 14.9524 0.495
0 14.9514 0.5
0 14.9505 0.505
0 14.9495 0.51
0 14.9485 0.515
0 14.9475 0.52
0 14.9464 0.525
0 14.9454 0.53
0 14.9444 0.535
0 14.9433 0.54
0 14.9423 0.545
0 14.9412 0.55
0 14.9401 0.555
0 14.939 0.56
0 14.9379 0.565
0 14.9368 0.57
0 14.9357 0.575
0 14.9346 0.58
0 14.9334 0.585
0 14.9323 0.59
0 14.9311 0.595
0 14.93 0.6
0 14.9288 0.605
0 14.9276 0.61
0 14.9264 0.615
0 14.9252 0.62
0 14.924 0.625
0 14.9227 0.63
0 14.9215 0.635
0 14.9203 0.64
0 14.919 0.645
0 14.9177 0.65
0 14.9165 0.655
0 14.9152 0.66
0 14.9139 0.665
0 14.9126 0.67
0 14.9113 0.675
0 14.9099 0.68
0 14.9086 0.685
0 14.9073 0.69
0 14.9059 0.695
0 14.9045 0.7
0 14.9032 0.705
0 14.9018 0.71
0 14.9004 0.715
0 14.899 0.72
0 14.8976 0.725
0 14.8962 0.73
0 14.8947 0.735
0 14.8933 0.74
0 14.8918 0.745
0 14.8904 0.75
0 14.8889 0.755
0 14.8874 0.76
0 14.8859 0.765
0 14.8844 0.77
0 14.8829 0.775
0 14.8814 0.78
0 14.8799 0.785
0 14.8783 0.79
0 14.8768 0.795
0 14.8752 0.8
0 14.8736 0.805
0 14.8721 0.81
0 14.8705 0.815
0 14.8689 0.82
0 14.8673 0.825
0 14.8657 0.83
0 14.864 0.835
0 14.8624 0.84
0 14.8607 0.845
0 14.8591 0.85
0 14.8574 0.855
0 14.8557 0.86
0 14.854 0.865
0 14.8523 0.87
0 14.8506 0.875
0 14.8489 0.88
0 14.8472 0.885
0 14.8455 0.89
0 14.8437 0.895
0 14.842 0.9
0 14.8402 0.905
0 14.8384 0.91
0 14.8366 0.915
0 14.8348 0.92
0 14.833 0.925
0 14.8312 0.93
0 14.8294 0.935
0 14.8276 0.94
0 14.8257 0.945
0 14.8239 0.95
0 14.822 0.955
0 14.8201 0.96
0 14.8182 0.965
0 14.8163 0.97
0 14.8144 0.975
0 14.8125 0.98
0 14.8106 0.985
0 14.8087 0.99
0 14.8067 0.995
0 14.8048 1
0 14.8028 1.005
0 14.8008 1.01
0 14.7989 1.015
0 14.7969 1.02
0 14.7949 1.025
0 14.7929 1.03
0 14.7908 1.035
0 14.7888 1.04
0 14.7868 1.045
0 14.7847 1.05
0 14.7827 1.055
0 14.7806 1.06
0 14.7785 1.065
0 14.7764 1.07
0 14.7743 1.075
0 14.7722 1.08
0 14.7701 1.085
0 14.768 1.09
0 14.7658 1.095
0 14.7637 1.1
0 14.7615 1.105
0 14.7594 1.11
0 14.7572 1.115
0 14.755 1.12
0 14.7528 1.125
0 14.7506 1.13
0 14.7484 1.135
0 14.7461 1.14
0 14.7439 1.145
0 14.7417 1.15
0 14.7394 1.155
0 14.7371 1.16
0 14.7349 1.165
0 14.7326 1.17
0 14.7303 1.175
0 14.728 1.18
0 14.7257 1.185
0 14.7233 1.19
0 14.721 1.195
0 14.7186 1.2
0 14.7163 1.205
0 14.7139 1.21
0 14.7116 1.215
0 14.7092 1.22
0 14.7068 1.225
0 14.7044 1.23
0 14.702 1.235
0 14.6995 1.24
0 14.6971 1.245
0 14.6947 1.25
0 14.6922 1.255
0 14.6897 1.26
0 14.6873 1.265
0 14.6848 1.27
0 14.6823 1.275
0 14.6798 1.28
0 14.6773 1.285
0 14.6748 1.29
0 14.6722 1.295
0 14.6697 1.3
0 14.6671 1.305
0 14.6646 1.31
0 14.662 1.315
0 14.6594 1.32
0 14.6568 1.325
0 14.6542 1.33
0 14.6516 1.335
0 14.649 1.34
0 14.6464 1.345
0 14.6437 1.35
0 14.6411 1.355
0 14.6384 1.36
0 14.6358 1.365
0 14.6331 1.37
0 14.6304 1.375
0 14.6277 1.38
0 14.625 1.385
0 14.6223 1.39
0 14.6196 1.395
0 14.6168 1.4
0 14.6141 1.405
0 14.6113 1.41
0 14.6086 1.415
0 14.6058 1.42
0 14.603 1.425
0 14.6002 1.43
0 14.5974 1.435
0 14.5946 1.44
0 14.5917 1.445
0 14.5889 1.45
0 14.5861 1.455
0 14.5832 1.46
0 14.5803 1.465
0 14.5775 1.47
0 14.5746 1.475
0 14.5717 1.48
0 14.5688 1.485
0 14.5659 1.49
0 14.563 1.495
0 14.56 1.5
0 14.5571 1.505
0 14.5541 1.51
0 14.5512 1.515
0 14.5482 1.52
0 14.5452 1.525
0 14.5422 1.53
0 14.5392 1.535
0 14.5362 1.54
0 14.5332 1.545
0 14.5302 1.55
0 14.5271 1.555
0 14.5241 1.56
0 14.521 1.565
0 14.5179 1.57
0 14.5148 1.575
0 14.5118 1.58
0 14.5087 1.585
0 14.5055 1.59
0 14.5024 1.595
0 14.4993 1.6
0 14.4962 1.605
0 14.493 1.61
0 14.4899 1.615
0 14.4867 1.62
0 14.4835 1.625
0 14.4803 1.63
0 14.4771 1.635
0 14.4739 1.64
0 14.4707 1.645
0 14.4675 1.65
0 14.4642 1.655
0 14.461 1.66
0 14.4577 1.665
0 14.4545 1.67
0 14.4512 1.675
0 14.4479 1.68
0 14.4446 1.685
0 14.4413 1.69
0 14.438 1.695
0 14.4346 1.7
0 14.4313 1.705
0 14.428 1.71
0 14.4246 1.715
0 14.4212 1.72
0 14.4179 1.725
0 14.4145 1.73
0 14.4111 1.735
0 14.4077 1.74
0 14.4043 1.745
0 14.4009 1.75
0 14.3974 1.755
0 14.394 1.76
0 14.3905 1.765
0 14.3871 1.77
0 14.3836 1.775
0 14.3801 1.78
0 14.3766 1.785
0 14.3731 1.79
0 14.3696 1.795
0 14.3661 1.8
0 14.3625 1.805
0 14.359 1.81
0 14.3555 1.815
0 14.3519 1.82
0 14.3483 1.825
0 14.3447 1.83
0 14.3412 1.835
0 14.3376 1.84
0 14.3339 1.845
0 14.3303 1.85
0 14.3267 1.855
0 14.3231 1.86
0 14.3194 1.865
0 14.3157 1.87
0 14.3121 1.875
0 14.3084 1.88
0 14.3047 1.885
0 14.301 1.89
0 14.2973 1.895
0 14.2936 1.9
0 14.2899 1.905
0 14.2861 1.91
0 14.2824 1.915
0 14.2786 1.92
0 14.2748 1.925
0 14.2711 1.93
0 14.2673 1.935
0 14.2635 1.94
0 14.2597 1.945
0 14.2559 1.95
0 14.252 1.955
0 14.2482 1.96
0 14.2444 1.965
0 14.2405 1.97
0 14.2366 1.975
0 14.2328 1.98
0 14.2289 1.985
0 14.225 1.99
0 14.2211 1.995
0 14.2172 2
0 14.2132 2.005
0 14.2093 2.01
0 14.2054 2.015
0 14.2014 2.02
0 14.1974 2.025
0 14.1935 2.03
0 14.1895 2.035
0 14.1855 2.04
0 14.1815 2.045
0 14.1775 2.05
0 14.1735 2.055
0 14.1694 2.06
0 14.1654 2.065
0 14.1613 2.07
0 14.1573 2.075
0 14.1532 2.08
0 14.1491 2.085
0 14.145 2.09
0 14.1409 2.095
0 14.1368 2.1
0 14.1327 2.105
0 14.1286 2.11
0 14.1244 2.115
0 14.1203 2.12
0 14.1161 2.125
0 14.1119 2.13
0 14.1078 2.135
0 14.1036 2.14
0 14.0994 2.145
0 14.0952 2.15
0 14.091 2.155
0 14.0867 2.16
0 14.0825 2.165
0 14.0782 2.17
0 14.074 2.175
0 14.0697 2.18
0 14.0654 2.185
0 14.0612 2.19
0 14.0569 2.195
0 14.0526 2.2
0 14.0482 2.205
0 14.0439 2.21
0 14.0396 2.215
0 14.0352 2.22
0 14.0309 2.225
0 14.0265 2.23
0 14.0221 2.235
0 14.0177 2.24
0 14.0133 2.245
0 14.0089 2.25
0 14.0045 2.255
0 14.0001 2.26
0 13.9957 2.265
0 13.9912 2.27
0 13.9868 2.275
0 13.9823 2.28
0 13.9778 2.285
0 13.9734 2.29
0 13.9689 2.295
0 13.9644 2.3
0 13.9598 2.305
0 13.9553 2.31
0 13.9508 2.315
0 13.9462 2.32
0 13.9417 2.325
0 13.9371 2.33
0 13.9326 2.335
0 13.928 2.34
0 13.9234 2.345
0 13.9188 2.35
0 13.9142 2.355
0 13.9096 2.36
0 13.9049 2.365
0 13.9003 2.37
0 13.8956 2.375
0 13.891 2.38
0 13.8863 2.385
0 13.8816 2.39
0 13.8769 2.395
0 13.8722 2.4
0 13.8675 2.405
0 13.8628 2.41
0 13.8581 2.415
0 13.8533 2.42
0 13.8486 2.425
0 13.8438 2.43
0 13.8391 2.435
0 13.8343 2.44
0 13.8295 2.445
0 13.8247 2.45
0 13.8199 2.455
0 13.8151 2.46
0 13.8103 2.465
0 13.8054 2.47
0 13.8006 2.475
0 13.7957 2.48
0 13.7909 2.485
0 13.786 2.49
0 13.7811 2.495
0 13.7762 2.5
0 13.7713 2.505
0 13.7664 2.51
0 13.7615 2.515
0 13.7565 2.52
0 13.7516 2.525
0 13.7466 2.53
0 13.7417 2.535
0 13.7367 2.54
0 13.7317 2.545
0 13.7267 2.55
0 13.7217 2.555
0 13.7167 2.56
0 13.7117 2.565
0 13.7066 2.57
0 13.7016 2.575
0 13.6965 2.58
0 13.6915 2.585
0 13.6864 2.59
0 13.6813 2.595
0 13.6762 2.6
0 13.6711 2.605
0 13.666 2.61
0 13.6609 2.615
0 13.6558 2.62
0 13.6506 2.625
0 13.6455 2.63
0 13.6403 2.635
0 13.6352 2.64
0 13.63 2.645
0 13.6248 2.65
0 13.6196 2.655
0 13.6144 2.66
0 13.6092 2.665
0 13.6039 2.67
0 13.5987 2.675
0 13.5934 2.68
0 13.5882 2.685
0 13.5829 2.69
0 13.5776 2.695
0 13.5724 2.7
0 13.5671 2.705
0 13.5617 2.71
0 13.5564 2.715
0 13.5511 2.72
0 13.5458 2.725
0 13.5404 2.73
0 13.5351 2.735
0 13.5297 2.74
0 13.5243 2.745
0 13.5189 2.75
0 13.5135 2.755
0 13.5081 2.76
0 13.5027 2.765
0 13.4973 2.77
0 13.4919 2.775
0 13.4864 2.78
0 13.481 2.785
0 13.4755 2.79
0 13.47 2.795
0 13.4645 2.8
0 13.459 2.805
0 13.4535 2.81
0 13.448 2.815
0 13.4425 2.82
0 13.437 2.825
0 13.4314 2.83
0 13.4259 2.835
0 13.4203 2.84
0 13.4147 2.845
0 13.4092 2.85
0 13.4036 2.855
0 13.398 2.86
0 13.3924 2.865
0 13.3867 2.87
0 13.3811 2.875
0 13.3755 2.88
0 13.3698 2.885
0 13.3642 2.89
0 13.3585 2.895
0 13.3528 2.9
0 13.3471 2.905
0 13.3414 2.91
0 13.3357 2.915
0 13.33 2.92
0 13.3243 2.925
0 13.3185 2.93
0 13.3128 2.935
0 13.307 2.94
0 13.3012 2.945
0 13.2955 2.95
0 13.2897 2.955
0 13.2839 2.96
0 13.2781 2.965
0 13.2723 2.97
0 13.2664 2.975
0 13.2606 2.98
0 13.2547 2.985
0 13.2489 2.99
0 13.243 2.995
0 13.2371 3
0 13.2313 3.005
0 13.2254 3.01
0 13.2195 3.015
0 13.2135 3.02
0 13.2076 3.025
0 13.2017 3.03
0 13.1957 3.035
0 13.1898 3.04
0 13.1838 3.045
0 13.1778 3.05
0 13.1719 3.055
0 13.1659 3.06
0 13.1599 3.065
0 13.1538 3.07
0 13.1478 3.075
0 13.1418 3.08
0 13.1357 3.085
0 13.1297 3.09
0 13.1236 3.095
0 13.1176 3.1
0 13.1115 3.105
0 13.1054 3.11
0 13.0993 3.115
0 13.0932 3.12
0 13.0871 3.125
0 13.0809 3.13
0 13.0748 3.135
0 13.0686 3.14
0 13.0625 3.145
0 13.0563 3.15
0 13.0501 3.155
0 13.0439 3.16
0 13.0377 3.165
0 13.0315 3.17
0 13.0253 3.175
0 13.0191 3.18
0 13.0128 3.185
0 13.0066 3.19
0 13.0003 3.195
0 12.9941 3.2
0 12.9878 3.205
0 12.9815 3.21
0 12.9752 3.215
0 12.9689 3.22
0 12.9626 3.225
0 12.9562 3.23
0 12.9499 3.235
0 12.9435 3.24
0 12.9372 3.245
0 12.9308 3.25
0 12.9244 3.255
0 12.9181 3.26
0 12.9117 3.265
0 12.9053 3.27
0 12.8988 3.275
0 12.8924 3.28
0 12.886 3.285
0 12.8795 3.29
0 12.8731 3.295
0 12.8666 3.3
0 12.8601 3.305
0 12.8537 3.31
0 12.8472 3.315
0 12.8407 3.32
0 12.8341 3.325
0 12.8276 3.33
0 12.8211 3.335
0 12.8145 3.34
0 12.808 3.345
0 12.8014 3.35
0 12.7949 3.355
0 12.7883 3.36
0 12.7817 3.365
0 12.7751 3.37
0 12.7685 3.375
0 12.7618 3.38
0 12.7552 3.385
0 12.7486 3.39
0 12.7419 3.395
0 12.7353 3.4
0 12.7286 3.405
0 12.7219 3.41
0 12.7152 3.415
0 12.7085 3.42
0 12.7018 3.425
0 12.6951 3.43
0 12.6884 3.435
0 12.6816 3.44
0 12.6749 3.445
0 12.6681 3.45
0 12.6613 3.455
0 12.6546 3.46
0 12.6478 3.465
0 12.641 3.47
0 12.6342 3.475
0 12.6274 3.48
0 12.6205 3.485
0 12.6137 3.49
0 12.6068 3.495
0 12.6 3.5
0 12.5931 3.505
0 12.5862 3.51
0 12.5794 3.515
0 12.5725 3.52
0 12.5656 3.525
0 12.5586 3.53
0 12.5517 3.535
0 12.5448 3.54
0 12.5378 3.545
0 12.5309 3.55
0 12.5239 3.555
0 12.5169 3.56
0 12.5099 3.565
0 12.503 3.57
0 12.4959 3.575
0 12.4889 3.58
0 12.4819 3.585
0 12.4749 3.59
0 12.4678 3.595
0 12.4608 3.6
0 12.4537 3.605
0 12.4466 3.61
0 12.4396 3.615
0 12.4325 3.62
0 12.4254 3.625
0 12.4183 3.63
0 12.4111 3.635
0 12.404 3.64
0 12.3969 3.645
0 12.3897 3.65
0 12.3825 3.655
0 12.3754 3.66
0 12.3682 3.665
0 12.361 3.67
0 12.3538 3.675
0 12.3466 3.68
0 12.3394 3.685
0 12.3321 3.69
0 12.3249 3.695
0 12.3177 3.7
0 12.3104 3.705
0 12.3031 3.71
0 12.2958 3.715
0 12.2886 3.72
0 12.2813 3.725
0 12.2739 3.73
0 12.2666 3.735
0 12.2593 3.74
0 12.252 3.745
0 12.2446 3.75
0 12.2373 3.755
0 12.2299 3.76
0 12.2225 3.765
0 12.2151 3.77
0 12.2077 3.775
0 12.2003 3.78
0 12.1929 3.785
0 12.1855 3.79
0 12.178 3.795
0 12.1706 3.8
0 12.1631 3.805
0 12.1557 3.81
0 12.1482 3.815
0 12.1407 3.82
0 12.1332 3.825
0 12.1257 3.83
0 12.1182 3.835
0 12.1107 3.84
0 12.1031 3.845
0 12.0956 3.85
0 12.088 3.855
0 12.0805 3.86
0 12.0729 3.865
0 12.0653 3.87
0 12.0577 3.875
0 12.0501 3.88
0 12.0425 3.885
0 12.0349 3.89
0 12.0273 3.895
0 12.0196 3.9
0 12.012 3.905
0 12.0043 3.91
0 11.9966 3.915
0 11.989 3.92
0 11.9813 3.925
0 11.9736 3.93
0 11.9659 3.935
0 11.9581 3.94
0 11.9504 3.945
0 11.9427 3.95
0 11.9349 3.955
0 11.9272 3.96
0 11.9194 3.965
0 11.9116 3.97
0 11.9038 3.975
0 11.896 3.98
0 11.8882 3.985
0 11.8804 3.99
0 11.8726 3.995
0 11.8647 4
0 11.8569 4.005
0 11.849 4.01
0 11.8412 4.015
0 11.8333 4.02
0 11.8254 4.025
0 11.8175 4.03
0 11.8096 4.035
0 11.8017 4.04
0 11.7937 4.045
0 11.7858 4.05
0 11.7779 4.055
0 11.7699 4.06
0 11.7619 4.065
0 11.754 4.07
0 11.746 4.075
0 11.738 4.08
0 11.73 4.085
0 11.722 4.09
0 11.7139 4.095
0 11.7059 4.1
0 11.6979 4.105
0 11.6898 4.11
0 11.6817 4.115
0 11.6737 4.12
0 11.6656 4.125
0 11.6575 4.13
0 11.6494 4.135
0 11.6413 4.14
0 11.6331 4.145
0 11.625 4.15
0 11.6169 4.155
0 11.6087 4.16
0 11.6006 4.165
0 11.5924 4.17
0 11.5842 4.175
0 11.576 4.18
0 11.5678 4.185
0 11.5596 4.19
0 11.5514 4.195
0 11.5432 4.2
0 11.5349 4.205
0 11.5267 4.21
0 11.5184 4.215
0 11.5101 4.22
0 11.5019 4.225
0 11.4936 4.23
0 11.4853 4.235
0 11.477 4.24
0 11.4686 4.245
0 11.4603 4.25
0 11.452 4.255
0 11.4436 4.26
0 11.4353 4.265
0 11.4269 4.27
0 11.4185 4.275
0 11.4101 4.28
0 11.4017 4.285
0 11.3933 4.29
0 11.3849 4.295
0 11.3765 4.3
0 11.368 4.305
0 11.3596 4.31
0 11.3511 4.315
0 11.3427 4.32
0 11.3342 4.325
0 11.3257 4.33
0 11.3172 4.335
0 11.3087 4.34
0 11.3002 4.345
0 11.2917 4.35
0 11.2831 4.355
0 11.2746 4.36
0 11.266 4.365
0 11.2575 4.37
0 11.2489 4.375
0 11.2403 4.38
0 11.2317 4.385
0 11.2231 4.39
0 11.2145 4.395
0 11.2059 4.4
0 11.1973 4.405
0 11.1886 4.41
0 11.18 4.415
0 11.1713 4.42
0 11.1626 4.425
0 11.1539 4.43
0 11.1452 4.435
0 11.1365 4.44
0 11.1278 4.445
0 11.1191 4.45
0 11.1104 4.455
0 11.1016 4.46
0 11.0929 4.465
0 11.0841 4.47
0 11.0754 4.475
0 11.0666 4.48
0 11.0578 4.485
0 11.049 4.49
0 11.0402 4.495
0 11.0314 4.5
0 11.0225 4.505
0 11.0137 4.51
0 11.0048 4.515
0 10.996 4.52
0 10.9871 4.525
0 10.9782 4.53
0 10.9694 4.535
0 10.9605 4.54
0 10.9516 4.545
0 10.9426 4.55
0 10.9337 4.555
0 10.9248 4.56
0 10.9158 4.565
0 10.9069 4.57
0 10.8979 4.575
0 10.8889 4.58
0 10.8799 4.585
0 10.8709 4.59
0 10.8619 4.595
0 10.8529 4.6
0 10.8439 4.605
0 10.8349 4.61
0 10.8258 4.615
0 10.8168 4.62
0 10.8077 4.625
0 10.7986 4.63
0 10.7895 4.635
0 10.7804 4.64
0 10.7713 4.645
0 10.7622 4.65
0 10.7531 4.655
0 10.744 4.66
0 10.7348 4.665
0 10.7257 4.67
0 10.7165 4.675
0 10.7073 4.68
0 10.6982 4.685
0 10.689 4.69
0 10.6798 4.695
0 10.6706 4.7
0 10.6613 4.705
0 10.6521 4.71
0 10.6429 4.715
0 10.6336 4.72
0 10.6243 4.725
0 10.6151 4.73
0 10.6058 4.735
0 10.5965 4.74
0 10.5872 4.745
0 10.5779 4.75
0 10.5686 4.755
0 10.5592 4.76
0 10.5499 4.765
0 10.5406 4.77
0 10.5312 4.775
0 10.5218 4.78
0 10.5125 4.785
0 10.5031 4.79
0 10.4937 4.795
0 10.4843 4.8
0 10.4748 4.805
0 10.4654 4.81
0 10.456 4.815
0 10.4465 4.82
0 10.4371 4.825
0 10.4276 4.83
0 10.4181 4.835
0 10.4086 4.84
0 10.3991 4.845
0 10.3896 4.85
0 10.3801 4.855
0 10.3706 4.86
0 10.3611 4.865
0 10.3515 4.87
0 10.342 4.875
0 10.3324 4.88
0 10.3228 4.885
0 10.3132 4.89
0 10.3036 4.895
0 10.294 4.9
0 10.2844 4.905
0 10.2748 4.91
0 10.2652 4.915
0 10.2555 4.92
0 10.2459 4.925
0 10.2362 4.93
0 10.2265 4.935
0 10.2169 4.94
0 10.2072 4.945
0 10.1975 4.95
0 10.1878 4.955
0 10.178 4.96
0 10.1683 4.965
0 10.1586 4.97
0 10.1488 4.975
0 10.139 4.98
0 10.1293 4.985
0 10.1195 4.99
0 10.1097 4.995
0 10.0999 5
0 10.0901 5.005
0 10.0803 5.01
0 10.0704 5.015
0 10.0606 5.02
0 10.0508 5.025
0 10.0409 5.03
0 10.031 5.035
0 10.0212 5.04
0 10.0113 5.045
0 10.0014 5.05
0 9.99146 5.055
0 9.98154 5.06
0 9.97161 5.065
0 9.96167 5.07
0 9.95172 5.075
0 9.94177 5.08
0 9.9318 5.085
0 9.92182 5.09
0 9.91184 5.095
0 9.90184 5.1
0 9.89183 5.105
0 9.88182 5.11
0 9.87179 5.115
0 9.86176 5.12
0 9.85171 5.125
0 9.84166 5.13
0 9.83159 5.135
0 9.82152 5.14
0 9.81143 5.145
0 9.80134 5.15
0 9.79123 5.155
0 9.78112 5.16
0 9.771 5.165
0 9.76086 5.17
0 9.75072 5.175
0 9.74056 5.18
0 9.7304 5.185
0 9.72023 5.19
0 9.71005 5.195
0 9.69985 5.2
0 9.68965 5.205
0 9.67944 5.21
0 9.66922 5.215
0 9.65898 5.22
0 9.64874 5.225
0 9.63849 5.23
0 9.62823 5.235
0 9.61796 5.24
0 9.60768 5.245
0 9.59739 5.25
0 9.58709 5.255
0 9.57678 5.26
0 9.56646 5.265
0 9.55613 5.27
0 9.54579 5.275
0 9.53544 5.28
0 9.52508 5.285
0 9.51471 5.29
0 9.50433 5.295
0 9.49394 5.3
0 9.48354 5.305
0 9.47313 5.31
0 9.46272 5.315
0 9.45229 5.32
0 9.44185 5.325
0 9.4314 5.33
0 9.42095 5.335
0 9.41048 5.34
0 9.4 5.345
0 9.38951 5.35
0 9.37902 5.355
0 9.36851 5.36
0 9.35799 5.365
0 9.34747 5.37
0 9.33693 5.375
0 9.32639 5.38
0 9.31583 5.385
0 9.30527 5.39
0 9.29469 5.395
0 9.28411 5.4
0 9.27351 5.405
0 9.26291 5.41
0 9.25229 5.415
0 9.24167 5.42
0 9.23103 5.425
0 9.22039 5.43
0 9.20974 5.435
0 9.19907 5.44
0 9.1884 5.445
0 9.17772 5.45
0 9.16702 5.455
0 9.15632 5.46
0 9.14561 5.465
0 9.13489 5.47
0 9.12415 5.475
0 9.11341 5.48
0 9.10266 5.485
0 9.0919 5.49
0 9.08113 5.495
0 9.07035 5.5
0 9.05955 5.505
0 9.04875 5.51
0 9.03794 5.515
0 9.02712 5.52
0 9.01629 5.525
0 9.00545 5.53
0 8.9946 5.535
0 8.98374 5.54
0 8.97287 5.545
0 8.96199 5.55
0 8.9511 5.555
0 8.94021 5.56
0 8.9293 5.565
0 8.91838 5.57
0 8.90745 5.575
0 8.89651 5.58
0 8.88556 5.585
0 8.87461 5.59
0 8.86364 5.595
0 8.85266 5.6
0 8.84167 5.605
0 8.83068 5.61
0 8.81967 5.615
0 8.80865 5.62
0 8.79763 5.625
0 8.78659 5.63
0 8.77555 5.635
0 8.76449 5.64
0 8.75342 5.645
0 8.74235 5.65
0 8.73126 5.655
0 8.72017 5.66
0 8.70906 5.665
0 8.69795 5.67
0 8.68682 5.675
0 8.67569 5.68
0 8.66455 5.685
0 8.65339 5.69
0 8.64223 5.695
0 8.63105 5.7
0 8.61987 5.705
0 8.60868 5.71
0 8.59747 5.715
0 8.58626 5.72
0 8.57504 5.725
0 8.56381 5.73
0 8.55256 5.735
0 8.54131 5.74
0 8.53005 5.745
0 8.51878 5.75
0 8.5075 5.755
0 8.49621 5.76
0 8.4849 5.765
0 8.47359 5.77
0 8.46227 5.775
0 8.45094 5.78
0 8.4396 5.785
0 8.42825 5.79
0 8.41689 5.795
0 8.40552 5.8
0 8.39414 5.805
0 8.38275 5.81
0 8.37135 5.815
0 8.35994 5.82
0 8.34853 5.825
0 8.3371 5.83
0 8.32566 5.835
0 8.31421 5.84
0 8.30275 5.845
0 8.29128 5.85
0 8.27981 5.855
0 8.26832 5.86
0 8.25682 5.865
0 8.24531 5.87
0 8.2338 5.875
0 8.22227 5.88
0 8.21073 5.885
0 8.19919 5.89
0 8.18763 5.895
0 8.17607 5.9
0 8.16449 5.905
0 8.1529 5.91
0 8.14131 5.915
0 8.1297 5.92
0 8.11809 5.925
0 8.10646 5.93
0 8.09483 5.935
0 8.08318 5.94
0 8.07153 5.945
0 8.05987 5.95
0 8.04819 5.955
0 8.03651 5.96
0 8.02482 5.965
0 8.01311 5.97
0 8.0014 5.975
0 7.98968 5.98
0 7.97794 5.985
0 7.9662 5.99
0 7.95445 5.995
0 7.94269 6
0 7.93091 6.005
0 7.91913 6.01
0 7.90734 6.015
0 7.89554 6.02
0 7.88373 6.025
0 7.87191 6.03
0 7.86008 6.035
0 7.84824 6.04
0 7.83638 6.045
0 7.82452 6.05
0 7.81265 6.055
0 7.80077 6.06
0 7.78888 6.065
0 7.77699 6.07
0 7.76508 6.075
0 7.75316 6.08
0 7.74123 6.085
0 7.72929 6.09
0 7.71734 6.095
0 7.70538 6.1
0 7.69341 6.105
0 7.68144 6.11
0 7.66945 6.115
0 7.65745 6.12
0 7.64544 6.125
0 7.63343 6.13
0 7.6214 6.135
0 7.60936 6.14
0 7.59732 6.145
0 7.58526 6.15
0 7.57319 6.155
0 7.56112 6.16
0 7.54903 6.165
0 7.53693 6.17
0 7.52483 6.175
0 7.51271 6.18
0 7.50059 6.185
0 7.48845 6.19
0 7.47631 6.195
0 7.46415 6.2
0 7.45199 6.205
0 7.43982 6.21
0 7.42763 6.215
0 7.41544 6.22
0 7.40323 6.225
0 7.39102 6.23
0 7.3788 6.235
0 7.36656 6.24
0 7.35432 6.245
0 7.34207 6.25
0 7.32981 6.255
0 7.31753 6.26
0 7.30525 6.265
0 7.29296 6.27
0 7.28066 6.275
0 7.26835 6.28
0 7.25603 6.285
0 7.24369 6.29
0 7.23135 6.295
0 7.219 6.3
0 7.20664 6.305
0 7.19427 6.31
0 7.18189 6.315
0 7.1695 6.32
0 7.1571 6.325
0 7.14469 6.33
0 7.13227 6.335
0 7.11984 6.34
0 7.1074 6.345
0 7.09495 6.35
0 7.0825 6.355
0 7.07003 6.36
0 7.05755 6.365
0 7.04506 6.37
0 7.03256 6.375
0 7.02006 6.38
0 7.00754 6.385
0 6.99501 6.39
0 6.98247 6.395
0 6.96993 6.4
0 6.95737 6.405
0 6.9448 6.41
0 6.93223 6.415
0 6.91964 6.42
0 6.90704 6.425
0 6.89444 6.43
0 6.88182 6.435
0 6.8692 6.44
0 6.85656 6.445
0 6.84392 6.45
0 6.83126 6.455
0 6.8186 6.46
0 6.80592 6.465
0 6.79324 6.47
0 6.78054 6.475
0 6.76784 6.48
0 6.75513 6.485
0 6.7424 6.49
0 6.72967 6.495
0 6.71693 6.5
0 6.70417 6.505
0 6.69141 6.51
0 6.67864 6.515
0 6.66586 6.52
0 6.65306 6.525
0 6.64026 6.53
0 6.62745 6.535
0 6.61463 6.54
0 6.6018 6.545
0 6.58896 6.55
0 6.5761 6.555
0 6.56324 6.56
0 6.55037 6.565
0 6.53749 6.57
0 6.5246 6.575
0 6.5117 6.58
0 6.49879 6.585
0 6.48587 6.59
0 6.47294 6.595
0 6.46 6.6
0 6.44705 6.605
0 6.43409 6.61
0 6.42113 6.615
0 6.40815 6.62
0 6.39516 6.625
0 6.38216 6.63
0 6.36915 6.635
0 6.35613 6.64
0 6.34311 6.645
0 6.33007 6.65
0 6.31702 6.655
0 6.30396 6.66
0 6.2909 6.665
0 6.27782 6.67
0 6.26473 6.675
0 6.25164 6.68
0 6.23853 6.685
0 6.22542 6.69
0 6.21229 6.695
0 6.19915 6.7
0 6.18601 6.705
0 6.17285 6.71
0 6.15969 6.715
0 6.14651 6.72
0 6.13333 6.725
0 6.12014 6.73
0 6.10693 6.735
0 6.09372 6.74
0 6.08049 6.745
0 6.06726 6.75
0 6.05402 6.755
0 6.04076 6.76
0 6.0275 6.765
0 6.01423 6.77
0 6.00094 6.775
0 5.98765 6.78
0 5.97435 6.785
0 5.96104 6.79
0 5.94771 6.795
0 5.93438 6.8
0 5.92104 6.805
0 5.90769 6.81
0 5.89433 6.815
0 5.88096 6.82
0 5.86758 6.825
0 5.85419 6.83
0 5.84079 6.835
0 5.82738 6.84
0 5.81396 6.845
0 5.80053 6.85
0 5.78709 6.855
0 5.77364 6.86
0 5.76018 6.865
0 5.74671 6.87
0 5.73323 6.875
0 5.71974 6.88
0 5.70624 6.885
0 5.69273 6.89
0 5.67921 6.895
0 5.66569 6.9
0 5.65215 6.905
0 5.6386 6.91
0 5.62504 6.915
0 5.61148 6.92
0 5.5979 6.925
0 5.58431 6.93
0 5.57072 6.935
0 5.55711 6.94
0 5.54349 6.945
0 5.52987 6.95
0 5.51623 6.955
0 5.50259 6.96
0 5.48893 6.965
0 5.47526 6.97
0 5.46159 6.975
0 5.4479 6.98
0 5.43421 6.985
0 5.42051 6.99
0 5.40679 6.995
0 5.39307 7
0 5.37933 7.005
0 5.36559 7.01
0 5.35184 7.015
0 5.33807 7.02
0 5.3243 7.025
0 5.31052 7.03
0 5.29672 7.035
0 5.28292 7.04
0 5.26911 7.045
0 5.25529 7.05
0 5.24145 7.055
0 5.22761 7.06
0 5.21376 7.065
0 5.1999 7.07
0 5.18603 7.075
0 5.17215 7.08
0 5.15825 7.085
0 5.14435 7.09
0 5.13044 7.095
0 5.11652 7.1
0 5.10259 7.105
0 5.08865 7.11
0 5.0747 7.115
0 5.06074 7.12
0 5.04677 7.125
0 5.03279 7.13
0 5.01881 7.135
0 5.00481 7.14
0 4.9908 7.145
0 4.97678 7.15
0 4.96275 7.155
0 4.94871 7.16
0 4.93467 7.165
0 4.92061 7.17
0 4.90654 7.175
0 4.89246 7.18
0 4.87838 7.185
0 4.86428 7.19
0 4.85017 7.195
0 4.83606 7.2
0 4.82193 7.205
0 4.80779 7.21
0 4.79365 7.215
0 4.77949 7.22
0 4.76533 7.225
0 4.75115 7.23
0 4.73696 7.235
0 4.72277 7.24
0 4.70856 7.245
0 4.69435 7.25
0 4.68013 7.255
0 4.66589 7.26
0 4.65165 7.265
0 4.63739 7.27
0 4.62313 7.275
0 4.60886 7.28
0 4.59457 7.285
0 4.58028 7.29
0 4.56598 7.295
0 4.55166 7.3
0 4.53734 7.305
0 4.52301 7.31
0 4.50867 7.315
0 4.49431 7.32
0 4.47995 7.325
0 4.46558 7.33
0 4.4512 7.335
0 4.43681 7.34
0 4.42241 7.345
0 4.408 7.35
0 4.39358 7.355
0 4.37914 7.36
0 4.3647 7.365
0 4.35025 7.37
0 4.33579 7.375
0 4.32132 7.38
0 4.30684 7.385
0 4.29236 7.39
0 4.27786 7.395
0 4.26335 7.4
0 4.24883 7.405
0 4.2343 7.41
0 4.21976 7.415
0 4.20521 7.42
0 4.19066 7.425
0 4.17609 7.43
0 4.16151 7.435
0 4.14692 7.44
0 4.13233 7.445
0 4.11772 7.45
0 4.1031 7.455
0 4.08847 7.46
0 4.07384 7.465
0 4.05919 7.47
0 4.04454 7.475
0 4.02987 7.48
0 4.01519 7.485
0 4.00051 7.49
0 3.98581 7.495
0 3.97111 7.5
0 3.95639 7.505
0 3.94167 7.51
0 3.92693 7.515
0 3.91219 7.52
0 3.89743 7.525
0 3.88267 7.53
0 3.8679 7.535
0 3.85311 7.54
0 3.83832 7.545
0 3.82352 7.55
0 3.8087 7.555
0 3.79388 7.56
0 3.77905 7.565
0 3.7642 7.57
0 3.74935 7.575
0 3.73449 7.58
0 3.71962 7.585
0 3.70474 7.59
0 3.68984 7.595
0 3.67494 7.6
0 3.66003 7.605
0 3.64511 7.61
0 3.63018 7.615
0 3.61524 7.62
0 3.60029 7.625
0 3.58533 7.63
0 3.57036 7.635
0 3.55538 7.64
0 3.54039 7.645
0 3.52539 7.65
0 3.51038 7.655
0 3.49536 7.66
0 3.48033 7.665
0 3.46529 7.67
0 3.45025 7.675
0 3.43519 7.68
0 3.42012 7.685
0 3.40504 7.69
0 3.38995 7.695
0 3.37486 7.7
0 3.35975 7.705
0 3.34463 7.71
0 3.3295 7.715
0 3.31437 7.72
0 3.29922 7.725
0 3.28406 7.73
0 3.2689 7.735
0 3.25372 7.74
0 3.23854 7.745
0 3.22334 7.75
0 3.20813 7.755
0 3.19292 7.76
0 3.17769 7.765
0 3.16246 7.77
0 3.14721 7.775
0 3.13196 7.78
0 3.1167 7.785
0 3.10142 7.79
0 3.08614 7.795
0 3.07084 7.8
0 3.05554 7.805
0 3.04023 7.81
0 3.0249 7.815
0 3.00957 7.82
0 2.99423 7.825
0 2.97888 7.83
0 2.96351 7.835
0 2.94814 7.84
0 2.93276 7.845
0 2.91737 7.85
0 2.90196 7.855
0 2.88655 7.86
0 2.87113 7.865
0 2.8557 7.87
0 2.84026 7.875
0 2.82481 7.88
0 2.80935 7.885
0 2.79388 7.89
0 2.7784 7.895
0 2.76291 7.9
0 2.74741 7.905
0 2.7319 7.91
0 2.71638 7.915
0 2.70085 7.92
0 2.68531 7.925
0 2.66976 7.93
0 2.6542 7.935
0 2.63863 7.94
0 2.62306 7.945
0 2.60747 7.95
0 2.59187 7.955
0 2.57626 7.96
0 2.56065 7.965
0 2.54502 7.97
0 2.52938 7.975
0 2.51373 7.98
0 2.49808 7.985
0 2.48241 7.99
0 2.46673 7.995
0 2.45105 8
0 2.43535 8.005
0 2.41965 8.01
0 2.40393 8.015
0 2.38821 8.02
0 2.37247 8.025
0 2.35672 8.03
0 2.34097 8.035
0 2.32521 8.04
0 2.30943 8.045
0 2.29365 8.05
0 2.27785 8.055
0 2.26205 8.06
0 2.24623 8.065
0 2.23041 8.07
0 2.21458 8.075
0 2.19873 8.08
0 2.18288 8.085
0 2.16702 8.09
0 2.15115 8.095
0 2.13526 8.1
0 2.11937 8.105
0 2.10347 8.11
0 2.08756 8.115
0 2.07164 8.12
0 2.05571 8.125
0 2.03976 8.13
0 2.02381 8.135
0 2.00785 8.14
0 1.99188 8.145
0 1.9759 8.15
0 1.95991 8.155
0 1.94391 8.16
0 1.9279 8.165
0 1.91188 8.17
0 1.89585 8.175
0 1.87981 8.18
0 1.86376 8.185
0 1.8477 8.19
0 1.83163 8.195
0 1.81556 8.2
0 1.79947 8.205
0 1.78337 8.21
0 1.76726 8.215
0 1.75114 8.22
0 1.73502 8.225
0 1.71888 8.23
0 1.70273 8.235
0 1.68657 8.24
0 1.67041 8.245
0 1.65423 8.25
0 1.63804 8.255
0 1.62185 8.26
0 1.60564 8.265
0 1.58943 8.27
0 1.5732 8.275
0 1.55696 8.28
0 1.54072 8.285
0 1.52446 8.29
0 1.5082 8.295
0 1.49192 8.3
0 1.47564 8.305
0 1.45935 8.31
0 1.44304 8.315
0 1.42673 8.32
0 1.4104 8.325
0 1.39407 8.33
0 1.37773 8.335
0 1.36137 8.34
0 1.34501 8.345
0 1.32864 8.35
0 1.31225 8.355
0 1.29586 8.36
0 1.27946 8.365
0 1.26305 8.37
0 1.24663 8.375
0 1.23019 8.38
0 1.21375 8.385
0 1.1973 8.39
0 1.18084 8.395
0 1.16437 8.4
0 1.14789 8.405
0 1.1314 8.41
0 1.1149 8.415
0 1.09839 8.42
0 1.08187 8.425
0 1.06534 8.43
0 1.0488 8.435
0 1.03225 8.44
0 1.01569 8.445
0 0.999119 8.45
0 0.98254 8.455
0 0.965951 8.46
0 0.949353 8.465
0 0.932744 8.47
0 0.916126 8.475
0 0.899498 8.48
0 0.882861 8.485
0 0.866213 8.49
0 0.849556 8.495
0 0.832889 8.5
0 0.816212 8.505
0 0.799525 8.51
0 0.782828 8.515
0 0.766122 8.52
0 0.749405 8.525
0 0.732679 8.53
0 0.715943 8.535
0 0.699198 8.54
0 0.682442 8.545
0 0.665677 8.55
0 0.648902 8.555
0 0.632117 8.56
0 0.615322 8.565
0 0.598518 8.57
0 0.581703 8.575
0 0.564879 8.58
0 0.548045 8.585
0 0.531202 8.59
0 0.514348 8.595
0 0.497485 8.6
0 0.480611 8.605
0 0.463728 8.61
0 0.446836 8.615
0 0.429933 8.62
0 0.413021 8.625
0 0.396098 8.63
0 0.379166 8.635
0 0.362224 8.64
0 0.345273 8.645
0 0.328311 8.65
0 0.31134 8.655
0 0.294359 8.66
0 0.277368 8.665
0 0.260367 8.67
0 0.243357 8.675
0 0.226336 8.68
0 0.209306 8.685
0 0.192266 8.69
0 0.175216 8.695
0 0.158157 8.7
0 0.141087 8.705
0 0.124008 8.71
0 0.106919 8.715
0 0.0898202 8.72
0 0.0727116 8.725
0 0.0555932 8.73
0 0.0384649 8.735
0 0.0213268 8.74
0 0.00417894 8.745
0 -0.0129787 8.75
0 -0.0301462 8.755
0 -0.0473236 8.76
0 -0.0645107 8.765
0 -0.0817076 8.77
0 -0.0989143 8.775
0 -0.116131 8.78
0 -0.133357 8.785
0 -0.150593 8.79
0 -0.167839 8.795
0 -0.185095 8.8
0 -0.202361 8.805
0 -0.219636 8.81
0 -0.236921 8.815
0 -0.254216 8.82
0 -0.271521 8.825
0 -0.288836 8.83
0 -0.30616 8.835
0 -0.323495 8.84
0 -0.340839 8.845
0 -0.358193 8.85
0 -0.375556 8.855
0 -0.39293 8.86
0 -0.410313 8.865
0 -0.427706 8.87
0 -0.445109 8.875
0 -0.462522 8.88
0 -0.479945 8.885
0 -0.497377 8.89
0 -0.514819 8.895
0 -0.532271 8.9
0 -0.549733 8.905
0 -0.567205 8.91
0 -0.584686 8.915
0 -0.602177 8.92
0 -0.619678 8.925
0 -0.637189 8.93
0 -0.65471 8.935
0 -0.67224 8.94
0 -0.68978 8.945
0 -0.707331 8.95
0 -0.72489 8.955
0 -0.74246 8.96
0 -0.76004 8.965
0 -0.777629 8.97
0 -0.795228 8.975
0 -0.812837 8.98
0 -0.830456 8.985
0 -0.848084 8.99
0 -0.865723 8.995
0 -0.883371 9
0 -0.901029 9.005
0 -0.918697 9.01
0 -0.936374 9.015
0 -0.954062 9.02
0 -0.971759 9.025
0 -0.989466 9.03
0 -1.00718 9.035
0 -1.02491 9.04
0 -1.04265 9.045
0 -1.06039 9.05
0 -1.07815 9.055
0 -1.09591 9.06
0 -1.11369 9.065
0 -1.13148 9.07
0 -1.14927 9.075
0 -1.16708 9.08
0 -1.18489 9.085
0 -1.20272 9.09
0 -1.22055 9.095
0 -1.23839 9.1
0 -1.25625 9.105
0 -1.27411 9.11
0 -1.29199 9.115
0 -1.30987 9.12
0 -1.32776 9.125
0 -1.34567 9.13
0 -1.36358 9.135
0 -1.3815 9.14
0 -1.39944 9.145
0 -1.41738 9.15
0 -1.43533 9.155
0 -1.45329 9.16
0 -1.47126 9.165
0 -1.48925 9.17
0 -1.50724 9.175
0 -1.52524 9.18
0 -1.54325 9.185
0 -1.56127 9.19
0 -1.5793 9.195
0 -1.59734 9.2
0 -1.61539 9.205
0 -1.63345 9.21
0 -1.65152 9.215
0 -1.6696 9.22
0 -1.68769 9.225
0 -1.70579 9.23
0 -1.7239 9.235
0 -1.74202 9.24
0 -1.76015 9.245
0 -1.77829 9.25
0 -1.79644 9.255
0 -1.8146 9.26
0 -1.83276 9.265
0 -1.85094 9.27
0 -1.86913 9.275
0 -1.88733 9.28
0 -1.90553 9.285
0 -1.92375 9.29
0 -1.94198 9.295
0 -1.96021 9.3
0 -1.97846 9.305
0 -1.99672 9.31
0 -2.01498 9.315
0 -2.03326 9.32
0 -2.05155 9.325
0 -2.06984 9.33
0 -2.08815 9.335
0 -2.10646 9.34
0 -2.12479 9.345
0 -2.14312 9.35
0 -2.16147 9.355
0 -2.17982 9.36
0 -2.19819 9.365
0 -2.21656 9.37
0 -2.23494 9.375
0 -2.25334 9.38
0 -2.27174 9.385
0 -2.29015 9.39
0 -2.30858 9.395
0 -2.32701 9.4
0 -2.34545 9.405
0 -2.36391 9.41
0 -2.38237 9.415
0 -2.40084 9.42
0 -2.41932 9.425
0 -2.43781 9.43
0 -2.45632 9.435
0 -2.47483 9.44
0 -2.49335 9.445
0 -2.51188 9.45
0 -2.53042 9.455
0 -2.54897 9.46
0 -2.56753 9.465
0 -2.5861 9.47
0 -2.60468 9.475
0 -2.62327 9.48
0 -2.64187 9.485
0 -2.66048 9.49
0 -2.6791 9.495
0 -2.69773 9.5
0 -2.71637 9.505
0 -2.73502 9.51
0 -2.75368 9.515
0 -2.77235 9.52
0 -2.79102 9.525
0 -2.80971 9.53
0 -2.82841 9.535
0 -2.84712 9.54
0 -2.86583 9.545
0 -2.88456 9.55
0 -2.9033 9.555
0 -2.92205 9.56
0 -2.9408 9.565
0 -2.95957 9.57
0 -2.97835 9.575
0 -2.99713 9.58
0 -3.01593 9.585
0 -3.03473 9.59
0 -3.05355 9.595
0 -3.07237 9.6
0 -3.09121 9.605
0 -3.11005 9.61
0 -3.12891 9.615
0 -3.14777 9.62
0 -3.16665 9.625
0 -3.18553 9.63
0 -3.20443 9.635
0 -3.22333 9.64
0 -3.24224 9.645
0 -3.26117 9.65
0 -3.2801 9.655
0 -3.29904 9.66
0 -3.318 9.665
0 -3.33696 9.67
0 -3.35593 9.675
0 -3.37491 9.68
0 -3.39391 9.685
0 -3.41291 9.69
0 -3.43192 9.695
0 -3.45094 9.7
0 -3.46997 9.705
0 -3.48901 9.71
0 -3.50807 9.715
0 -3.52713 9.72
0 -3.5462 9.725
0 -3.56528 9.73
0 -3.58437 9.735
0 -3.60347 9.74
0 -3.62258 9.745
0 -3.6417 9.75
0 -3.66083 9.755
0 -3.67997 9.76
0 -3.69912 9.765
0 -3.71827 9.77
0 -3.73744 9.775
0 -3.75662 9.78
0 -3.77581 9.785
0 -3.79501 9.79
0 -3.81422 9.795
0 -3.83343 9.8
0 -3.85266 9.805
0 -3.8719 9.81
0 -3.89115 9.815
0 -3.9104 9.82
0 -3.92967 9.825
0 -3.94895 9.83
0 -3.96823 9.835
0 -3.98753 9.84
0 -4.00684 9.845
0 -4.02615 9.85
0 -4.04548 9.855
0 -4.06481 9.86
0 -4.08416 9.865
0 -4.10351 9.87
0 -4.12288 9.875
0 -4.14225 9.88
0 -4.16164 9.885
0 -4.18103 9.89
0 -4.20044 9.895
0 -4.21985 9.9
0 -4.23927 9.905
0 -4.25871 9.91
0 -4.27815 9.915
0 -4.2976 9.92
0 -4.31707 9.925
0 -4.33654 9.93
0 -4.35602 9.935
0 -4.37552 9.94
0 -4.39502 9.945
0 -4.41453 9.95
0 -4.43405 9.955
0 -4.45358 9.96
0 -4.47312 9.965
0 -4.49268 9.97
0 -4.51224 9.975
0 -4.53181 9.98
0 -4.55139 9.985
0 -4.57098 9.99
0 -4.59058 9.995
0 -4.61019 10
0 -4.62981 10.005
0 -4.64944 10.01
0 -4.66908 10.015
0 -4.68873 10.02
0 -4.70839 10.025
0 -4.72806 10.03
0 -4.74774 10.035
0 -4.76742 10.04
0 -4.78712 10.045
0 -4.80683 10.05
0 -4.82655 10.055
0 -4.84628 10.06
0 -4.86602 10.065
0 -4.88576 10.07
0 -4.90552 10.075
0 -4.92529 10.08
0 -4.94506 10.085
0 -4.96485 10.09
0 -4.98465 10.095
0 -5.00445 10.1
0 -5.02427 10.105
0 -5.0441 10.11
0 -5.06393 10.115
0 -5.08378 10.12
0 -5.10363 10.125
0 -5.1235 10.13
0 -5.14337 10.135
0 -5.16326 10.14
0 -5.18315 10.145
0 -5.20306 10.15
0 -5.22297 10.155
0 -5.2429 10.16
0 -5.26283 10.165
0 -5.28277 10.17
0 -5.30273 10.175
0 -5.32269 10.18
0 -5.34266 10.185
0 -5.36265 10.19
0 -5.38264 10.195
0 -5.40264 10.2
0 -5.42265 10.205
0 -5.44268 10.21
0 -5.46271 10.215
0 -5.48275 10.22
0 -5.5028 10.225
0 -5.52286 10.23
0 -5.54293 10.235
0 -5.56302 10.24
0 -5.58311 10.245
0 -5.60321 10.25
0 -5.62332 10.255
0 -5.64344 10.26
0 -5.66357 10.265
0 -5.68371 10.27
0 -5.70386 10.275
0 -5.72402 10.28
0 -5.74419 10.285
0 -5.76437 10.29
0 -5.78455 10.295
0 -5.80475 10.3
0 -5.82496 10.305
0 -5.84518 10.31
0 -5.86541 10.315
0 -5.88565 10.32
0 -5.90589 10.325
0 -5.92615 10.33
0 -5.94642 10.335
0 -5.9667 10.34
0 -5.98698 10.345
0 -6.00728 10.35
0 -6.02759 10.355
0 -6.0479 10.36
0 -6.06823 10.365
0 -6.08857 10.37
0 -6.10891 10.375
0 -6.12927 10.38
0 -6.14963 10.385
0 -6.17001 10.39
0 -6.19039 10.395
0 -6.21079 10.4
0 -6.23119 10.405
0 -6.25161 10.41
0 -6.27203 10.415
0 -6.29247 10.42
0 -6.31291 10.425
0 -6.33337 10.43
0 -6.35383 10.435
0 -6.3743 10.44
0 -6.39479 10.445
0 -6.41528 10.45
0 -6.43578 10.455
0 -6.45629 10.46
0 -6.47682 10.465
0 -6.49735 10.47
0 -6.51789 10.475
0 -6.53844 10.48
0 -6.55901 10.485
0 -6.57958 10.49
0 -6.60016 10.495
0 -6.62075 10.5
0 -6.64135 10.505
0 -6.66196 10.51
0 -6.68258 10.515
0 -6.70321 10.52
0 -6.72385 10.525
0 -6.7445 10.53
0 -6.76516 10.535
0 -6.78583 10.54
0 -6.80651 10.545
0 -6.8272 10.55
0 -6.8479 10.555
0 -6.86861 10.56
0 -6.88933 10.565
0 -6.91006 10.57
0 -6.93079 10.575
0 -6.95154 10.58
0 -6.9723 10.585
0 -6.99307 10.59
0 -7.01385 10.595
0 -7.03463 10.6
0 -7.05543 10.605
0 -7.07624 10.61
0 -7.09705 10.615
0 -7.11788 10.62
0 -7.13872 10.625
0 -7.15956 10.63
0 -7.18042 10.635
0 -7.20129 10.64
0 -7.22216 10.645
0 -7.24305 10.65
0 -7.26394 10.655
0 -7.28485 10.66
0 -7.30576 10.665
0 -7.32669 10.67
0 -7.34762 10.675
0 -7.36857 10.68
0 -7.38952 10.685
0 -7.41048 10.69
0 -7.43146 10.695
0 -7.45244 10.7
0 -7.47343 10.705
0 -7.49444 10.71
0 -7.51545 10.715
0 -7.53647 10.72
0 -7.55751 10.725
0 -7.57855 10.73
0 -7.5996 10.735
0 -7.62066 10.74
0 -7.64174 10.745
0 -7.66282 10.75
0 -7.68391 10.755
0 -7.70501 10.76
0 -7.72612 10.765
0 -7.74724 10.77
0 -7.76837 10.775
0 -7.78951 10.78
0 -7.81066 10.785
0 -7.83182 10.79
0 -7.85299 10.795
0 -7.87417 10.8
0 -7.89536 10.805
0 -7.91656 10.81
0 -7.93777 10.815
0 -7.95899 10.82
0 -7.98022 10.825
0 -8.00146 10.83
0 -8.02271 10.835
0 -8.04396 10.84
0 -8.06523 10.845
0 -8.08651 10.85
0 -8.1078 10.855
0 -8.1291 10.86
0 -8.1504 10.865
0 -8.17172 10.87
0 -8.19305 10.875
0 -8.21438 10.88
0 -8.23573 10.885
0 -8.25709 10.89
0 -8.27845 10.895
0 -8.29983 10.9
0 -8.32121 10.905
0 -8.34261 10.91
0 -8.36402 10.915
0 -8.38543 10.92
0 -8.40686 10.925
0 -8.42829 10.93
0 -8.44974 10.935
0 -8.47119 10.94
0 -8.49265 10.945
0 -8.51413 10.95
0 -8.53561 10.955
0 -8.55711 10.96
0 -8.57861 10.965
0 -8.60012 10.97
0 -8.62165 10.975
0 -8.64318 10.98
0 -8.66472 10.985
0 -8.68627 10.99
0 -8.70784 10.995
0 -8.72941 11
0 -8.75099 11.005
0 -8.77258 11.01
0 -8.79418 11.015
0 -8.8158 11.02
0 -8.83742 11.025
0 -8.85905 11.03
0 -8.88069 11.035
0 -8.90234 11.04
0 -8.924 11.045
0 -8.94567 11.05
0 -8.96735 11.055
0 -8.98904 11.06
0 -9.01074 11.065
0 -9.03245 11.07
0 -9.05417 11.075
0 -9.0759 11.08
0 -9.09764 11.085
0 -9.11939 11.09
0 -9.14114 11.095
0 -9.16291 11.1
0 -9.18469 11.105
0 -9.20648 11.11
0 -9.22828 11.115
0 -9.25008 11.12
0 -9.2719 11.125
0 -9.29373 11.13
0 -9.31557 11.135
0 -9.33741 11.14
0 -9.35927 11.145
0 -9.38114 11.15
0 -9.40301 11.155
0 -9.4249 11.16
0 -9.44679 11.165
0 -9.4687 11.17
0 -9.49062 11.175
-2.13462e-18 -9.49985 11.1782
-5.86647e-18 -9.49959 11.1801
-9.59832e-18 -9.49934 11.1819
-1.33302e-17 -9.49911 11.1838
-1.7062e-17 -9.49888 11.1857
-2.07939e-17 -9.49866 11.1875
-2.45257e-17 -9.49845 11.1894
-2.82576e-17 -9.49825 11.1912
-3.19894e-17 -9.49806 11.1931
-3.57213e-17 -9.49788 11.195
-3.94531e-17 -9.49771 11.1968
-4.3185e-17 -9.49755 11.1987
-4.69168e-17 -9.49741 11.2005
-5.06487e-17 -9.49727 11.2024
-5.43805e-17 -9.49714 11.2043
-5.81124e-17 -9.49701 11.2061
-6.18442e-17 -9.4969 11.208
-6.55761e-17 -9.4968 11.2098
-6.93079e-17 -9.49671 11.2117
-7.30398e-17 -9.49663 11.2136
-7.67716e-17 -9.49656 11.2154
-8.05035e-17 -9.4965 11.2173
-8.42353e-17 -9.49645 11.2192
-8.79672e-17 -9.49641 11.221
-9.1699e-17 -9.49637 11.2229
-9.54309e-17 -9.49635 11.2247
-9.91627e-17 -9.49634 11.2266
-1.02895e-16 -9.49634 11.2285
-1.06626e-16 -9.49634 11.2303
-1.10358e-16 -9.49636 11.2322
-1.1409e-16 -9.49639 11.234
-1.17822e-16 -9.49642 11.2359
-1.21554e-16 -9.49647 11.2378
-1.25286e-16 -9.49653 11.2396
-1.29018e-16 -9.49659 11.2415
-1.32749e-16 -9.49667 11.2434
-1.36481e-16 -9.49675 11.2452
-1.40213e-16 -9.49685 11.2471
-1.43945e-16 -9.49696 11.2489
-1.47677e-16 -9.49707 11.2508
-1.51409e-16 -9.4972 11.2527
-1.55141e-16 -9.49733 11.2545
-1.58872e-16 -9.49747 11.2564
-1.62604e-16 -9.49763 11.2582
-1.66336e-16 -9.49779 11.2601
-1.70068e-16 -9.49797 11.262
-1.738e-16 -9.49815 11.2638
-1.77532e-16 -9.49834 11.2657
-1.81263e-16 -9.49855 11.2676
-1.84995e-16 -9.49876 11.2694
-1.88727e-16 -9.49898 11.2713
-1.92459e-16 -9.49922 11.2731
-1.96191e-16 -9.49946 11.275
-1.99923e-16 -9.49971 11.2769
-2.03655e-16 -9.49997 11.2787
-2.04113e-16 -9.49977 11.2805
-2.0424e-16 -9.49953 11.2823
-2.04367e-16 -9.49929 11.2841
-2.04495e-16 -9.49907 11.2859
-2.04622e-16 -9.49885 11.2877
-2.04749e-16 -9.49865 11.2895
-2.04876e-16 -9.49845 11.2912
-2.05004e-16 -9.49827 11.293
-2.05131e-16 -9.49809 11.2948
-2.05258e-16 -9.49793 11.2966
-2.05385e-16 -9.49777 11.2984
-2.05512e-16 -9.49763 11.3002
-2.0564e-16 -9.49749 11.302
-2.05767e-16 -9.49737 11.3038
-2.05894e-16 -9.49725 11.3055
-2.06021e-16 -9.49714 11.3073
-2.06149e-16 -9.49705 11.3091
-2.06276e-16 -9.49696 11.3109
-2.06403e-16 -9.49688 11.3127
-2.0653e-16 -9.49682 11.3145
-2.06657e-16 -9.49676 11.3163
-2.06785e-16 -9.49671 11.318
-2.06912e-16 -9.49667 11.3198
-2.07039e-16 -9.49664 11.3216
-2.07166e-16 -9.49663 11.3234
-2.07294e-16 -9.49662 11.3252
-2.07421e-16 -9.49662 11.327
-2.07548e-16 -9.49663 11.3288
-2.07675e-16 -9.49665 11.3306
-2.07802e-16 -9.49668 11.3323
-2.0793e-16 -9.49672 11.3341
-2.08057e-16 -9.49677 11.3359
-2.08184e-16 -9.49683 11.3377
-2.08311e-16 -9.4969 11.3395
-2.08439e-16 -9.49698 11.3413
-2.08566e-16 -9.49707 11.3431
-2.08693e-16 -9.49717 11.3449
-2.0882e-16 -9.49728 11.3466
-2.08947e-16 -9.4974 11.3484
-2.09075e-16 -9.49753 11.3502
-2.09202e-16 -9.49767 11.352
-2.09329e-16 -9.49782 11.3538
-2.09456e-16 -9.49798 11.3556
-2.09584e-16 -9.49814 11.3574
-2.09711e-16 -9.49832 11.3592
-2.09838e-16 -9.49851 11.3609
-2.09965e-16 -9.49871 11.3627
-2.10092e-16 -9.49892 11.3645
-2.1022e-16 -9.49913 11.3663
-2.10347e-16 -9.49936 11.3681
-2.10474e-16 -9.4996 11.3699
-2.10601e-16 -9.49984 11.3717
-2.10733e-16 -9.49991 11.3734
-2.1087e-16 -9.49967 11.3751
-2.11008e-16 -9.49944 11.3769
-2.11146e-16 -9.49922 11.3786
-2.11284e-16 -9.49901 11.3803
-2.11422e-16 -9.49881 11.382
-2.1156e-16 -9.49862 11.3837
-2.11697e-16 -9.49844 11.3854
-2.11835e-16 -9.49827 11.3871
-2.11973e-16 -9.49811 11.3889
-2.12111e-16 -9.49796 11.3906
-2.12249e-16 -9.49782 11.3923
-2.12387e-16 -9.49769 11.394
-2.12524e-16 -9.49757 11.3957
-2.12662e-16 -9.49745 11.3974
-2.128e-16 -9.49735 11.3992
-2.12938e-16 -9.49726 11.4009
-2.13076e-16 -9.49718 11.4026
-2.13213e-16 -9.49711 11.4043
-2.13351e-16 -9.49705 11.406
-2.13489e-16 -9.49699 11.4077
-2.13627e-16 -9.49695 11.4094
-2.13765e-16 -9.49692 11.4112
-2.13903e-16 -9.49689 11.4129
-2.1404e-16 -9.49688 11.4146
-2.14178e-16 -9.49688 11.4163
-2.14316e-16 -9.49688 11.418
-2.14454e-16 -9.4969 11.4197
-2.14592e-16 -9.49693 11.4215
-2.1473e-16 -9.49696 11.4232
-2.14867e-16 -9.49701 11.4249
-2.15005e-16 -9.49706 11.4266
-2.15143e-16 -9.49713 11.4283
-2.15281e-16 -9.4972 11.43
-2.15419e-16 -9.49729 11.4318
-2.15556e-16 -9.49738 11.4335
-2.15694e-16 -9.49749 11.4352
-2.15832e-16 -9.4976 11.4369
-2.1597e-16 -9.49773 11.4386
-2.16108e-16 -9.49786 11.4403
-2.16246e-16 -9.498 11.442
-2.16383e-16 -9.49816 11.4438
-2.16521e-16 -9.49832 11.4455
-2.16659e-16 -9.49849 11.4472
-2.16797e-16 -9.49868 11.4489
-2.16935e-16 -9.49887 11.4506
-2.17073e-16 -9.49907 11.4523
-2.1721e-16 -9.49929 11.4541
-2.17348e-16 -9.49951 11.4558
-2.17486e-16 -9.49974 11.4575
-2.17624e-16 -9.49998 11.4592
-2.17647e-16 -9.49978 11.4609
-2.17661e-16 -9.49956 11.4625
-2.17675e-16 -9.49935 11.4642
-2.17689e-16 -9.49914 11.4658
-2.17704e-16 -9.49895 11.4674
-2.17718e-16 -9.49876 11.4691
-2.17732e-16 -9.49859 11.4707
-2.17746e-16 -9.49842 11.4724
-2.1776e-16 -9.49827 11.474
-2.17774e-16 -9.49812 11.4757
-2.17788e-16 -9.49799 11.4773
-2.17802e-16 -9.49786 11.479
-2.17817e-16 -9.49775 11.4806
-2.17831e-16 -9.49764 11.4823
-2.17845e-16 -9.49754 11.4839
-2.17859e-16 -9.49746 11.4856
-2.17873e-16 -9.49738 11.4872
-2.17887e-16 -9.49731 11.4889
-2.17901e-16 -9.49726 11.4905
-2.17916e-16 -9.49721 11.4921
-2.1793e-16 -9.49717 11.4938
-2.17944e-16 -9.49714 11.4954
-2.17958e-16 -9.49713 11.4971
-2.17972e-16 -9.49712 11.4987
-2.17986e-16 -9.49712 11.5004
-2.18e-16 -9.49713 11.502
-2.18014e-16 -9.49715 11.5037
-2.18029e-16 -9.49718 11.5053
-2.18043e-16 -9.49722 11.507
-2.18057e-16 -9.49728 11.5086
-2.18071e-16 -9.49734 11.5103
-2.18085e-16 -9.49741 11.5119
-2.18099e-16 -9.49749 11.5136
-2.18113e-16 -9.49758 11.5152
-2.18128e-16 -9.49768 11.5169
-2.18142e-16 -9.49779 11.5185
-2.18156e-16 -9.49791 11.5201
-2.1817e-16 -9.49804 11.5218
-2.18184e-16 -9.49817 11.5234
-2.18198e-16 -9.49832 11.5251
-2.18212e-16 -9.49848 11.5267
-2.18227e-16 -9.49865 11.5284
-2.18241e-16 -9.49883 11.53
-2.18255e-16 -9.49902 11.5317
-2.18269e-16 -9.49922 11.5333
-2.18283e-16 -9.49942 11.535
-2.18297e-16 -9.49964 11.5366
-2.18311e-16 -9.49987 11.5383
-2.1836e-16 -9.4999 11.5399
-2.18452e-16 -9.49968 11.5415
-2.18544e-16 -9.49947 11.543
-2.18636e-16 -9.49927 11.5446
-2.18728e-16 -9.49908 11.5462
-2.1882e-16 -9.4989 11.5478
-2.18911e-16 -9.49873 11.5494
-2.19003e-16 -9.49857 11.551
-2.19095e-16 -9.49842 11.5525
-2.19187e-16 -9.49828 11.5541
-2.19279e-16 -9.49815 11.5557
-2.19371e-16 -9.49803 11.5573
-2.19463e-16 -9.49792 11.5589
-2.19555e-16 -9.49782 11.5604
-2.19647e-16 -9.49772 11.562
-2.19738e-16 -9.49764 11.5636
-2.1983e-16 -9.49757 11.5652
-2.19922e-16 -9.49751 11.5668
-2.20014e-16 -9.49746 11.5683
-2.20106e-16 -9.49741 11.5699
-2.20198e-16 -9.49738 11.5715
-2.2029e-16 -9.49736 11.5731
-2.20382e-16 -9.49734 11.5747
-2.20473e-16 -9.49734 11.5763
-2.20565e-16 -9.49735 11.5778
-2.20657e-16 -9.49736 11.5794
-2.20749e-16 -9.49739 11.581
-2.20841e-16 -9.49742 11.5826
-2.20933e-16 -9.49747 11.5842
-2.21025e-16 -9.49753 11.5857
-2.21117e-16 -9.49759 11.5873
-2.21209e-16 -9.49767 11.5889
-2.213e-16 -9.49775 11.5905
-2.21392e-16 -9.49785 11.5921
-2.21484e-16 -9.49795 11.5936
-2.21576e-16 -9.49806 11.5952
-2.21668e-16 -9.49819 11.5968
-2.2176e-16 -9.49832 11.5984
-2.21852e-16 -9.49847 11.6
-2.21944e-16 -9.49862 11.6015
-2.22035e-16 -9.49878 11.6031
-2.22127e-16 -9.49896 11.6047
-2.22219e-16 -9.49914 11.6063
-2.22311e-16 -9.49933 11.6079
-2.22403e-16 -9.49953 11.6095
-2.22495e-16 -9.49975 11.611
-2.22587e-16 -9.49997 11.6126
-2.22555e-16 -9.49981 11.6141
-2.22503e-16 -9.49961 11.6157
-2.22452e-16 -9.49941 11.6172
-2.22401e-16 -9.49922 11.6187
-2.2235e-16 -9.49905 11.6202
-2.22298e-16 -9.49888 11.6217
-2.22247e-16 -9.49872 11.6232
-2.22196e-16 -9.49858 11.6248
-2.22145e-16 -9.49844 11.6263
-2.22093e-16 -9.49831 11.6278
-2.22042e-16 -9.49819 11.6293
-2.21991e-16 -9.49809 11.6308
-2.2194e-16 -9.49799 11.6324
-2.21888e-16 -9.4979 11.6339
-2.21837e-16 -9.49782 11.6354
-2.21786e-16 -9.49775 11.6369
-2.21735e-16 -9.49769 11.6384
-2.21683e-16 -9.49764 11.6399
-2.21632e-16 -9.4976 11.6415
-2.21581e-16 -9.49757 11.643
-2.2153e-16 -9.49756 11.6445
-2.21478e-16 -9.49755 11.646
-2.21427e-16 -9.49755 11.6475
-2.21376e-16 -9.49755 11.649
-2.21325e-16 -9.49757 11.6506
-2.21273e-16 -9.4976 11.6521
-2.21222e-16 -9.49764 11.6536
-2.21171e-16 -9.49769 11.6551
-2.2112e-16 -9.49775 11.6566
-2.21068e-16 -9.49782 11.6582
-2.21017e-16 -9.4979 11.6597
-2.20966e-16 -9.49799 11.6612
-2.20915e-16 -9.49808 11.6627
-2.20864e-16 -9.49819 11.6642
-2.20812e-16 -9.49831 11.6657
-2.20761e-16 -9.49844 11.6673
-2.2071e-16 -9.49857 11.6688
-2.20659e-16 -9.49872 11.6703
-2.20607e-16 -9.49888 11.6718
-2.20556e-16 -9.49904 11.6733
-2.20505e-16 -9.49922 11.6749
-2.20454e-16 -9.49941 11.6764
-2.20402e-16 -9.4996 11.6779
-2.20351e-16 -9.49981 11.6794
-2.20328e-16 -9.49998 11.6809
-2.20526e-16 -9.49977 11.6824
-2.20724e-16 -9.49958 11.6838
-2.20922e-16 -9.49939 11.6853
-2.21119e-16 -9.49922 11.6867
-2.21317e-16 -9.49905 11.6882
-2.21515e-16 -9.49889 11.6897
-2.21713e-16 -9.49875 11.6911
-2.21911e-16 -9.49861 11.6926
-2.22109e-16 -9.49849 11.694
-2.22307e-16 -9.49837 11.6955
-2.22505e-16 -9.49826 11.6969
-2.22703e-16 -9.49817 11.6984
-2.22901e-16 -9.49808 11.6999
-2.23098e-16 -9.498 11.7013
-2.23296e-16 -9.49793 11.7028
-2.23494e-16 -9.49788 11.7042
-2.23692e-16 -9.49783 11.7057
-2.2389e-16 -9.49779 11.7071
-2.24088e-16 -9.49776 11.7086
-2.24286e-16 -9.49774 11.7101
-2.24484e-16 -9.49773 11.7115
-2.24682e-16 -9.49773 11.713
-2.2488e-16 -9.49775 11.7144
-2.25077e-16 -9.49777 11.7159
-2.25275e-16 -9.4978 11.7173
