0 15 0.05
0 14.999 0.1
0 14.9971 0.15
0 14.9941 0.2
0 14.9902 0.25
0 14.9853 0.3
0 14.9794 0.35
0 14.9725 0.4
0 14.9647 0.45
0 14.9559 0.5
0 14.946 0.55
0 14.9353 0.6
0 14.9235 0.65
0 14.9107 0.7
0 14.897 0.75
0 14.8823 0.8
0 14.8666 0.85
0 14.8499 0.9
0 14.8322 0.95
0 14.8136 1
0 14.794 1.05
0 14.7734 1.1
0 14.7518 1.15
0 14.7292 1.2
0 14.7057 1.25
0 14.6812 1.3
0 14.6557 1.35
0 14.6292 1.4
0 14.6017 1.45
0 14.5733 1.5
0 14.5438 1.55
0 14.5134 1.6
0 14.482 1.65
0 14.4497 1.7
0 14.4163 1.75
0 14.382 1.8
0 14.3467 1.85
0 14.3104 1.9
0 14.2731 1.95
0 14.2348 2
0 14.1956 2.05
0 14.1554 2.1
0 14.1142 2.15
0 14.072 2.2
0 14.0288 2.25
0 13.9847 2.3
0 13.9395 2.35
0 13.8934 2.4
0 13.8463 2.45
0 13.7983 2.5
0 13.7492 2.55
0 13.6992 2.6
0 13.6482 2.65
0 13.5962 2.7
0 13.5432 2.75
0 13.4893 2.8
0 13.4343 2.85
0 13.3784 2.9
0 13.3215 2.95
0 13.2636 3
0 13.2048 3.05
0 13.1449 3.1
0 13.0841 3.15
0 13.0223 3.2
0 12.9595 3.25
0 12.8958 3.3
0 12.831 3.35
0 12.7653 3.4
0 12.6986 3.45
0 12.6309 3.5
0 12.5622 3.55
0 12.4926 3.6
0 12.4219 3.65
0 12.3503 3.7
0 12.2777 3.75
0 12.2042 3.8
0 12.1296 3.85
0 12.0541 3.9
0 11.9775 3.95
0 11.9 4
0 11.8216 4.05
0 11.7421 4.1
0 11.6617 4.15
0 11.5802 4.2
0 11.4978 4.25
0 11.4144 4.3
0 11.3301 4.35
0 11.2447 4.4
0 11.1584 4.45
0 11.0711 4.5
0 10.9828 4.55
0 10.8935 4.6
0 10.8033 4.65
0 10.712 4.7
0 10.6198 4.75
0 10.5266 4.8
0 10.4325 4.85
0 10.3373 4.9
0 10.2412 4.95
0 10.1441 5
0 10.046 5.05
0 9.94687 5.1
0 9.84681 5.15
0 9.74576 5.2
0 9.64374 5.25
0 9.54074 5.3
0 9.43675 5.35
0 9.33178 5.4
0 9.22583 5.45
0 9.11891 5.5
0 9.011 5.55
0 8.9021 5.6
0 8.79223 5.65
0 8.68138 5.7
0 8.56955 5.75
0 8.45673 5.8
0 8.34293 5.85
0 8.22816 5.9
0 8.1124 5.95
0 7.99566 6
0 7.87794 6.05
0 7.75924 6.1
0 7.63956 6.15
0 7.51889 6.2
0 7.39725 6.25
0 7.27463 6.3
0 7.15102 6.35
0 7.02643 6.4
0 6.90086 6.45
0 6.77432 6.5
0 6.64679 6.55
0 6.51827 6.6
0 6.38878 6.65
0 6.25831 6.7
0 6.12686 6.75
0 5.99442 6.8
0 5.861 6.85
0 5.72661 6.9
0 5.59123 6.95
0 5.45487 7
0 5.31753 7.05
0 5.17921 7.1
0 5.03991 7.15
0 4.89962 7.2
0 4.75836 7.25
0 4.61612 7.3
0 4.47289 7.35
0 4.32868 7.4
0 4.18349 7.45
0 4.03732 7.5
0 3.89017 7.55
0 3.74204 7.6
0 3.59293 7.65
0 3.44284 7.7
0 3.29176 7.75
0 3.13971 7.8
0 2.98667 7.85
0 2.83266 7.9
0 2.67766 7.95
0 2.52168 8
0 2.36472 8.05
0 2.20678 8.1
0 2.04786 8.15
0 1.88795 8.2
0 1.72707 8.25
0 1.5652 8.3
0 1.40236 8.35
0 1.23853 8.4
0 1.07372 8.45
0 0.907935 8.5
0 0.741165 8.55
0 0.573414 8.6
0 0.404682 8.65
0 0.234969 8.7
0 0.064275 8.75
0 -0.1074 8.8
0 -0.280056 8.85
0 -0.453693 8.9
0 -0.628311 8.95
0 -0.80391 9
0 -0.98049 9.05
0 -1.15805 9.1
0 -1.33659 9.15
0 -1.51612 9.2
0 -1.69662 9.25
0 -1.87811 9.3
0 -2.06057 9.35
0 -2.24402 9.4
0 -2.42845 9.45
0 -2.61386 9.5
0 -2.80025 9.55
0 -2.98762 9.6
0 -3.17597 9.65
0 -3.3653 9.7
0 -3.55562 9.75
0 -3.74691 9.8
0 -3.93919 9.85
0 -4.13244 9.9
0 -4.32668 9.95
0 -4.5219 10
0 -4.7181 10.05
0 -4.91528 10.1
0 -5.11344 10.15
0 -5.31259 10.2
0 -5.51271 10.25
0 -5.71382 10.3
0 -5.9159 10.35
0 -6.11897 10.4
0 -6.32302 10.45
0 -6.52805 10.5
0 -6.73406 10.55
0 -6.94105 10.6
0 -7.14902 10.65
0 -7.35797 10.7
0 -7.56791 10.75
0 -7.77882 10.8
0 -7.99072 10.85
0 -8.20359 10.9
0 -8.41745 10.95
0 -8.63229 11
0 -8.84811 11.05
0 -9.06491 11.1
0 -9.28269 11.15
-2.70957e-19 -9.49998 11.1998
-4.09821e-17 -9.49737 11.2183
-8.16932e-17 -9.49573 11.2369
-1.22404e-16 -9.49507 11.2555
-1.63115e-16 -9.4954 11.274
-2.03826e-16 -9.49671 11.2926
-2.44538e-16 -9.49899 11.3111
-2.56166e-16 -9.49827 11.3291
-2.54859e-16 -9.49644 11.3468
-2.53551e-16 -9.4956 11.3645
-2.52244e-16 -9.49574 11.3822
-2.50936e-16 -9.49686 11.3998
-2.49629e-16 -9.49896 11.4175
-2.49258e-16 -9.49842 11.4347
-2.49364e-16 -9.49668 11.4516
-2.4947e-16 -9.49593 11.4684
-2.49576e-16 -9.49615 11.4853
-2.49682e-16 -9.49736 11.5022
-2.49788e-16 -9.49955 11.5191
-2.52136e-16 -9.49805 11.5353
-2.54857e-16 -9.49662 11.5513
-2.57578e-16 -9.49616 11.5674
-2.60299e-16 -9.49669 11.5835
-2.6302e-16 -9.4982 11.5996
-2.64996e-16 -9.4994 11.6155
-2.65032e-16 -9.4975 11.6308
-2.65067e-16 -9.49659 11.6461
-2.65102e-16 -9.49666 11.6615
-2.65138e-16 -9.4977 11.6768
-2.65173e-16 -9.49973 11.6921
-2.64371e-16 -9.49812 11.7068
-2.63488e-16 -9.49695 11.7214
-2.62604e-16 -9.49676 11.736
-2.61721e-16 -9.49755 11.7506
-2.60837e-16 -9.49932 11.7652
-2.60487e-16 -9.49852 11.7792
-2.6031e-16 -9.49729 11.7931
-2.60134e-16 -9.49705 11.807
-2.59957e-16 -9.49779 11.8209
-2.5978e-16 -9.4995 11.8348
-2.59892e-16 -9.49847 11.8481
-2.60069e-16 -9.4974 11.8614
-2.60245e-16 -9.49732 11.8746
-2.60422e-16 -9.49821 11.8878
-2.60594e-16 -9.49992 11.901
-2.60665e-16 -9.49819 11.9136
-2.60735e-16 -9.49743 11.9262
-2.60806e-16 -9.49766 11.9387
-2.60877e-16 -9.49887 11.9513
-2.61289e-16 -9.49918 11.9636
-2.62066e-16 -9.49797 11.9755
-2.62844e-16 -9.49773 11.9875
-2.63621e-16 -9.49848 11.9994
-2.64401e-16 -9.49981 12.0113
-2.65196e-16 -9.49832 12.0227
-2.65991e-16 -9.49781 12.034
-2.66786e-16 -9.49828 12.0454
-2.67581e-16 -9.49973 12.0568
-2.6803e-16 -9.49864 12.0676
-2.68437e-16 -9.49799 12.0784
-2.68843e-16 -9.49832 12.0892
-2.6925e-16 -9.49963 12.1
-2.6933e-16 -9.49879 12.1103
-2.69348e-16 -9.49816 12.1205
-2.69366e-16 -9.49852 12.1307
-2.69383e-16 -9.49985 12.141
-2.69716e-16 -9.49871 12.1507
-2.70069e-16 -9.49826 12.1604
-2.70422e-16 -9.49879 12.1701
-2.70727e-16 -9.49974 12.1797
-2.70833e-16 -9.49864 12.1889
