0 15 0
0 15 0
0 15 0
0 14.9999 0
0 14.9999 0
0 14.9999 0
0 14.9998 0
0 14.9997 0
0 14.9996 0
0 14.9996 0
0 14.9995 0
0 14.9994 0
0 14.9992 0
0 14.9991 0
0 14.999 0
0 14.9988 0
0 14.9987 0
0 14.9985 0
0 14.9983 0
0 14.9981 0
0 14.9979 0
0 14.9977 0
0 14.9975 0
0 14.9973 0
0 14.9971 0
0 14.9968 0
0 14.9966 0
0 14.9963 0
0 14.996 0
0 14.9957 0
0 14.9954 0
0 14.9951 0
0 14.9948 0
0 14.9945 0
0 14.9942 0
0 14.9938 0
0 14.9935 0
0 14.9931 0
0 14.9927 0
0 14.9923 0
0 14.992 0
0 14.9916 0
0 14.9911 0
0 14.9907 0
0 14.9903 0
0 14.9898 0
0 14.9894 0
0 14.9889 0
0 14.9885 0
0 14.988 0
0 14.9875 0
0 14.987 0
0 14.9865 0
0 14.986 0
0 14.9854 0
0 14.9849 0
0 14.9843 0
0 14.9838 0
0 14.9832 0
0 14.9826 0
0 14.982 0
0 14.9814 0
0 14.9808 0
0 14.9802 0
0 14.9796 0
0 14.979 0
0 14.9783 0
0 14.9777 0
0 14.977 0
0 14.9763 0
0 14.9756 0
0 14.9749 0
0 14.9742 0
0 14.9735 0
0 14.9728 0
0 14.972 0
0 14.9713 0
0 14.9705 0
0 14.9698 0
0 14.969 0
0 14.9682 0
0 14.9674 0
0 14.9666 0
0 14.9658 0
0 14.965 0
0 14.9641 0
0 14.9633 0
0 14.9624 0
0 14.9616 0
0 14.9607 0
0 14.9598 0
0 14.9589 0
0 14.958 0
0 14.9571 0
0 14.9562 0
0 14.9553 0
0 14.9543 0
0 14.9534 0
0 14.9524 0
0 14.9514 0
0 14.9505 0
0 14.9495 0
0 14.9485 0
0 14.9475 0
0 14.9464 0
0 14.9454 0
0 14.9444 0
0 14.9433 0
0 14.9423 0
0 14.9412 0
0 14.9401 0
0 14.939 0
0 14.9379 0
0 14.9368 0
0 14.9357 0
0 14.9346 0
0 14.9334 0
0 14.9323 0
0 14.9311 0
0 14.93 0
0 14.9288 0
0 14.9276 0
0 14.9264 0
0 14.9252 0
0 14.924 0
0 14.9227 0
0 14.9215 0
0 14.9203 0
0 14.919 0
0 14.9177 0
0 14.9165 0
0 14.9152 0
0 14.9139 0
0 14.9126 0
0 14.9113 0
0 14.9099 0
0 14.9086 0
0 14.9073 0
0 14.9059 0
0 14.9045 0
0 14.9032 0
0 14.9018 0
0 14.9004 0
0 14.899 0
0 14.8976 0
0 14.8962 0
0 14.8947 0
0 14.8933 0
0 14.8918 0
0 14.8904 0
0 14.8889 0
0 14.8874 0
0 14.8859 0
0 14.8844 0
0 14.8829 0
0 14.8814 0
0 14.8799 0
0 14.8783 0
0 14.8768 0
0 14.8752 0
0 14.8736 0
0 14.8721 0
0 14.8705 0
0 14.8689 0
0 14.8673 0
0 14.8657 0
0 14.864 0
0 14.8624 0
0 14.8607 0
0 14.8591 0
0 14.8574 0
0 14.8557 0
0 14.854 0
0 14.8523 0
0 14.8506 0
0 14.8489 0
0 14.8472 0
0 14.8455 0
0 14.8437 0
0 14.842 0
0 14.8402 0
0 14.8384 0
0 14.8366 0
0 14.8348 0
0 14.833 0
0 14.8312 0
0 14.8294 0
0 14.8276 0
0 14.8257 0
0 14.8239 0
0 14.822 0
0 14.8201 0
0 14.8182 0
0 14.8163 0
0 14.8144 0
0 14.8125 0
0 14.8106 0
0 14.8087 0
0 14.8067 0
0 14.8048 0
0 14.8028 0
0 14.8008 0
0 14.7989 0
0 14.7969 0
0 14.7949 0
0 14.7929 0
0 14.7908 0
0 14.7888 0
0 14.7868 0
0 14.7847 0
0 14.7827 0
0 14.7806 0
0 14.7785 0
0 14.7764 0
0 14.7743 0
0 14.7722 0
0 14.7701 0
0 14.768 0
0 14.7658 0
0 14.7637 0
0 14.7615 0
0 14.7594 0
0 14.7572 0
0 14.755 0
0 14.7528 0
0 14.7506 0
0 14.7484 0
0 14.7461 0
0 14.7439 0
0 14.7417 0
0 14.7394 0
0 14.7371 0
0 14.7349 0
0 14.7326 0
0 14.7303 0
0 14.728 0
0 14.7257 0
0 14.7233 0
0 14.721 0
0 14.7186 0
0 14.7163 0
0 14.7139 0
0 14.7116 0
0 14.7092 0
0 14.7068 0
0 14.7044 0
0 14.702 0
0 14.6995 0
0 14.6971 0
0 14.6947 0
0 14.6922 0
0 14.6897 0
0 14.6873 0
0 14.6848 0
0 14.6823 0
0 14.6798 0
0 14.6773 0
0 14.6748 0
0 14.6722 0
0 14.6697 0
0 14.6671 0
0 14.6646 0
0 14.662 0
0 14.6594 0
0 14.6568 0
0 14.6542 0
0 14.6516 0
0 14.649 0
0 14.6464 0
0 14.6437 0
0 14.6411 0
0 14.6384 0
0 14.6358 0
0 14.6331 0
0 14.6304 0
0 14.6277 0
0 14.625 0
0 14.6223 0
0 14.6196 0
0 14.6168 0
0 14.6141 0
0 14.6113 0
0 14.6086 0
0 14.6058 0
0 14.603 0
0 14.6002 0
0 14.5974 0
0 14.5946 0
0 14.5917 0
0 14.5889 0
0 14.5861 0
0 14.5832 0
0 14.5803 0
0 14.5775 0
0 14.5746 0
0 14.5717 0
0 14.5688 0
0 14.5659 0
0 14.563 0
0 14.56 0
0 14.5571 0
0 14.5541 0
0 14.5512 0
0 14.5482 0
0 14.5452 0
0 14.5422 0
0 14.5392 0
0 14.5362 0
0 14.5332 0
0 14.5302 0
0 14.5271 0
0 14.5241 0
0 14.521 0
0 14.5179 0
0 14.5148 0
0 14.5118 0
0 14.5087 0
0 14.5055 0
0 14.5024 0
0 14.4993 0
0 14.4962 0
0 14.493 0
0 14.4899 0
0 14.4867 0
0 14.4835 0
0 14.4803 0
0 14.4771 0
0 14.4739 0
0 14.4707 0
0 14.4675 0
0 14.4642 0
0 14.461 0
0 14.4577 0
0 14.4545 0
0 14.4512 0
0 14.4479 0
0 14.4446 0
0 14.4413 0
0 14.438 0
0 14.4346 0
0 14.4313 0
0 14.428 0
0 14.4246 0
0 14.4212 0
0 14.4179 0
0 14.4145 0
0 14.4111 0
0 14.4077 0
0 14.4043 0
0 14.4009 0
0 14.3974 0
0 14.394 0
0 14.3905 0
0 14.3871 0
0 14.3836 0
0 14.3801 0
0 14.3766 0
0 14.3731 0
0 14.3696 0
0 14.3661 0
0 14.3625 0
0 14.359 0
0 14.3555 0
0 14.3519 0
0 14.3483 0
0 14.3447 0
0 14.3412 0
0 14.3376 0
0 14.3339 0
0 14.3303 0
0 14.3267 0
0 14.3231 0
0 14.3194 0
0 14.3157 0
0 14.3121 0
0 14.3084 0
0 14.3047 0
0 14.301 0
0 14.2973 0
0 14.2936 0
0 14.2899 0
0 14.2861 0
0 14.2824 0
0 14.2786 0
0 14.2748 0
0 14.2711 0
0 14.2673 0
0 14.2635 0
0 14.2597 0
0 14.2559 0
0 14.252 0
0 14.2482 0
0 14.2444 0
0 14.2405 0
0 14.2366 0
0 14.2328 0
0 14.2289 0
0 14.225 0
0 14.2211 0
0 14.2172 0
0 14.2132 0
0 14.2093 0
0 14.2054 0
0 14.2014 0
0 14.1974 0
0 14.1935 0
0 14.1895 0
0 14.1855 0
0 14.1815 0
0 14.1775 0
0 14.1735 0
0 14.1694 0
0 14.1654 0
0 14.1613 0
0 14.1573 0
0 14.1532 0
0 14.1491 0
0 14.145 0
0 14.1409 0
0 14.1368 0
0 14.1327 0
0 14.1286 0
0 14.1244 0
0 14.1203 0
0 14.1161 0
0 14.1119 0
0 14.1078 0
0 14.1036 0
0 14.0994 0
0 14.0952 0
0 14.091 0
0 14.0867 0
0 14.0825 0
0 14.0782 0
0 14.074 0
0 14.0697 0
0 14.0654 0
0 14.0612 0
0 14.0569 0
0 14.0526 0
0 14.0482 0
0 14.0439 0
0 14.0396 0
0 14.0352 0
0 14.0309 0
0 14.0265 0
0 14.0221 0
0 14.0177 0
0 14.0133 0
0 14.0089 0
0 14.0045 0
0 14.0001 0
0 13.9957 0
0 13.9912 0
0 13.9868 0
0 13.9823 0
0 13.9778 0
0 13.9734 0
0 13.9689 0
0 13.9644 0
0 13.9598 0
0 13.9553 0
0 13.9508 0
0 13.9462 0
0 13.9417 0
0 13.9371 0
0 13.9326 0
0 13.928 0
0 13.9234 0
0 13.9188 0
0 13.9142 0
0 13.9096 0
0 13.9049 0
0 13.9003 0
0 13.8956 0
0 13.891 0
0 13.8863 0
0 13.8816 0
0 13.8769 0
0 13.8722 0
0 13.8675 0
0 13.8628 0
0 13.8581 0
0 13.8533 0
0 13.8486 0
0 13.8438 0
0 13.8391 0
0 13.8343 0
0 13.8295 0
0 13.8247 0
0 13.8199 0
0 13.8151 0
0 13.8103 0
0 13.8054 0
0 13.8006 0
0 13.7957 0
0 13.7909 0
0 13.786 0
0 13.7811 0
0 13.7762 0
0 13.7713 0
0 13.7664 0
0 13.7615 0
0 13.7565 0
0 13.7516 0
0 13.7466 0
0 13.7417 0
0 13.7367 0
0 13.7317 0
0 13.7267 0
0 13.7217 0
0 13.7167 0
0 13.7117 0
0 13.7066 0
0 13.7016 0
0 13.6965 0
0 13.6915 0
0 13.6864 0
0 13.6813 0
0 13.6762 0
0 13.6711 0
0 13.666 0
0 13.6609 0
0 13.6558 0
0 13.6506 0
0 13.6455 0
0 13.6403 0
0 13.6352 0
0 13.63 0
0 13.6248 0
0 13.6196 0
0 13.6144 0
0 13.6092 0
0 13.6039 0
0 13.5987 0
0 13.5934 0
0 13.5882 0
0 13.5829 0
0 13.5776 0
0 13.5724 0
0 13.5671 0
0 13.5617 0
0 13.5564 0
0 13.5511 0
0 13.5458 0
0 13.5404 0
0 13.5351 0
0 13.5297 0
0 13.5243 0
0 13.5189 0
0 13.5135 0
0 13.5081 0
0 13.5027 0
0 13.4973 0
0 13.4919 0
0 13.4864 0
0 13.481 0
0 13.4755 0
0 13.47 0
0 13.4645 0
0 13.459 0
0 13.4535 0
0 13.448 0
0 13.4425 0
0 13.437 0
0 13.4314 0
0 13.4259 0
0 13.4203 0
0 13.4147 0
0 13.4092 0
0 13.4036 0
0 13.398 0
0 13.3924 0
0 13.3867 0
0 13.3811 0
0 13.3755 0
0 13.3698 0
0 13.3642 0
0 13.3585 0
0 13.3528 0
0 13.3471 0
0 13.3414 0
0 13.3357 0
0 13.33 0
0 13.3243 0
0 13.3185 0
0 13.3128 0
0 13.307 0
0 13.3012 0
0 13.2955 0
0 13.2897 0
0 13.2839 0
0 13.2781 0
0 13.2723 0
0 13.2664 0
0 13.2606 0
0 13.2547 0
0 13.2489 0
0 13.243 0
0 13.2371 0
0 13.2313 0
0 13.2254 0
0 13.2195 0
0 13.2135 0
0 13.2076 0
0 13.2017 0
0 13.1957 0
0 13.1898 0
0 13.1838 0
0 13.1778 0
0 13.1719 0
0 13.1659 0
0 13.1599 0
0 13.1538 0
0 13.1478 0
0 13.1418 0
0 13.1357 0
0 13.1297 0
0 13.1236 0
0 13.1176 0
0 13.1115 0
0 13.1054 0
0 13.0993 0
0 13.0932 0
0 13.0871 0
0 13.0809 0
0 13.0748 0
0 13.0686 0
0 13.0625 0
0 13.0563 0
0 13.0501 0
0 13.0439 0
0 13.0377 0
0 13.0315 0
0 13.0253 0
0 13.0191 0
0 13.0128 0
0 13.0066 0
0 13.0003 0
0 12.9941 0
0 12.9878 0
0 12.9815 0
0 12.9752 0
0 12.9689 0
0 12.9626 0
0 12.9562 0
0 12.9499 0
0 12.9435 0
0 12.9372 0
0 12.9308 0
0 12.9244 0
0 12.9181 0
0 12.9117 0
0 12.9053 0
0 12.8988 0
0 12.8924 0
0 12.886 0
0 12.8795 0
0 12.8731 0
0 12.8666 0
0 12.8601 0
0 12.8537 0
0 12.8472 0
0 12.8407 0
0 12.8341 0
0 12.8276 0
0 12.8211 0
0 12.8145 0
0 12.808 0
0 12.8014 0
0 12.7949 0
0 12.7883 0
0 12.7817 0
0 12.7751 0
0 12.7685 0
0 12.7618 0
0 12.7552 0
0 12.7486 0
0 12.7419 0
0 12.7353 0
0 12.7286 0
0 12.7219 0
0 12.7152 0
0 12.7085 0
0 12.7018 0
0 12.6951 0
0 12.6884 0
0 12.6816 0
0 12.6749 0
0 12.6681 0
0 12.6613 0
0 12.6546 0
0 12.6478 0
0 12.641 0
0 12.6342 0
0 12.6274 0
0 12.6205 0
0 12.6137 0
0 12.6068 0
0 12.6 0
0 12.5931 0
0 12.5862 0
0 12.5794 0
0 12.5725 0
0 12.5656 0
0 12.5586 0
0 12.5517 0
0 12.5448 0
0 12.5378 0
0 12.5309 0
0 12.5239 0
0 12.5169 0
0 12.5099 0
0 12.503 0
0 12.4959 0
0 12.4889 0
0 12.4819 0
0 12.4749 0
0 12.4678 0
0 12.4608 0
0 12.4537 0
0 12.4466 0
0 12.4396 0
0 12.4325 0
0 12.4254 0
0 12.4183 0
0 12.4111 0
0 12.404 0
0 12.3969 0
0 12.3897 0
0 12.3825 0
0 12.3754 0
0 12.3682 0
0 12.361 0
0 12.3538 0
0 12.3466 0
0 12.3394 0
0 12.3321 0
0 12.3249 0
0 12.3177 0
0 12.3104 0
0 12.3031 0
0 12.2958 0
0 12.2886 0
0 12.2813 0
0 12.2739 0
0 12.2666 0
0 12.2593 0
0 12.252 0
0 12.2446 0
0 12.2373 0
0 12.2299 0
0 12.2225 0
0 12.2151 0
0 12.2077 0
0 12.2003 0
0 12.1929 0
0 12.1855 0
0 12.178 0
0 12.1706 0
0 12.1631 0
0 12.1557 0
0 12.1482 0
0 12.1407 0
0 12.1332 0
0 12.1257 0
0 12.1182 0
0 12.1107 0
0 12.1031 0
0 12.0956 0
0 12.088 0
0 12.0805 0
0 12.0729 0
0 12.0653 0
0 12.0577 0
0 12.0501 0
0 12.0425 0
0 12.0349 0
0 12.0273 0
0 12.0196 0
0 12.012 0
0 12.0043 0
0 11.9966 0
0 11.989 0
0 11.9813 0
0 11.9736 0
0 11.9659 0
0 11.9581 0
0 11.9504 0
0 11.9427 0
0 11.9349 0
0 11.9272 0
0 11.9194 0
0 11.9116 0
0 11.9038 0
0 11.896 0
0 11.8882 0
0 11.8804 0
0 11.8726 0
0 11.8647 0
0 11.8569 0
0 11.849 0
0 11.8412 0
0 11.8333 0
0 11.8254 0
0 11.8175 0
0 11.8096 0
0 11.8017 0
0 11.7937 0
0 11.7858 0
0 11.7779 0
0 11.7699 0
0 11.7619 0
0 11.754 0
0 11.746 0
0 11.738 0
0 11.73 0
0 11.722 0
0 11.7139 0
0 11.7059 0
0 11.6979 0
0 11.6898 0
0 11.6817 0
0 11.6737 0
0 11.6656 0
0 11.6575 0
0 11.6494 0
0 11.6413 0
0 11.6331 0
0 11.625 0
0 11.6169 0
0 11.6087 0
0 11.6006 0
0 11.5924 0
0 11.5842 0
0 11.576 0
0 11.5678 0
0 11.5596 0
0 11.5514 0
0 11.5432 0
0 11.5349 0
0 11.5267 0
0 11.5184 0
0 11.5101 0
0 11.5019 0
0 11.4936 0
0 11.4853 0
0 11.477 0
0 11.4686 0
0 11.4603 0
0 11.452 0
0 11.4436 0
0 11.4353 0
0 11.4269 0
0 11.4185 0
0 11.4101 0
0 11.4017 0
0 11.3933 0
0 11.3849 0
0 11.3765 0
0 11.368 0
0 11.3596 0
0 11.3511 0
0 11.3427 0
0 11.3342 0
0 11.3257 0
0 11.3172 0
0 11.3087 0
0 11.3002 0
0 11.2917 0
0 11.2831 0
0 11.2746 0
0 11.266 0
0 11.2575 0
0 11.2489 0
0 11.2403 0
0 11.2317 0
0 11.2231 0
0 11.2145 0
0 11.2059 0
0 11.1973 0
0 11.1886 0
0 11.18 0
0 11.1713 0
0 11.1626 0
0 11.1539 0
0 11.1452 0
0 11.1365 0
0 11.1278 0
0 11.1191 0
0 11.1104 0
0 11.1016 0
0 11.0929 0
0 11.0841 0
0 11.0754 0
0 11.0666 0
0 11.0578 0
0 11.049 0
0 11.0402 0
0 11.0314 0
0 11.0225 0
0 11.0137 0
0 11.0048 0
0 10.996 0
0 10.9871 0
0 10.9782 0
0 10.9694 0
0 10.9605 0
0 10.9516 0
0 10.9426 0
0 10.9337 0
0 10.9248 0
0 10.9158 0
0 10.9069 0
0 10.8979 0
0 10.8889 0
0 10.8799 0
0 10.8709 0
0 10.8619 0
0 10.8529 0
0 10.8439 0
0 10.8349 0
0 10.8258 0
0 10.8168 0
0 10.8077 0
0 10.7986 0
0 10.7895 0
0 10.7804 0
0 10.7713 0
0 10.7622 0
0 10.7531 0
0 10.744 0
0 10.7348 0
0 10.7257 0
0 10.7165 0
0 10.7073 0
0 10.6982 0
0 10.689 0
0 10.6798 0
0 10.6706 0
0 10.6613 0
0 10.6521 0
0 10.6429 0
0 10.6336 0
0 10.6243 0
0 10.6151 0
0 10.6058 0
0 10.5965 0
0 10.5872 0
0 10.5779 0
0 10.5686 0
0 10.5592 0
0 10.5499 0
0 10.5406 0
0 10.5312 0
0 10.5218 0
0 10.5125 0
0 10.5031 0
0 10.4937 0
0 10.4843 0
0 10.4748 0
0 10.4654 0
0 10.456 0
0 10.4465 0
0 10.4371 0
0 10.4276 0
0 10.4181 0
0 10.4086 0
0 10.3991 0
0 10.3896 0
0 10.3801 0
0 10.3706 0
0 10.3611 0
0 10.3515 0
0 10.342 0
0 10.3324 0
0 10.3228 0
0 10.3132 0
0 10.3036 0
0 10.294 0
0 10.2844 0
0 10.2748 0
0 10.2652 0
0 10.2555 0
0 10.2459 0
0 10.2362 0
0 10.2265 0
0 10.2169 0
0 10.2072 0
0 10.1975 0
0 10.1878 0
0 10.178 0
0 10.1683 0
0 10.1586 0
0 10.1488 0
0 10.139 0
0 10.1293 0
0 10.1195 0
0 10.1097 0
0 10.0999 0
0 10.0901 0
0 10.0803 0
0 10.0704 0
0 10.0606 0
0 10.0508 0
0 10.0409 0
0 10.031 0
0 10.0212 0
0 10.0113 0
0 10.0014 0
0 9.99146 0
0 9.98154 0
0 9.97161 0
0 9.96167 0
0 9.95172 0
0 9.94177 0
0 9.9318 0
0 9.92182 0
0 9.91184 0
0 9.90184 0
0 9.89183 0
0 9.88182 0
0 9.87179 0
0 9.86176 0
0 9.85171 0
0 9.84166 0
0 9.83159 0
0 9.82152 0
0 9.81143 0
0 9.80134 0
0 9.79123 0
0 9.78112 0
0 9.771 0
0 9.76086 0
0 9.75072 0
0 9.74056 0
0 9.7304 0
0 9.72023 0
0 9.71005 0
0 9.69985 0
0 9.68965 0
0 9.67944 0
0 9.66922 0
0 9.65898 0
0 9.64874 0
0 9.63849 0
0 9.62823 0
0 9.61796 0
0 9.60768 0
0 9.59739 0
0 9.58709 0
0 9.57678 0
0 9.56646 0
0 9.55613 0
0 9.54579 0
0 9.53544 0
0 9.52508 0
0 9.51471 0
0 9.50433 0
0 9.49394 0
0 9.48354 0
0 9.47313 0
0 9.46272 0
0 9.45229 0
0 9.44185 0
0 9.4314 0
0 9.42095 0
0 9.41048 0
0 9.4 0
0 9.38951 0
0 9.37902 0
0 9.36851 0
0 9.35799 0
0 9.34747 0
0 9.33693 0
0 9.32639 0
0 9.31583 0
0 9.30527 0
0 9.29469 0
0 9.28411 0
0 9.27351 0
0 9.26291 0
0 9.25229 0
0 9.24167 0
0 9.23103 0
0 9.22039 0
0 9.20974 0
0 9.19907 0
0 9.1884 0
0 9.17772 0
0 9.16702 0
0 9.15632 0
0 9.14561 0
0 9.13489 0
0 9.12415 0
0 9.11341 0
0 9.10266 0
0 9.0919 0
0 9.08113 0
0 9.07035 0
0 9.05955 0
0 9.04875 0
0 9.03794 0
0 9.02712 0
0 9.01629 0
0 9.00545 0
0 8.9946 0
0 8.98374 0
0 8.97287 0
0 8.96199 0
0 8.9511 0
0 8.94021 0
0 8.9293 0
0 8.91838 0
0 8.90745 0
0 8.89651 0
0 8.88556 0
0 8.87461 0
0 8.86364 0
0 8.85266 0
0 8.84167 0
0 8.83068 0
0 8.81967 0
0 8.80865 0
0 8.79763 0
0 8.78659 0
0 8.77555 0
0 8.76449 0
0 8.75342 0
0 8.74235 0
0 8.73126 0
0 8.72017 0
0 8.70906 0
0 8.69795 0
0 8.68682 0
0 8.67569 0
0 8.66455 0
0 8.65339 0
0 8.64223 0
0 8.63105 0
0 8.61987 0
0 8.60868 0
0 8.59747 0
0 8.58626 0
0 8.57504 0
0 8.56381 0
0 8.55256 0
0 8.54131 0
0 8.53005 0
0 8.51878 0
0 8.5075 0
0 8.49621 0
0 8.4849 0
0 8.47359 0
0 8.46227 0
0 8.45094 0
0 8.4396 0
0 8.42825 0
0 8.41689 0
0 8.40552 0
0 8.39414 0
0 8.38275 0
0 8.37135 0
0 8.35994 0
0 8.34853 0
0 8.3371 0
0 8.32566 0
0 8.31421 0
0 8.30275 0
0 8.29128 0
0 8.27981 0
0 8.26832 0
0 8.25682 0
0 8.24531 0
0 8.2338 0
0 8.22227 0
0 8.21073 0
0 8.19919 0
0 8.18763 0
0 8.17607 0
0 8.16449 0
0 8.1529 0
0 8.14131 0
0 8.1297 0
0 8.11809 0
0 8.10646 0
0 8.09483 0
0 8.08318 0
0 8.07153 0
0 8.05987 0
0 8.04819 0
0 8.03651 0
0 8.02482 0
0 8.01311 0
0 8.0014 0
0 7.98968 0
0 7.97794 0
0 7.9662 0
0 7.95445 0
0 7.94269 0
0 7.93091 0
0 7.91913 0
0 7.90734 0
0 7.89554 0
0 7.88373 0
0 7.87191 0
0 7.86008 0
0 7.84824 0
0 7.83638 0
0 7.82452 0
0 7.81265 0
0 7.80077 0
0 7.78888 0
0 7.77699 0
0 7.76508 0
0 7.75316 0
0 7.74123 0
0 7.72929 0
0 7.71734 0
0 7.70538 0
0 7.69341 0
0 7.68144 0
0 7.66945 0
0 7.65745 0
0 7.64544 0
0 7.63343 0
0 7.6214 0
0 7.60936 0
0 7.59732 0
0 7.58526 0
0 7.57319 0
0 7.56112 0
0 7.54903 0
0 7.53693 0
0 7.52483 0
0 7.51271 0
0 7.50059 0
0 7.48845 0
0 7.47631 0
0 7.46415 0
0 7.45199 0
0 7.43982 0
0 7.42763 0
0 7.41544 0
0 7.40323 0
0 7.39102 0
0 7.3788 0
0 7.36656 0
0 7.35432 0
0 7.34207 0
0 7.32981 0
0 7.31753 0
0 7.30525 0
0 7.29296 0
0 7.28066 0
0 7.26835 0
0 7.25603 0
0 7.24369 0
0 7.23135 0
0 7.219 0
0 7.20664 0
0 7.19427 0
0 7.18189 0
0 7.1695 0
0 7.1571 0
0 7.14469 0
0 7.13227 0
0 7.11984 0
0 7.1074 0
0 7.09495 0
0 7.0825 0
0 7.07003 0
0 7.05755 0
0 7.04506 0
0 7.03256 0
0 7.02006 0
0 7.00754 0
0 6.99501 0
0 6.98247 0
0 6.96993 0
0 6.95737 0
0 6.9448 0
0 6.93223 0
0 6.91964 0
0 6.90704 0
0 6.89444 0
0 6.88182 0
0 6.8692 0
0 6.85656 0
0 6.84392 0
0 6.83126 0
0 6.8186 0
0 6.80592 0
0 6.79324 0
0 6.78054 0
0 6.76784 0
0 6.75513 0
0 6.7424 0
0 6.72967 0
0 6.71693 0
0 6.70417 0
0 6.69141 0
0 6.67864 0
0 6.66586 0
0 6.65306 0
0 6.64026 0
0 6.62745 0
0 6.61463 0
0 6.6018 0
0 6.58896 0
0 6.5761 0
0 6.56324 0
0 6.55037 0
0 6.53749 0
0 6.5246 0
0 6.5117 0
0 6.49879 0
0 6.48587 0
0 6.47294 0
0 6.46 0
0 6.44705 0
0 6.43409 0
0 6.42113 0
0 6.40815 0
0 6.39516 0
0 6.38216 0
0 6.36915 0
0 6.35613 0
0 6.34311 0
0 6.33007 0
0 6.31702 0
0 6.30396 0
0 6.2909 0
0 6.27782 0
0 6.26473 0
0 6.25164 0
0 6.23853 0
0 6.22542 0
0 6.21229 0
0 6.19915 0
0 6.18601 0
0 6.17285 0
0 6.15969 0
0 6.14651 0
0 6.13333 0
0 6.12014 0
0 6.10693 0
0 6.09372 0
0 6.08049 0
0 6.06726 0
0 6.05402 0
0 6.04076 0
0 6.0275 0
0 6.01423 0
0 6.00094 0
0 5.98765 0
0 5.97435 0
0 5.96104 0
0 5.94771 0
0 5.93438 0
0 5.92104 0
0 5.90769 0
0 5.89433 0
0 5.88096 0
0 5.86758 0
0 5.85419 0
0 5.84079 0
0 5.82738 0
0 5.81396 0
0 5.80053 0
0 5.78709 0
0 5.77364 0
0 5.76018 0
0 5.74671 0
0 5.73323 0
0 5.71974 0
0 5.70624 0
0 5.69273 0
0 5.67921 0
0 5.66569 0
0 5.65215 0
0 5.6386 0
0 5.62504 0
0 5.61148 0
0 5.5979 0
0 5.58431 0
0 5.57072 0
0 5.55711 0
0 5.54349 0
0 5.52987 0
0 5.51623 0
0 5.50259 0
0 5.48893 0
0 5.47526 0
0 5.46159 0
0 5.4479 0
0 5.43421 0
0 5.42051 0
0 5.40679 0
0 5.39307 0
0 5.37933 0
0 5.36559 0
0 5.35184 0
0 5.33807 0
0 5.3243 0
0 5.31052 0
0 5.29672 0
0 5.28292 0
0 5.26911 0
0 5.25529 0
0 5.24145 0
0 5.22761 0
0 5.21376 0
0 5.1999 0
0 5.18603 0
0 5.17215 0
0 5.15825 0
0 5.14435 0
0 5.13044 0
0 5.11652 0
0 5.10259 0
0 5.08865 0
0 5.0747 0
0 5.06074 0
0 5.04677 0
0 5.03279 0
0 5.01881 0
0 5.00481 0
0 4.9908 0
0 4.97678 0
0 4.96275 0
0 4.94871 0
0 4.93467 0
0 4.92061 0
0 4.90654 0
0 4.89246 0
0 4.87838 0
0 4.86428 0
0 4.85017 0
0 4.83606 0
0 4.82193 0
0 4.80779 0
0 4.79365 0
0 4.77949 0
0 4.76533 0
0 4.75115 0
0 4.73696 0
0 4.72277 0
0 4.70856 0
0 4.69435 0
0 4.68013 0
0 4.66589 0
0 4.65165 0
0 4.63739 0
0 4.62313 0
0 4.60886 0
0 4.59457 0
0 4.58028 0
0 4.56598 0
0 4.55166 0
0 4.53734 0
0 4.52301 0
0 4.50867 0
0 4.49431 0
0 4.47995 0
0 4.46558 0
0 4.4512 0
0 4.43681 0
0 4.42241 0
0 4.408 0
0 4.39358 0
0 4.37914 0
0 4.3647 0
0 4.35025 0
0 4.33579 0
0 4.32132 0
0 4.30684 0
0 4.29236 0
0 4.27786 0
0 4.26335 0
0 4.24883 0
0 4.2343 0
0 4.21976 0
0 4.20521 0
0 4.19066 0
0 4.17609 0
0 4.16151 0
0 4.14692 0
0 4.13233 0
0 4.11772 0
0 4.1031 0
0 4.08847 0
0 4.07384 0
0 4.05919 0
0 4.04454 0
0 4.02987 0
0 4.01519 0
0 4.00051 0
0 3.98581 0
0 3.97111 0
0 3.95639 0
0 3.94167 0
0 3.92693 0
0 3.91219 0
0 3.89743 0
0 3.88267 0
0 3.8679 0
0 3.85311 0
0 3.83832 0
0 3.82352 0
0 3.8087 0
0 3.79388 0
0 3.77905 0
0 3.7642 0
0 3.74935 0
0 3.73449 0
0 3.71962 0
0 3.70474 0
0 3.68984 0
0 3.67494 0
0 3.66003 0
0 3.64511 0
0 3.63018 0
0 3.61524 0
0 3.60029 0
0 3.58533 0
0 3.57036 0
0 3.55538 0
0 3.54039 0
0 3.52539 0
0 3.51038 0
0 3.49536 0
0 3.48033 0
0 3.46529 0
0 3.45025 0
0 3.43519 0
0 3.42012 0
0 3.40504 0
0 3.38995 0
0 3.37486 0
0 3.35975 0
0 3.34463 0
0 3.3295 0
0 3.31437 0
0 3.29922 0
0 3.28406 0
0 3.2689 0
0 3.25372 0
0 3.23854 0
0 3.22334 0
0 3.20813 0
0 3.19292 0
0 3.17769 0
0 3.16246 0
0 3.14721 0
0 3.13196 0
0 3.1167 0
0 3.10142 0
0 3.08614 0
0 3.07084 0
0 3.05554 0
0 3.04023 0
0 3.0249 0
0 3.00957 0
0 2.99423 0
0 2.97888 0
0 2.96351 0
0 2.94814 0
0 2.93276 0
0 2.91737 0
0 2.90196 0
0 2.88655 0
0 2.87113 0
0 2.8557 0
0 2.84026 0
0 2.82481 0
0 2.80935 0
0 2.79388 0
0 2.7784 0
0 2.76291 0
0 2.74741 0
0 2.7319 0
0 2.71638 0
0 2.70085 0
0 2.68531 0
0 2.66976 0
0 2.6542 0
0 2.63863 0
0 2.62306 0
0 2.60747 0
0 2.59187 0
0 2.57626 0
0 2.56065 0
0 2.54502 0
0 2.52938 0
0 2.51373 0
0 2.49808 0
0 2.48241 0
0 2.46673 0
0 2.45105 0
0 2.43535 0
0 2.41965 0
0 2.40393 0
0 2.38821 0
0 2.37247 0
0 2.35672 0
0 2.34097 0
0 2.32521 0
0 2.30943 0
0 2.29365 0
0 2.27785 0
0 2.26205 0
0 2.24623 0
0 2.23041 0
0 2.21458 0
0 2.19873 0
0 2.18288 0
0 2.16702 0
0 2.15115 0
0 2.13526 0
0 2.11937 0
0 2.10347 0
0 2.08756 0
0 2.07164 0
0 2.05571 0
0 2.03976 0
0 2.02381 0
0 2.00785 0
0 1.99188 0
0 1.9759 0
0 1.95991 0
0 1.94391 0
0 1.9279 0
0 1.91188 0
0 1.89585 0
0 1.87981 0
0 1.86376 0
0 1.8477 0
0 1.83163 0
0 1.81556 0
0 1.79947 0
0 1.78337 0
0 1.76726 0
0 1.75114 0
0 1.73502 0
0 1.71888 0
0 1.70273 0
0 1.68657 0
0 1.67041 0
0 1.65423 0
0 1.63804 0
0 1.62185 0
0 1.60564 0
0 1.58943 0
0 1.5732 0
0 1.55696 0
0 1.54072 0
0 1.52446 0
0 1.5082 0
0 1.49192 0
0 1.47564 0
0 1.45935 0
0 1.44304 0
0 1.42673 0
0 1.4104 0
0 1.39407 0
0 1.37773 0
0 1.36137 0
0 1.34501 0
0 1.32864 0
0 1.31225 0
0 1.29586 0
0 1.27946 0
0 1.26305 0
0 1.24663 0
0 1.23019 0
0 1.21375 0
0 1.1973 0
0 1.18084 0
0 1.16437 0
0 1.14789 0
0 1.1314 0
0 1.1149 0
0 1.09839 0
0 1.08187 0
0 1.06534 0
0 1.0488 0
0 1.03225 0
0 1.01569 0
0 0.999119 0
0 0.98254 0
0 0.965951 0
0 0.949353 0
0 0.932744 0
0 0.916126 0
0 0.899498 0
0 0.882861 0
0 0.866213 0
0 0.849556 0
0 0.832889 0
0 0.816212 0
0 0.799525 0
0 0.782828 0
0 0.766122 0
0 0.749405 0
0 0.732679 0
0 0.715943 0
0 0.699198 0
0 0.682442 0
0 0.665677 0
0 0.648902 0
0 0.632117 0
0 0.615322 0
0 0.598518 0
0 0.581703 0
0 0.564879 0
0 0.548045 0
0 0.531202 0
0 0.514348 0
0 0.497485 0
0 0.480611 0
0 0.463728 0
0 0.446836 0
0 0.429933 0
0 0.413021 0
0 0.396098 0
0 0.379166 0
0 0.362224 0
0 0.345273 0
0 0.328311 0
0 0.31134 0
0 0.294359 0
0 0.277368 0
0 0.260367 0
0 0.243357 0
0 0.226336 0
0 0.209306 0
0 0.192266 0
0 0.175216 0
0 0.158157 0
0 0.141087 0
0 0.124008 0
0 0.106919 0
0 0.0898202 0
0 0.0727116 0
0 0.0555932 0
0 0.0384649 0
0 0.0213268 0
0 0.00417894 0
0 -0.0129787 0
0 -0.0301462 0
0 -0.0473236 0
0 -0.0645107 0
0 -0.0817076 0
0 -0.0989143 0
0 -0.116131 0
0 -0.133357 0
0 -0.150593 0
0 -0.167839 0
0 -0.185095 0
0 -0.202361 0
0 -0.219636 0
0 -0.236921 0
0 -0.254216 0
0 -0.271521 0
0 -0.288836 0
0 -0.30616 0
0 -0.323495 0
0 -0.340839 0
0 -0.358193 0
0 -0.375556 0
0 -0.39293 0
0 -0.410313 0
0 -0.427706 0
0 -0.445109 0
0 -0.462522 0
0 -0.479945 0
0 -0.497377 0
0 -0.514819 0
0 -0.532271 0
0 -0.549733 0
0 -0.567205 0
0 -0.584686 0
0 -0.602177 0
0 -0.619678 0
0 -0.637189 0
0 -0.65471 0
0 -0.67224 0
0 -0.68978 0
0 -0.707331 0
0 -0.72489 0
0 -0.74246 0
0 -0.76004 0
0 -0.777629 0
0 -0.795228 0
0 -0.812837 0
0 -0.830456 0
0 -0.848084 0
0 -0.865723 0
0 -0.883371 0
0 -0.901029 0
0 -0.918697 0
0 -0.936374 0
0 -0.954062 0
0 -0.971759 0
0 -0.989466 0
0 -1.00718 0
0 -1.02491 0
0 -1.04265 0
0 -1.06039 0
0 -1.07815 0
0 -1.09591 0
0 -1.11369 0
0 -1.13148 0
0 -1.14927 0
0 -1.16708 0
0 -1.18489 0
0 -1.20272 0
0 -1.22055 0
0 -1.23839 0
0 -1.25625 0
0 -1.27411 0
0 -1.29199 0
0 -1.30987 0
0 -1.32776 0
0 -1.34567 0
0 -1.36358 0
0 -1.3815 0
0 -1.39944 0
0 -1.41738 0
0 -1.43533 0
0 -1.45329 0
0 -1.47126 0
0 -1.48925 0
0 -1.50724 0
0 -1.52524 0
0 -1.54325 0
0 -1.56127 0
0 -1.5793 0
0 -1.59734 0
0 -1.61539 0
0 -1.63345 0
0 -1.65152 0
0 -1.6696 0
0 -1.68769 0
0 -1.70579 0
0 -1.7239 0
0 -1.74202 0
0 -1.76015 0
0 -1.77829 0
0 -1.79644 0
0 -1.8146 0
0 -1.83276 0
0 -1.85094 0
0 -1.86913 0
0 -1.88733 0
0 -1.90553 0
0 -1.92375 0
0 -1.94198 0
0 -1.96021 0
0 -1.97846 0
0 -1.99672 0
0 -2.01498 0
0 -2.03326 0
0 -2.05155 0
0 -2.06984 0
0 -2.08815 0
0 -2.10646 0
0 -2.12479 0
0 -2.14312 0
0 -2.16147 0
0 -2.17982 0
0 -2.19819 0
0 -2.21656 0
0 -2.23494 0
0 -2.25334 0
0 -2.27174 0
0 -2.29015 0
0 -2.30858 0
0 -2.32701 0
0 -2.34545 0
0 -2.36391 0
0 -2.38237 0
0 -2.40084 0
0 -2.41932 0
0 -2.43781 0
0 -2.45632 0
0 -2.47483 0
0 -2.49335 0
0 -2.51188 0
0 -2.53042 0
0 -2.54897 0
0 -2.56753 0
0 -2.5861 0
0 -2.60468 0
0 -2.62327 0
0 -2.64187 0
0 -2.66048 0
0 -2.6791 0
0 -2.69773 0
0 -2.71637 0
0 -2.73502 0
0 -2.75368 0
0 -2.77235 0
0 -2.79102 0
0 -2.80971 0
0 -2.82841 0
0 -2.84712 0
0 -2.86583 0
0 -2.88456 0
0 -2.9033 0
0 -2.92205 0
0 -2.9408 0
0 -2.95957 0
0 -2.97835 0
0 -2.99713 0
0 -3.01593 0
0 -3.03473 0
0 -3.05355 0
0 -3.07237 0
0 -3.09121 0
0 -3.11005 0
0 -3.12891 0
0 -3.14777 0
0 -3.16665 0
0 -3.18553 0
0 -3.20443 0
0 -3.22333 0
0 -3.24224 0
0 -3.26117 0
0 -3.2801 0
0 -3.29904 0
0 -3.318 0
0 -3.33696 0
0 -3.35593 0
0 -3.37491 0
0 -3.39391 0
0 -3.41291 0
0 -3.43192 0
0 -3.45094 0
0 -3.46997 0
0 -3.48901 0
0 -3.50807 0
0 -3.52713 0
0 -3.5462 0
0 -3.56528 0
0 -3.58437 0
0 -3.60347 0
0 -3.62258 0
0 -3.6417 0
0 -3.66083 0
0 -3.67997 0
0 -3.69912 0
0 -3.71827 0
0 -3.73744 0
0 -3.75662 0
0 -3.77581 0
0 -3.79501 0
0 -3.81422 0
0 -3.83343 0
0 -3.85266 0
0 -3.8719 0
0 -3.89115 0
0 -3.9104 0
0 -3.92967 0
0 -3.94895 0
0 -3.96823 0
0 -3.98753 0
0 -4.00684 0
0 -4.02615 0
0 -4.04548 0
0 -4.06481 0
0 -4.08416 0
0 -4.10351 0
0 -4.12288 0
0 -4.14225 0
0 -4.16164 0
0 -4.18103 0
0 -4.20044 0
0 -4.21985 0
0 -4.23927 0
0 -4.25871 0
0 -4.27815 0
0 -4.2976 0
0 -4.31707 0
0 -4.33654 0
0 -4.35602 0
0 -4.37552 0
0 -4.39502 0
0 -4.41453 0
0 -4.43405 0
0 -4.45358 0
3.11982e-19 -4.45857 0.000121835
3.11678e-19 -4.45832 0.000287071
3.1143e-19 -4.45808 0.000451799
3.11225e-19 -4.45785 0.000616043
3.10642e-19 -4.45763 0.000779755
3.10215e-19 -4.45741 0.000942975
3.09857e-19 -4.4572 0.00110572
3.09443e-19 -4.45699 0.00126816
3.09746e-19 -4.45679 0.00142984
3.09896e-19 -4.4566 0.0015914
3.08875e-19 -4.45641 0.00175212
3.07783e-19 -4.45623 0.00191274
3.06098e-19 -4.45606 0.00207244
3.04414e-19 -4.45589 0.00223214
3.04541e-19 -4.45573 0.00239085
3.04956e-19 -4.45558 0.00254941
3.05142e-19 -4.45543 0.00270746
3.05004e-19 -4.45529 0.00286477
3.04865e-19 -4.45515 0.00302209
3.02562e-19 -4.45502 0.00317844
2.99332e-19 -4.4549 0.00333437
2.96101e-19 -4.45479 0.00349031
2.93519e-19 -4.45468 0.00364523
2.91282e-19 -4.45457 0.00379962
2.89046e-19 -4.45447 0.003954
2.87033e-19 -4.45439 0.00410799
2.85791e-19 -4.4543 0.00426063
2.84549e-19 -4.45422 0.00441328
2.83306e-19 -4.45415 0.00456592
2.81106e-19 -4.45409 0.00471779
2.77434e-19 -4.45403 0.00486849
2.73762e-19 -4.45397 0.00501918
2.7009e-19 -4.45393 0.00516987
2.6669e-19 -4.4539 0.00532038
2.6611e-19 -4.45386 0.00546888
2.6553e-19 -4.45383 0.00561738
2.64951e-19 -4.45381 0.00576589
2.64371e-19 -4.4538 0.00591439
2.64028e-19 -4.45379 0.00606224
2.64332e-19 -4.45379 0.00620829
2.64635e-19 -4.45379 0.00635434
2.64939e-19 -4.4538 0.00650039
2.65243e-19 -4.45382 0.00664645
2.65547e-19 -4.45386 0.0067925
2.65261e-19 -4.45388 0.00693612
2.64902e-19 -4.45391 0.00707943
2.64543e-19 -4.45395 0.00722275
2.64184e-19 -4.45401 0.00736607
2.63825e-19 -4.45407 0.00750938
2.63466e-19 -4.45414 0.0076527
2.71571e-19 -4.4542 0.00779335
2.8093e-19 -4.45427 0.00793361
2.9029e-19 -4.45435 0.00807386
2.99649e-19 -4.45444 0.00821412
3.09009e-19 -4.45454 0.00835437
3.18368e-19 -4.45465 0.00849463
3.26884e-19 -4.45476 0.00863434
3.30943e-19 -4.45487 0.00877119
3.35001e-19 -4.45498 0.00890803
3.3906e-19 -4.4551 0.00904487
3.43118e-19 -4.45524 0.00918171
3.47177e-19 -4.45538 0.00931856
3.51236e-19 -4.45553 0.0094554
3.55294e-19 -4.4557 0.00959224
3.5694e-19 -4.45585 0.00972649
3.57464e-19 -4.45601 0.00985953
3.57989e-19 -4.45617 0.00999257
3.58514e-19 -4.45635 0.0101256
3.59038e-19 -4.45653 0.0102587
3.59563e-19 -4.45673 0.0103917
3.60087e-19 -4.45693 0.0105247
3.60612e-19 -4.45715 0.0106578
3.60982e-19 -4.45736 0.0107893
3.61065e-19 -4.45757 0.0109181
3.61148e-19 -4.45778 0.011047
3.6123e-19 -4.458 0.0111758
3.61313e-19 -4.45824 0.0113046
3.61396e-19 -4.45848 0.0114334
3.61479e-19 -4.45873 0.0115622
3.61562e-19 -4.459 0.011691
3.61644e-19 -4.45927 0.0118198
3.6178e-19 -4.45955 0.0119485
3.6363e-19 -4.45981 0.0120725
3.65479e-19 -4.46008 0.0121966
3.67329e-19 -4.46036 0.0123207
3.69179e-19 -4.46065 0.0124447
3.71029e-19 -4.46094 0.0125688
3.72879e-19 -4.46125 0.0126929
3.74728e-19 -4.46157 0.012817
3.76578e-19 -4.4619 0.012941
3.78428e-19 -4.46223 0.0130651
3.80278e-19 -4.46258 0.0131892
3.78218e-19 -4.46292 0.0133099
3.73883e-19 -4.46325 0.0134287
3.69548e-19 -4.46359 0.0135475
3.65214e-19 -4.46394 0.0136663
3.60879e-19 -4.46429 0.0137851
3.56545e-19 -4.46466 0.0139039
3.5221e-19 -4.46504 0.0140227
3.47875e-19 -4.46543 0.0141415
3.43541e-19 -4.46583 0.0142603
3.39206e-19 -4.46624 0.0143791
3.34872e-19 -4.46665 0.0144979
3.29903e-19 -4.46708 0.0146165
3.07015e-19 -4.46748 0.0147294
2.84127e-19 -4.46788 0.0148423
2.6124e-19 -4.4683 0.0149552
2.38352e-19 -4.46872 0.0150681
2.15464e-19 -4.46916 0.015181
1.92576e-19 -4.4696 0.015294
1.69688e-19 -4.47006 0.0154069
1.468e-19 -4.47052 0.0155198
1.23913e-19 -4.471 0.0156327
1.01025e-19 -4.47148 0.0157456
7.81368e-20 -4.47197 0.0158585
5.5249e-20 -4.47248 0.0159714
3.46173e-20 -4.47299 0.0160838
3.77924e-20 -4.47346 0.0161902
4.09674e-20 -4.47395 0.0162965
4.41424e-20 -4.47445 0.0164029
4.73175e-20 -4.47495 0.0165092
5.04925e-20 -4.47547 0.0166156
5.36675e-20 -4.476 0.0167219
5.68426e-20 -4.47653 0.0168283
6.00176e-20 -4.47708 0.0169347
6.31926e-20 -4.47763 0.017041
6.63677e-20 -4.4782 0.0171474
6.95427e-20 -4.47877 0.0172537
7.27177e-20 -4.47936 0.0173601
7.58928e-20 -4.47995 0.0174665
7.90678e-20 -4.48056 0.0175728
7.28686e-20 -4.48114 0.0176744
6.19078e-20 -4.48171 0.0177734
5.0947e-20 -4.4823 0.0178725
3.99863e-20 -4.48289 0.0179716
2.90255e-20 -4.48349 0.0180706
1.80647e-20 -4.4841 0.0181697
7.10397e-21 -4.48472 0.0182688
-3.8568e-21 -4.48535 0.0183678
-1.48176e-20 -4.486 0.0184669
-2.57783e-20 -4.48665 0.018566
-3.67391e-20 -4.48731 0.0186651
-4.76999e-20 -4.48798 0.0187641
-5.86606e-20 -4.48866 0.0188632
-6.96214e-20 -4.48935 0.0189623
-8.05822e-20 -4.49005 0.0190613
-9.15429e-20 -4.49076 0.0191604
-9.77822e-20 -4.49145 0.0192547
-1.00792e-19 -4.49212 0.0193456
-1.03801e-19 -4.4928 0.0194366
-1.0681e-19 -4.49349 0.0195276
-1.0982e-19 -4.4942 0.0196186
-1.12829e-19 -4.49491 0.0197095
-1.15839e-19 -4.49563 0.0198005
-1.18848e-19 -4.49636 0.0198915
-1.21857e-19 -4.4971 0.0199824
-1.24867e-19 -4.49785 0.0200734
-1.27876e-19 -4.49861 0.0201644
-1.30885e-19 -4.49938 0.0202553
-1.33895e-19 -4.50016 0.0203463
-1.36904e-19 -4.50095 0.0204373
-1.39914e-19 -4.50175 0.0205283
-1.42923e-19 -4.50256 0.0206192
-1.45932e-19 -4.50338 0.0207102
-1.48942e-19 -4.50421 0.0208012
-1.52556e-19 -4.50501 0.020886
-1.56448e-19 -4.50579 0.020968
-1.60341e-19 -4.50659 0.0210499
-1.64234e-19 -4.50739 0.0211319
-1.68127e-19 -4.50821 0.0212139
-1.7202e-19 -4.50903 0.0212958
-1.75913e-19 -4.50987 0.0213778
-1.79806e-19 -4.51071 0.0214598
-1.83699e-19 -4.51156 0.0215418
-1.87591e-19 -4.51243 0.0216237
-1.91484e-19 -4.5133 0.0217057
-1.95377e-19 -4.51418 0.0217877
-1.9927e-19 -4.51508 0.0218696
-2.03163e-19 -4.51598 0.0219516
-2.07056e-19 -4.51689 0.0220336
-2.10949e-19 -4.51782 0.0221156
-2.14841e-19 -4.51875 0.0221975
-2.18734e-19 -4.51969 0.0222795
-2.22627e-19 -4.52064 0.0223615
-2.2652e-19 -4.5216 0.0224435
-2.41403e-19 -4.52253 0.0225181
-2.60315e-19 -4.52344 0.0225901
-2.79227e-19 -4.52436 0.0226621
-2.98139e-19 -4.52529 0.0227341
-3.17051e-19 -4.52623 0.0228061
-3.35963e-19 -4.52718 0.0228781
-3.54876e-19 -4.52814 0.0229501
-3.73788e-19 -4.52911 0.023022
-3.927e-19 -4.53009 0.023094
-4.11612e-19 -4.53108 0.023166
-4.30524e-19 -4.53208 0.023238
-4.49436e-19 -4.53308 0.02331
-4.68348e-19 -4.5341 0.023382
-4.87261e-19 -4.53513 0.023454
-5.06173e-19 -4.53617 0.023526
-5.25085e-19 -4.53722 0.023598
-5.43997e-19 -4.53828 0.0236699
-5.62909e-19 -4.53934 0.0237419
-5.81821e-19 -4.54042 0.0238139
-6.00734e-19 -4.54151 0.0238859
-6.19646e-19 -4.54261 0.0239579
-6.38558e-19 -4.54371 0.0240299
-6.62075e-19 -4.54479 0.0240961
-6.89822e-19 -4.54584 0.024157
-7.17569e-19 -4.5469 0.024218
-7.45316e-19 -4.54797 0.0242789
-7.73063e-19 -4.54905 0.0243399
-8.0081e-19 -4.55013 0.0244008
-8.28557e-19 -4.55123 0.0244617
-8.56304e-19 -4.55234 0.0245227
-8.84052e-19 -4.55346 0.0245836
-9.11799e-19 -4.55458 0.0246445
-9.39546e-19 -4.55572 0.0247055
-9.67293e-19 -4.55687 0.0247664
-9.9504e-19 -4.55802 0.0248273
-1.02279e-18 -4.55919 0.0248883
-1.05053e-18 -4.56036 0.0249492
-1.07828e-18 -4.56155 0.0250102
-1.10603e-18 -4.56275 0.0250711
-1.13377e-18 -4.56395 0.025132
-1.16152e-18 -4.56517 0.025193
-1.18927e-18 -4.56639 0.0252539
-1.21702e-18 -4.56763 0.0253148
-1.24476e-18 -4.56887 0.0253758
-1.27251e-18 -4.57013 0.0254367
-1.30026e-18 -4.57139 0.0254976
-1.328e-18 -4.57266 0.0255586
-1.37014e-18 -4.57388 0.0256096
-1.41555e-18 -4.57509 0.0256583
-1.46097e-18 -4.5763 0.025707
-1.50639e-18 -4.57753 0.0257557
-1.5518e-18 -4.57877 0.0258045
-1.59722e-18 -4.58001 0.0258532
-1.64264e-18 -4.58127 0.0259019
-1.68805e-18 -4.58254 0.0259506
-1.73347e-18 -4.58381 0.0259994
-1.77889e-18 -4.5851 0.0260481
-1.82431e-18 -4.58639 0.0260968
-1.86972e-18 -4.5877 0.0261455
-1.91514e-18 -4.58902 0.0261943
-1.96056e-18 -4.59034 0.026243
-2.00597e-18 -4.59168 0.0262917
-2.05139e-18 -4.59302 0.0263404
-2.09681e-18 -4.59437 0.0263892
-2.14222e-18 -4.59574 0.0264379
-2.18764e-18 -4.59711 0.0264866
-2.23306e-18 -4.5985 0.0265353
-2.27847e-18 -4.59989 0.026584
-2.32389e-18 -4.60129 0.0266328
-2.36931e-18 -4.60271 0.0266815
-2.41472e-18 -4.60413 0.0267302
-2.46014e-18 -4.60556 0.0267789
-2.50556e-18 -4.60701 0.0268277
-2.55097e-18 -4.60846 0.0268764
-2.57565e-18 -4.60989 0.0269203
-2.56364e-18 -4.61127 0.0269555
-2.55163e-18 -4.61265 0.0269908
-2.53962e-18 -4.61405 0.0270261
-2.52761e-18 -4.61546 0.0270613
-2.5156e-18 -4.61687 0.0270966
-2.50359e-18 -4.6183 0.0271319
-2.49158e-18 -4.61974 0.0271672
-2.47957e-18 -4.62118 0.0272024
-2.46756e-18 -4.62264 0.0272377
-2.45555e-18 -4.6241 0.027273
-2.44354e-18 -4.62558 0.0273083
-2.43153e-18 -4.62706 0.0273435
-2.41952e-18 -4.62856 0.0273788
-2.40751e-18 -4.63006 0.0274141
-2.3955e-18 -4.63158 0.0274493
-2.38349e-18 -4.6331 0.0274846
-2.37148e-18 -4.63464 0.0275199
-2.35947e-18 -4.63618 0.0275552
-2.34746e-18 -4.63773 0.0275904
-2.33545e-18 -4.6393 0.0276257
-2.32344e-18 -4.64087 0.027661
-2.31143e-18 -4.64245 0.0276963
-2.29942e-18 -4.64405 0.0277315
-2.28741e-18 -4.64565 0.0277668
-2.2754e-18 -4.64726 0.0278021
-2.26339e-18 -4.64888 0.0278373
-2.25138e-18 -4.65052 0.0278726
-2.23937e-18 -4.65216 0.0279079
-2.22736e-18 -4.65381 0.0279432
-2.21535e-18 -4.65547 0.0279784
-2.21844e-18 -4.65705 0.0280004
-2.22322e-18 -4.65863 0.0280209
-2.228e-18 -4.66021 0.0280414
-2.23277e-18 -4.66181 0.0280619
-2.23755e-18 -4.66342 0.0280824
-2.24232e-18 -4.66503 0.028103
-2.2471e-18 -4.66666 0.0281235
-2.25188e-18 -4.66829 0.028144
-2.25665e-18 -4.66994 0.0281645
-2.26143e-18 -4.6716 0.028185
-2.26621e-18 -4.67326 0.0282055
-2.27098e-18 -4.67494 0.028226
-2.27576e-18 -4.67662 0.0282465
-2.28054e-18 -4.67831 0.028267
-2.28531e-18 -4.68002 0.0282875
-2.29009e-18 -4.68173 0.028308
-2.29486e-18 -4.68346 0.0283285
-2.29964e-18 -4.68519 0.028349
-2.30442e-18 -4.68693 0.0283696
-2.30919e-18 -4.68869 0.0283901
-2.31397e-18 -4.69045 0.0284106
-2.31875e-18 -4.69222 0.0284311
-2.32352e-18 -4.69401 0.0284516
-2.3283e-18 -4.6958 0.0284721
-2.33307e-18 -4.6976 0.0284926
-2.33785e-18 -4.69941 0.0285131
-2.34263e-18 -4.70124 0.0285336
-2.3474e-18 -4.70307 0.0285541
-2.35218e-18 -4.70491 0.0285746
-2.35696e-18 -4.70676 0.0285951
-2.36173e-18 -4.70862 0.0286156
-2.36651e-18 -4.71049 0.0286362
-2.37129e-18 -4.71238 0.0286567
-2.38098e-18 -4.71425 0.0286745
-2.41579e-18 -4.71604 0.0286789
-2.45061e-18 -4.71783 0.0286833
-2.48542e-18 -4.71964 0.0286877
-2.52024e-18 -4.72145 0.028692
-2.55505e-18 -4.72328 0.0286964
-2.58986e-18 -4.72511 0.0287008
-2.62468e-18 -4.72696 0.0287052
-2.65949e-18 -4.72882 0.0287095
-2.69431e-18 -4.73068 0.0287139
-2.72912e-18 -4.73256 0.0287183
-2.76394e-18 -4.73444 0.0287227
-2.79875e-18 -4.73633 0.028727
-2.83357e-18 -4.73824 0.0287314
-2.86838e-18 -4.74015 0.0287358
-2.9032e-18 -4.74208 0.0287402
-2.93801e-18 -4.74401 0.0287445
-2.97283e-18 -4.74595 0.0287489
-3.00764e-18 -4.74791 0.0287533
-3.04246e-18 -4.74987 0.0287577
-3.07727e-18 -4.75184 0.028762
-3.11209e-18 -4.75383 0.0287664
-3.1469e-18 -4.75582 0.0287708
-3.18172e-18 -4.75782 0.0287752
-3.21653e-18 -4.75983 0.0287795
-3.25135e-18 -4.76185 0.0287839
-3.28616e-18 -4.76389 0.0287883
-3.32098e-18 -4.76593 0.0287927
-3.35579e-18 -4.76798 0.028797
-3.39061e-18 -4.77004 0.0288014
-3.42542e-18 -4.77211 0.0288058
-3.46024e-18 -4.77419 0.0288102
-3.49505e-18 -4.77628 0.0288145
-3.52987e-18 -4.77838 0.0288189
-3.56468e-18 -4.78049 0.0288233
-3.5995e-18 -4.78261 0.0288277
-3.63431e-18 -4.78474 0.028832
-3.66913e-18 -4.78688 0.0288364
-3.69126e-18 -4.78892 0.0288251
-3.71194e-18 -4.79096 0.0288119
-3.73261e-18 -4.793 0.0287987
-3.75329e-18 -4.79506 0.0287856
-3.77397e-18 -4.79712 0.0287724
-3.79465e-18 -4.7992 0.0287593
-3.81533e-18 -4.80128 0.0287461
-3.83601e-18 -4.80338 0.028733
-3.85669e-18 -4.80548 0.0287198
-3.87737e-18 -4.80759 0.0287067
-3.89805e-18 -4.80972 0.0286935
-3.91873e-18 -4.81185 0.0286804
-3.93941e-18 -4.81399 0.0286672
-3.96009e-18 -4.81615 0.0286541
-3.98076e-18 -4.81831 0.0286409
-4.00144e-18 -4.82048 0.0286278
-4.02212e-18 -4.82267 0.0286146
-4.0428e-18 -4.82486 0.0286015
-4.06348e-18 -4.82706 0.0285883
-4.08416e-18 -4.82927 0.0285752
-4.10484e-18 -4.83149 0.028562
-4.12552e-18 -4.83373 0.0285489
-4.1462e-18 -4.83597 0.0285357
-4.16688e-18 -4.83822 0.0285226
-4.18756e-18 -4.84048 0.0285094
-4.20823e-18 -4.84275 0.0284963
-4.22891e-18 -4.84503 0.0284831
-4.24959e-18 -4.84732 0.02847
-4.27027e-18 -4.84962 0.0284568
-4.29095e-18 -4.85193 0.0284437
-4.31163e-18 -4.85425 0.0284305
-4.33231e-18 -4.85658 0.0284174
-4.35299e-18 -4.85892 0.0284042
-4.37367e-18 -4.86127 0.0283911
-4.39435e-18 -4.86363 0.0283779
-4.41503e-18 -4.866 0.0283648
-4.4357e-18 -4.86838 0.0283516
-4.45638e-18 -4.87076 0.0283385
-4.47706e-18 -4.87316 0.0283253
-4.49774e-18 -4.87557 0.0283122
-4.51842e-18 -4.87799 0.028299
-4.5483e-18 -4.8803 0.0282694
-4.57958e-18 -4.88261 0.0282374
-4.61086e-18 -4.88492 0.0282053
-4.64214e-18 -4.88724 0.0281733
-4.67342e-18 -4.88958 0.0281412
-4.7047e-18 -4.89192 0.0281091
-4.73598e-18 -4.89427 0.0280771
-4.76726e-18 -4.89663 0.028045
-4.79854e-18 -4.89901 0.028013
-4.82983e-18 -4.90139 0.0279809
-4.86111e-18 -4.90378 0.0279488
-4.89239e-18 -4.90618 0.0279168
-4.92367e-18 -4.9086 0.0278847
-4.95495e-18 -4.91102 0.0278527
-4.98623e-18 -4.91345 0.0278206
-5.01751e-18 -4.91589 0.0277886
-5.04879e-18 -4.91834 0.0277565
-5.08007e-18 -4.9208 0.0277244
-5.11135e-18 -4.92327 0.0276924
-5.14264e-18 -4.92575 0.0276603
-5.17392e-18 -4.92824 0.0276283
-5.2052e-18 -4.93074 0.0275962
-5.23648e-18 -4.93325 0.0275641
-5.26776e-18 -4.93577 0.0275321
-5.29904e-18 -4.9383 0.0275
-5.33032e-18 -4.94084 0.027468
-5.3616e-18 -4.94339 0.0274359
-5.39288e-18 -4.94595 0.0274038
-5.42416e-18 -4.94852 0.0273718
-5.45545e-18 -4.9511 0.0273397
-5.48673e-18 -4.95368 0.0273077
-5.51801e-18 -4.95628 0.0272756
-5.54929e-18 -4.95889 0.0272435
-5.58057e-18 -4.96151 0.0272115
-5.61185e-18 -4.96414 0.0271794
-5.64313e-18 -4.96677 0.0271474
-5.67441e-18 -4.96942 0.0271153
-5.70569e-18 -4.97208 0.0270832
-5.73697e-18 -4.97474 0.0270512
-5.76825e-18 -4.97742 0.0270191
-5.79954e-18 -4.98011 0.0269871
-5.83082e-18 -4.9828 0.026955
-5.8621e-18 -4.98551 0.0269229
-5.89338e-18 -4.98823 0.0268909
-5.92466e-18 -4.99095 0.0268588
-5.93703e-18 -4.99356 0.0268087
-5.94711e-18 -4.99616 0.0267564
-5.95719e-18 -4.99878 0.0267042
-5.96727e-18 -5.0014 0.0266519
-5.97734e-18 -5.00403 0.0265996
-5.98742e-18 -5.00667 0.0265473
-5.9975e-18 -5.00932 0.026495
-6.00758e-18 -5.01198 0.0264427
-6.01765e-18 -5.01465 0.0263904
-6.02773e-18 -5.01733 0.0263382
-6.03781e-18 -5.02003 0.0262859
-6.04788e-18 -5.02273 0.0262336
-6.05796e-18 -5.02544 0.0261813
-6.06804e-18 -5.02816 0.026129
-6.07812e-18 -5.03089 0.0260767
-6.08819e-18 -5.03363 0.0260244
-6.09827e-18 -5.03637 0.0259722
-6.10835e-18 -5.03913 0.0259199
-6.11843e-18 -5.0419 0.0258676
-6.1285e-18 -5.04468 0.0258153
-6.13858e-18 -5.04747 0.025763
-6.14866e-18 -5.05027 0.0257107
-6.15873e-18 -5.05308 0.0256584
-6.16881e-18 -5.0559 0.0256062
-6.17889e-18 -5.05872 0.0255539
-6.18897e-18 -5.06156 0.0255016
-6.19904e-18 -5.06441 0.0254493
-6.20912e-18 -5.06727 0.025397
-6.2192e-18 -5.07013 0.0253447
-6.22928e-18 -5.07301 0.0252925
-6.23935e-18 -5.0759 0.0252402
-6.24943e-18 -5.07879 0.0251879
-6.25951e-18 -5.0817 0.0251356
-6.26959e-18 -5.08462 0.0250833
-6.27966e-18 -5.08754 0.025031
-6.28974e-18 -5.09048 0.0249787
-6.29982e-18 -5.09342 0.0249265
-6.30989e-18 -5.09638 0.0248742
-6.31997e-18 -5.09934 0.0248219
-6.33005e-18 -5.10232 0.0247696
-6.34013e-18 -5.1053 0.0247173
-6.3502e-18 -5.1083 0.024665
-6.36028e-18 -5.1113 0.0246127
-6.37036e-18 -5.11432 0.0245605
-6.38044e-18 -5.11734 0.0245082
-6.39051e-18 -5.12038 0.0244559
-6.40059e-18 -5.12342 0.0244036
-6.41067e-18 -5.12647 0.0243513
-6.42074e-18 -5.12954 0.024299
-6.38441e-18 -5.13248 0.024228
-6.34148e-18 -5.13541 0.0241543
-6.29855e-18 -5.13835 0.0240806
-6.25562e-18 -5.1413 0.0240069
-6.21268e-18 -5.14426 0.0239332
-6.16975e-18 -5.14723 0.0238595
-6.12682e-18 -5.15022 0.0237858
-6.08389e-18 -5.15321 0.0237121
-6.04096e-18 -5.15621 0.0236384
-5.99802e-18 -5.15922 0.0235647
-5.95509e-18 -5.16224 0.023491
-5.91216e-18 -5.16527 0.0234173
-5.86923e-18 -5.16831 0.0233436
-5.8263e-18 -5.17135 0.0232699
-5.78336e-18 -5.17441 0.0231962
-5.74043e-18 -5.17748 0.0231225
-5.6975e-18 -5.18056 0.0230488
-5.65457e-18 -5.18365 0.0229751
-5.61164e-18 -5.18675 0.0229014
-5.5687e-18 -5.18986 0.0228277
-5.52577e-18 -5.19297 0.022754
-5.48284e-18 -5.1961 0.0226803
-5.43991e-18 -5.19924 0.0226067
-5.39698e-18 -5.20239 0.022533
-5.35404e-18 -5.20554 0.0224593
-5.31111e-18 -5.20871 0.0223856
-5.26818e-18 -5.21189 0.0223119
-5.22525e-18 -5.21507 0.0222382
-5.18232e-18 -5.21827 0.0221645
-5.13938e-18 -5.22148 0.0220908
-5.09645e-18 -5.22469 0.0220171
-5.05352e-18 -5.22792 0.0219434
-5.01059e-18 -5.23116 0.0218697
-4.96766e-18 -5.2344 0.021796
-4.92473e-18 -5.23766 0.0217223
-4.88179e-18 -5.24092 0.0216486
-4.83886e-18 -5.2442 0.0215749
-4.79593e-18 -5.24748 0.0215012
-4.753e-18 -5.25078 0.0214275
-4.71007e-18 -5.25408 0.0213538
-4.66713e-18 -5.25739 0.0212801
-4.6242e-18 -5.26072 0.0212064
-4.58127e-18 -5.26405 0.0211327
-4.53834e-18 -5.2674 0.021059
-4.49541e-18 -5.27075 0.0209853
-4.45247e-18 -5.27411 0.0209116
-4.40954e-18 -5.27749 0.0208379
-4.36661e-18 -5.28087 0.0207642
-4.32368e-18 -5.28426 0.0206905
-4.28075e-18 -5.28766 0.0206168
-4.23781e-18 -5.29108 0.0205431
-4.19488e-18 -5.2945 0.0204694
-4.15195e-18 -5.29793 0.0203957
-4.13192e-18 -5.30124 0.0203027
-4.11549e-18 -5.30453 0.0202066
-4.09906e-18 -5.30783 0.0201105
-4.08264e-18 -5.31114 0.0200144
-4.06621e-18 -5.31447 0.0199183
-4.04978e-18 -5.3178 0.0198222
-4.03335e-18 -5.32114 0.0197262
-4.01693e-18 -5.32449 0.0196301
-4.0005e-18 -5.32786 0.019534
-3.98407e-18 -5.33123 0.0194379
-3.96764e-18 -5.33461 0.0193418
-3.95122e-18 -5.338 0.0192457
-3.93479e-18 -5.3414 0.0191496
-3.91836e-18 -5.34481 0.0190536
-3.90194e-18 -5.34823 0.0189575
-3.88551e-18 -5.35166 0.0188614
-3.86908e-18 -5.3551 0.0187653
-3.85265e-18 -5.35855 0.0186692
-3.83623e-18 -5.36201 0.0185731
-3.8198e-18 -5.36548 0.018477
-3.80337e-18 -5.36896 0.0183809
-3.78694e-18 -5.37245 0.0182849
-3.77052e-18 -5.37595 0.0181888
-3.75409e-18 -5.37946 0.0180927
-3.73766e-18 -5.38298 0.0179966
-3.72123e-18 -5.38651 0.0179005
-3.70481e-18 -5.39005 0.0178044
-3.68838e-18 -5.3936 0.0177083
-3.67195e-18 -5.39715 0.0176123
-3.65553e-18 -5.40072 0.0175162
-3.6391e-18 -5.4043 0.0174201
-3.62267e-18 -5.40789 0.017324
-3.60624e-18 -5.41148 0.0172279
-3.58982e-18 -5.41509 0.0171318
-3.57339e-18 -5.41871 0.0170357
-3.55696e-18 -5.42233 0.0169396
-3.54053e-18 -5.42597 0.0168436
-3.52411e-18 -5.42962 0.0167475
-3.50768e-18 -5.43327 0.0166514
-3.49125e-18 -5.43694 0.0165553
-3.47482e-18 -5.44062 0.0164592
-3.4584e-18 -5.4443 0.0163631
-3.44197e-18 -5.448 0.016267
-3.42554e-18 -5.4517 0.016171
-3.40912e-18 -5.45542 0.0160749
-3.39269e-18 -5.45914 0.0159788
-3.37626e-18 -5.46288 0.0158827
-3.35983e-18 -5.46662 0.0157866
-3.34341e-18 -5.47037 0.0156905
-3.32698e-18 -5.47414 0.0155944
-3.31055e-18 -5.47791 0.0154983
-3.29412e-18 -5.4817 0.0154023
-3.2777e-18 -5.48549 0.0153062
-3.26127e-18 -5.48929 0.0152101
-3.24484e-18 -5.49311 0.015114
-3.22841e-18 -5.49693 0.0150179
-3.21199e-18 -5.50075 0.0149194
-3.19556e-18 -5.50443 0.0148003
-3.17913e-18 -5.50811 0.0146811
-3.1627e-18 -5.51181 0.014562
-3.14628e-18 -5.51552 0.0144428
-3.12985e-18 -5.51924 0.0143236
-3.11342e-18 -5.52297 0.0142045
-3.097e-18 -5.52671 0.0140853
-3.08057e-18 -5.53046 0.0139662
-3.06414e-18 -5.53421 0.013847
-3.04771e-18 -5.53798 0.0137279
-3.03129e-18 -5.54176 0.0136087
-3.01486e-18 -5.54555 0.0134895
-2.99843e-18 -5.54934 0.0133704
-2.982e-18 -5.55315 0.0132512
-2.96558e-18 -5.55697 0.0131321
-2.94915e-18 -5.56079 0.0130129
-2.93272e-18 -5.56463 0.0128938
-2.91629e-18 -5.56848 0.0127746
-2.89987e-18 -5.57233 0.0126554
-2.88344e-18 -5.5762 0.0125363
-2.86701e-18 -5.58007 0.0124171
-2.85059e-18 -5.58396 0.012298
-2.83416e-18 -5.58785 0.0121788
-2.81773e-18 -5.59176 0.0120597
-2.8013e-18 -5.59567 0.0119405
-2.78488e-18 -5.5996 0.0118213
-2.76845e-18 -5.60353 0.0117022
-2.75202e-18 -5.60748 0.011583
-2.73559e-18 -5.61143 0.0114639
-2.71917e-18 -5.6154 0.0113447
-2.70274e-18 -5.61937 0.0112256
-2.68631e-18 -5.62335 0.0111064
-2.66988e-18 -5.62735 0.0109872
-2.65346e-18 -5.63135 0.0108681
-2.63703e-18 -5.63536 0.0107489
-2.6206e-18 -5.63939 0.0106298
-2.60418e-18 -5.64342 0.0105106
-2.58775e-18 -5.64746 0.0103914
-2.57132e-18 -5.65151 0.0102723
-2.55489e-18 -5.65557 0.0101531
-2.53847e-18 -5.65965 0.010034
-2.52204e-18 -5.66373 0.00991482
-2.50561e-18 -5.66782 0.00979566
-2.48918e-18 -5.67192 0.0096765
-2.47276e-18 -5.67603 0.00955735
-2.45633e-18 -5.68015 0.00943819
-2.4399e-18 -5.68428 0.00931903
-2.42347e-18 -5.68842 0.00919987
-2.40705e-18 -5.69257 0.00908072
-2.39062e-18 -5.69673 0.00896156
-2.37419e-18 -5.7009 0.0088424
-2.35777e-18 -5.70508 0.00872324
-2.34134e-18 -5.70927 0.00860409
-2.32491e-18 -5.71347 0.00848493
-2.30848e-18 -5.71768 0.00836577
-2.29206e-18 -5.7219 0.00824661
-2.27563e-18 -5.72613 0.00812746
-2.2592e-18 -5.73037 0.0080083
-2.24277e-18 -5.73462 0.00788914
-2.22471e-18 -5.73886 0.00776728
-2.19415e-18 -5.74296 0.00762475
-2.16359e-18 -5.74707 0.00748222
-2.13302e-18 -5.75119 0.00733969
-2.10246e-18 -5.75533 0.00719715
-2.0719e-18 -5.75947 0.00705462
-2.04133e-18 -5.76362 0.00691209
-2.01077e-18 -5.76778 0.00676956
-1.98021e-18 -5.77195 0.00662703
-1.94964e-18 -5.77613 0.0064845
-1.91908e-18 -5.78033 0.00634196
-1.88852e-18 -5.78453 0.00619943
-1.85795e-18 -5.78874 0.0060569
-1.82739e-18 -5.79296 0.00591437
-1.79683e-18 -5.79719 0.00577184
-1.76626e-18 -5.80143 0.0056293
-1.7357e-18 -5.80568 0.00548677
-1.70514e-18 -5.80994 0.00534424
-1.67458e-18 -5.81421 0.00520171
-1.64401e-18 -5.81849 0.00505918
-1.61345e-18 -5.82278 0.00491665
-1.58289e-18 -5.82707 0.00477411
-1.55232e-18 -5.83138 0.00463158
-1.52176e-18 -5.8357 0.00448905
-1.4912e-18 -5.84003 0.00434652
-1.46063e-18 -5.84437 0.00420399
-1.43007e-18 -5.84872 0.00406146
-1.39951e-18 -5.85307 0.00391892
-1.36894e-18 -5.85744 0.00377639
-1.33838e-18 -5.86182 0.00363386
-1.30782e-18 -5.86621 0.00349133
-1.27725e-18 -5.8706 0.0033488
-1.24669e-18 -5.87501 0.00320626
-1.21613e-18 -5.87943 0.00306373
-1.18557e-18 -5.88385 0.0029212
-1.155e-18 -5.88829 0.00277867
-1.12444e-18 -5.89274 0.00263614
-1.09388e-18 -5.89719 0.00249361
-1.06331e-18 -5.90166 0.00235107
-1.03275e-18 -5.90613 0.00220854
-1.00219e-18 -5.91062 0.00206601
-9.71623e-19 -5.91511 0.00192348
-9.4106e-19 -5.91962 0.00178095
-9.10497e-19 -5.92413 0.00163842
-8.79934e-19 -5.92866 0.00149588
-8.49371e-19 -5.93319 0.00135335
-8.18807e-19 -5.93774 0.00121082
-7.88244e-19 -5.94229 0.00106829
-7.57681e-19 -5.94685 0.000925756
-7.27118e-19 -5.95143 0.000783225
-6.96555e-19 -5.95601 0.000640693
-6.65992e-19 -5.9606 0.000498161
-6.35429e-19 -5.96521 0.000355629
-6.04865e-19 -5.96982 0.000213098
-5.74302e-19 -5.97444 7.05659e-05
-5.43739e-19 -5.97908 -7.19659e-05
-5.13176e-19 -5.98372 -0.000214498
-4.82613e-19 -5.98837 -0.000357029
-4.5205e-19 -5.99303 -0.000499561
-4.21487e-19 -5.9977 -0.000642093
-3.90923e-19 -6.00239 -0.000784625
-3.6036e-19 -6.00708 -0.000927156
-3.29797e-19 -6.01178 -0.00106969
-3.51709e-19 -6.01637 -0.00122991
-3.90058e-19 -6.02092 -0.00139567
-4.28407e-19 -6.02549 -0.00156143
-4.66756e-19 -6.03006 -0.00172719
-5.05105e-19 -6.03465 -0.00189296
-5.43454e-19 -6.03925 -0.00205872
-5.81803e-19 -6.04385 -0.00222448
-6.20152e-19 -6.04847 -0.00239024
-6.585e-19 -6.05309 -0.002556
-6.96849e-19 -6.05773 -0.00272176
-7.35198e-19 -6.06237 -0.00288753
-7.73547e-19 -6.06703 -0.00305329
-8.11896e-19 -6.07169 -0.00321905
-8.50245e-19 -6.07637 -0.00338481
-8.88594e-19 -6.08105 -0.00355057
-9.26943e-19 -6.08574 -0.00371633
-9.65291e-19 -6.09045 -0.0038821
-1.00364e-18 -6.09516 -0.00404786
-1.04199e-18 -6.09988 -0.00421362
-1.08034e-18 -6.10462 -0.00437938
-1.11869e-18 -6.10936 -0.00454514
-1.15704e-18 -6.11411 -0.00471091
-1.19538e-18 -6.11887 -0.00487667
-1.23373e-18 -6.12365 -0.00504243
-1.27208e-18 -6.12843 -0.00520819
-1.31043e-18 -6.13322 -0.00537395
-1.34878e-18 -6.13802 -0.00553971
-1.38713e-18 -6.14283 -0.00570548
-1.42548e-18 -6.14766 -0.00587124
-1.46383e-18 -6.15249 -0.006037
-1.50218e-18 -6.15733 -0.00620276
-1.54052e-18 -6.16218 -0.00636852
-1.57887e-18 -6.16704 -0.00653428
-1.61722e-18 -6.17191 -0.00670005
-1.65557e-18 -6.17679 -0.00686581
-1.69392e-18 -6.18168 -0.00703157
-1.73227e-18 -6.18658 -0.00719733
-1.77062e-18 -6.19149 -0.00736309
-1.80897e-18 -6.19641 -0.00752885
-1.84732e-18 -6.20134 -0.00769462
-1.88566e-18 -6.20628 -0.00786038
-1.92401e-18 -6.21123 -0.00802614
-1.96236e-18 -6.21619 -0.0081919
-2.00071e-18 -6.22115 -0.00835766
-2.03906e-18 -6.22613 -0.00852342
-2.07741e-18 -6.23112 -0.00868919
-2.11576e-18 -6.23612 -0.00885495
-2.15411e-18 -6.24113 -0.00902071
-2.19246e-18 -6.24614 -0.00918647
-2.2308e-18 -6.25117 -0.00935223
-2.26915e-18 -6.25621 -0.00951799
-2.3075e-18 -6.26126 -0.00968376
-2.34585e-18 -6.26631 -0.00984952
-2.3842e-18 -6.27138 -0.0100153
-2.42255e-18 -6.27646 -0.010181
-2.4609e-18 -6.28154 -0.0103468
-2.49925e-18 -6.28664 -0.0105126
-2.5376e-18 -6.29174 -0.0106783
-2.57594e-18 -6.29686 -0.0108441
-2.61429e-18 -6.30198 -0.0110099
-2.65264e-18 -6.30712 -0.0111756
-2.69099e-18 -6.31227 -0.0113414
-2.72934e-18 -6.31742 -0.0115071
-2.74594e-18 -6.32254 -0.0116789
-2.70301e-18 -6.32756 -0.0118673
-2.66008e-18 -6.33258 -0.0120557
-2.61715e-18 -6.33762 -0.012244
-2.57422e-18 -6.34266 -0.0124324
-2.53128e-18 -6.34772 -0.0126208
-2.48835e-18 -6.35278 -0.0128091
-2.44542e-18 -6.35785 -0.0129975
-2.40249e-18 -6.36294 -0.0131858
-2.35956e-18 -6.36803 -0.0133742
-2.31662e-18 -6.37313 -0.0135626
-2.27369e-18 -6.37825 -0.0137509
-2.23076e-18 -6.38337 -0.0139393
-2.18783e-18 -6.3885 -0.0141277
-2.1449e-18 -6.39364 -0.014316
-2.10196e-18 -6.39879 -0.0145044
-2.05903e-18 -6.40396 -0.0146927
-2.0161e-18 -6.40913 -0.0148811
-1.97317e-18 -6.41431 -0.0150695
-1.93024e-18 -6.4195 -0.0152578
-1.8873e-18 -6.4247 -0.0154462
-1.84437e-18 -6.42991 -0.0156346
-1.80144e-18 -6.43513 -0.0158229
-1.75851e-18 -6.44036 -0.0160113
-1.71558e-18 -6.44561 -0.0161996
-1.67264e-18 -6.45086 -0.016388
-1.62971e-18 -6.45612 -0.0165764
-1.58678e-18 -6.46138 -0.0167647
-1.54385e-18 -6.46666 -0.0169531
-1.50092e-18 -6.47195 -0.0171415
-1.45798e-18 -6.47725 -0.0173298
-1.41505e-18 -6.48256 -0.0175182
-1.37212e-18 -6.48788 -0.0177065
-1.32919e-18 -6.49321 -0.0178949
-1.28626e-18 -6.49855 -0.0180833
-1.24332e-18 -6.5039 -0.0182716
-1.20039e-18 -6.50925 -0.01846
-1.15746e-18 -6.51462 -0.0186484
-1.11453e-18 -6.52 -0.0188367
-1.0716e-18 -6.52539 -0.0190251
-1.02867e-18 -6.53078 -0.0192134
-9.85733e-19 -6.53619 -0.0194018
-9.42801e-19 -6.54161 -0.0195902
-8.99869e-19 -6.54704 -0.0197785
-8.56937e-19 -6.55247 -0.0199669
-8.14005e-19 -6.55792 -0.0201553
-7.71073e-19 -6.56337 -0.0203436
-7.28141e-19 -6.56884 -0.020532
-6.85209e-19 -6.57432 -0.0207203
-6.42277e-19 -6.5798 -0.0209087
-5.99345e-19 -6.5853 -0.0210971
-5.56414e-19 -6.5908 -0.0212854
-5.13482e-19 -6.59632 -0.0214738
-4.7055e-19 -6.60184 -0.0216622
-4.27618e-19 -6.60738 -0.0218505
-3.84686e-19 -6.61292 -0.0220389
-3.41754e-19 -6.61848 -0.0222272
-2.98822e-19 -6.62404 -0.0224156
-2.5589e-19 -6.62961 -0.022604
-2.12958e-19 -6.6352 -0.0227923
-1.70026e-19 -6.64079 -0.0229807
-1.27094e-19 -6.64639 -0.0231691
-8.41619e-20 -6.65201 -0.0233574
-5.37467e-20 -6.6576 -0.0235497
-7.97268e-20 -6.66309 -0.0237595
-1.05707e-19 -6.66858 -0.0239694
-1.31687e-19 -6.67408 -0.0241792
-1.57667e-19 -6.67959 -0.0243891
-1.83647e-19 -6.68511 -0.024599
-2.09627e-19 -6.69064 -0.0248088
-2.35607e-19 -6.69618 -0.0250187
-2.61587e-19 -6.70173 -0.0252285
-2.87567e-19 -6.70729 -0.0254384
-3.13547e-19 -6.71285 -0.0256482
-3.39527e-19 -6.71843 -0.0258581
-3.65507e-19 -6.72402 -0.0260679
-3.91487e-19 -6.72962 -0.0262778
-4.17467e-19 -6.73523 -0.0264876
-4.43448e-19 -6.74085 -0.0266975
-4.69428e-19 -6.74647 -0.0269074
-4.95408e-19 -6.75211 -0.0271172
-5.21388e-19 -6.75776 -0.0273271
-5.47368e-19 -6.76342 -0.0275369
-5.73348e-19 -6.76908 -0.0277468
-5.99328e-19 -6.77476 -0.0279566
-6.25308e-19 -6.78045 -0.0281665
-6.51288e-19 -6.78614 -0.0283763
-6.77268e-19 -6.79185 -0.0285862
-7.03248e-19 -6.79757 -0.028796
-7.29228e-19 -6.80329 -0.0290059
-7.55208e-19 -6.80903 -0.0292158
-7.81188e-19 -6.81478 -0.0294256
-8.07168e-19 -6.82053 -0.0296355
-8.33148e-19 -6.8263 -0.0298453
-8.59128e-19 -6.83207 -0.0300552
-8.85108e-19 -6.83786 -0.030265
-9.11088e-19 -6.84365 -0.0304749
-9.37068e-19 -6.84946 -0.0306847
-9.63049e-19 -6.85527 -0.0308946
-9.89029e-19 -6.86109 -0.0311044
-1.01501e-18 -6.86693 -0.0313143
-1.04099e-18 -6.87277 -0.0315242
-1.06697e-18 -6.87862 -0.031734
-1.09295e-18 -6.88449 -0.0319439
-1.11893e-18 -6.89036 -0.0321537
-1.14491e-18 -6.89624 -0.0323636
-1.17089e-18 -6.90214 -0.0325734
-1.19687e-18 -6.90804 -0.0327833
-1.22285e-18 -6.91395 -0.0329931
-1.24883e-18 -6.91987 -0.033203
-1.27481e-18 -6.92581 -0.0334128
-1.30079e-18 -6.93175 -0.0336227
-1.32677e-18 -6.9377 -0.0338326
-1.35275e-18 -6.94366 -0.0340424
-1.37873e-18 -6.94963 -0.0342523
-1.40471e-18 -6.95561 -0.0344621
-1.43069e-18 -6.9616 -0.034672
-1.45667e-18 -6.96761 -0.0348818
-1.48265e-18 -6.97362 -0.0350917
-1.50863e-18 -6.97964 -0.0353015
-1.53461e-18 -6.98567 -0.0355114
-1.56059e-18 -6.99171 -0.0357212
-1.58657e-18 -6.99776 -0.0359311
-1.61255e-18 -7.00382 -0.036141
-1.62932e-18 -7.00985 -0.0363555
-1.61642e-18 -7.01579 -0.0365854
-1.60353e-18 -7.02174 -0.0368152
-1.59064e-18 -7.0277 -0.037045
-1.57774e-18 -7.03366 -0.0372748
-1.56485e-18 -7.03964 -0.0375046
-1.55196e-18 -7.04563 -0.0377344
-1.53906e-18 -7.05163 -0.0379642
-1.52617e-18 -7.05763 -0.038194
-1.51328e-18 -7.06365 -0.0384238
-1.50038e-18 -7.06968 -0.0386536
-1.48749e-18 -7.07571 -0.0388834
-1.4746e-18 -7.08176 -0.0391133
-1.4617e-18 -7.08781 -0.0393431
-1.44881e-18 -7.09388 -0.0395729
-1.43592e-18 -7.09996 -0.0398027
-1.42302e-18 -7.10604 -0.0400325
-1.41013e-18 -7.11214 -0.0402623
-1.39724e-18 -7.11824 -0.0404921
-1.38434e-18 -7.12435 -0.0407219
-1.37145e-18 -7.13048 -0.0409517
-1.35856e-18 -7.13661 -0.0411815
-1.34566e-18 -7.14276 -0.0414114
-1.33277e-18 -7.14891 -0.0416412
-1.31987e-18 -7.15508 -0.041871
-1.30698e-18 -7.16125 -0.0421008
-1.29409e-18 -7.16743 -0.0423306
-1.28119e-18 -7.17363 -0.0425604
-1.2683e-18 -7.17983 -0.0427902
-1.25541e-18 -7.18604 -0.04302
-1.24251e-18 -7.19226 -0.0432498
-1.22962e-18 -7.1985 -0.0434796
-1.21673e-18 -7.20474 -0.0437095
-1.20383e-18 -7.21099 -0.0439393
-1.19094e-18 -7.21725 -0.0441691
-1.17805e-18 -7.22352 -0.0443989
-1.16515e-18 -7.22981 -0.0446287
-1.15226e-18 -7.2361 -0.0448585
-1.13937e-18 -7.2424 -0.0450883
-1.12647e-18 -7.24871 -0.0453181
-1.11358e-18 -7.25503 -0.0455479
-1.10069e-18 -7.26136 -0.0457777
-1.08779e-18 -7.2677 -0.0460076
-1.0749e-18 -7.27405 -0.0462374
-1.06201e-18 -7.28041 -0.0464672
-1.04911e-18 -7.28678 -0.046697
-1.03622e-18 -7.29316 -0.0469268
-1.02333e-18 -7.29955 -0.0471566
-1.01043e-18 -7.30595 -0.0473864
-9.9754e-19 -7.31236 -0.0476162
-9.84647e-19 -7.31878 -0.047846
-9.71753e-19 -7.3252 -0.0480758
-9.5886e-19 -7.33164 -0.0483057
-9.45966e-19 -7.33809 -0.0485355
-9.33073e-19 -7.34455 -0.0487653
-9.2018e-19 -7.35102 -0.0489951
-9.07286e-19 -7.35749 -0.0492249
-9.01383e-19 -7.36397 -0.0494569
-9.46799e-19 -7.37034 -0.0497048
-9.92216e-19 -7.37672 -0.0499527
-1.03763e-18 -7.3831 -0.0502006
-1.08305e-18 -7.3895 -0.0504485
-1.12847e-18 -7.39591 -0.0506964
-1.17388e-18 -7.40233 -0.0509443
-1.2193e-18 -7.40876 -0.0511921
-1.26472e-18 -7.4152 -0.05144
-1.31013e-18 -7.42164 -0.0516879
-1.35555e-18 -7.4281 -0.0519358
-1.40097e-18 -7.43457 -0.0521837
-1.44638e-18 -7.44105 -0.0524316
-1.4918e-18 -7.44753 -0.0526795
-1.53722e-18 -7.45403 -0.0529274
-1.58263e-18 -7.46054 -0.0531753
-1.62805e-18 -7.46705 -0.0534232
-1.67347e-18 -7.47358 -0.0536711
-1.71888e-18 -7.48012 -0.053919
-1.7643e-18 -7.48666 -0.0541669
-1.80972e-18 -7.49322 -0.0544148
-1.85513e-18 -7.49978 -0.0546627
-1.90055e-18 -7.50636 -0.0549106
-1.94597e-18 -7.51294 -0.0551585
-1.99139e-18 -7.51954 -0.0554064
-2.0368e-18 -7.52614 -0.0556543
-2.08222e-18 -7.53276 -0.0559022
-2.12764e-18 -7.53938 -0.0561501
-2.17305e-18 -7.54602 -0.056398
-2.21847e-18 -7.55266 -0.0566459
-2.26389e-18 -7.55932 -0.0568938
-2.3093e-18 -7.56598 -0.0571417
-2.35472e-18 -7.57265 -0.0573896
-2.40014e-18 -7.57934 -0.0576375
-2.44555e-18 -7.58603 -0.0578854
-2.49097e-18 -7.59273 -0.0581333
-2.53639e-18 -7.59944 -0.0583812
-2.5818e-18 -7.60617 -0.0586291
-2.62722e-18 -7.6129 -0.058877
-2.67264e-18 -7.61964 -0.0591249
-2.71805e-18 -7.62639 -0.0593728
-2.76347e-18 -7.63316 -0.0596207
-2.80889e-18 -7.63993 -0.0598686
-2.8543e-18 -7.64671 -0.0601165
-2.89972e-18 -7.6535 -0.0603644
-2.94514e-18 -7.6603 -0.0606123
-2.99055e-18 -7.66711 -0.0608602
-3.03597e-18 -7.67393 -0.0611081
-3.08139e-18 -7.68076 -0.0613559
-3.1268e-18 -7.6876 -0.0616038
-3.17222e-18 -7.69445 -0.0618517
-3.21764e-18 -7.70131 -0.0620996
-3.25425e-18 -7.70816 -0.062351
-3.25903e-18 -7.71493 -0.0626149
-3.2638e-18 -7.7217 -0.0628788
-3.26858e-18 -7.72849 -0.0631427
-3.27336e-18 -7.73528 -0.0634067
-3.27813e-18 -7.74209 -0.0636706
-3.28291e-18 -7.7489 -0.0639345
-3.28769e-18 -7.75573 -0.0641984
-3.29246e-18 -7.76256 -0.0644623
-3.29724e-18 -7.76941 -0.0647262
-3.30202e-18 -7.77626 -0.0649901
-3.30679e-18 -7.78313 -0.065254
-3.31157e-18 -7.79 -0.065518
-3.31634e-18 -7.79689 -0.0657819
-3.32112e-18 -7.80378 -0.0660458
-3.3259e-18 -7.81068 -0.0663097
-3.33067e-18 -7.8176 -0.0665736
-3.33545e-18 -7.82452 -0.0668375
-3.34023e-18 -7.83145 -0.0671014
-3.345e-18 -7.8384 -0.0673653
-3.34978e-18 -7.84535 -0.0676293
-3.35456e-18 -7.85231 -0.0678932
-3.35933e-18 -7.85928 -0.0681571
-3.36411e-18 -7.86627 -0.068421
-3.36888e-18 -7.87326 -0.0686849
-3.37366e-18 -7.88026 -0.0689488
-3.37844e-18 -7.88727 -0.0692127
-3.38321e-18 -7.89429 -0.0694766
-3.38799e-18 -7.90132 -0.0697405
-3.39277e-18 -7.90836 -0.0700045
-3.39754e-18 -7.91541 -0.0702684
-3.40232e-18 -7.92247 -0.0705323
-3.4071e-18 -7.92955 -0.0707962
-3.41187e-18 -7.93663 -0.0710601
-3.41665e-18 -7.94372 -0.071324
-3.42142e-18 -7.95082 -0.0715879
-3.4262e-18 -7.95792 -0.0718518
-3.43098e-18 -7.96504 -0.0721158
-3.43575e-18 -7.97217 -0.0723797
-3.44053e-18 -7.97931 -0.0726436
-3.44531e-18 -7.98646 -0.0729075
-3.45008e-18 -7.99362 -0.0731714
-3.45486e-18 -8.00079 -0.0734353
-3.45964e-18 -8.00797 -0.0736992
-3.46441e-18 -8.01515 -0.0739631
-3.46919e-18 -8.02235 -0.0742271
-3.48861e-18 -8.02952 -0.0744969
-3.52784e-18 -8.03664 -0.0747746
-3.56707e-18 -8.04377 -0.0750524
-3.60631e-18 -8.05091 -0.0753302
-3.64554e-18 -8.05806 -0.075608
-3.68477e-18 -8.06522 -0.0758858
-3.724e-18 -8.07238 -0.0761635
-3.76323e-18 -8.07956 -0.0764413
-3.80247e-18 -8.08675 -0.0767191
-3.8417e-18 -8.09395 -0.0769969
-3.88093e-18 -8.10116 -0.0772747
-3.92016e-18 -8.10837 -0.0775525
-3.9594e-18 -8.1156 -0.0778302
-3.99863e-18 -8.12284 -0.078108
-4.03786e-18 -8.13009 -0.0783858
-4.07709e-18 -8.13734 -0.0786636
-4.11633e-18 -8.14461 -0.0789414
-4.15556e-18 -8.15189 -0.0792191
-4.19479e-18 -8.15917 -0.0794969
-4.23402e-18 -8.16647 -0.0797747
-4.27326e-18 -8.17377 -0.0800525
-4.31249e-18 -8.18109 -0.0803303
-4.35172e-18 -8.18841 -0.0806081
-4.39095e-18 -8.19575 -0.0808858
-4.43018e-18 -8.20309 -0.0811636
-4.46942e-18 -8.21045 -0.0814414
-4.50865e-18 -8.21781 -0.0817192
-4.54788e-18 -8.22519 -0.081997
-4.58711e-18 -8.23257 -0.0822747
-4.62635e-18 -8.23997 -0.0825525
-4.66558e-18 -8.24737 -0.0828303
-4.70481e-18 -8.25479 -0.0831081
-4.74404e-18 -8.26221 -0.0833859
-4.78328e-18 -8.26964 -0.0836636
-4.82251e-18 -8.27709 -0.0839414
-4.86174e-18 -8.28454 -0.0842192
-4.90097e-18 -8.292 -0.084497
-4.94021e-18 -8.29947 -0.0847748
-4.97944e-18 -8.30696 -0.0850526
-5.01393e-18 -8.31444 -0.0853313
-4.99309e-18 -8.32186 -0.0856208
-4.97224e-18 -8.32929 -0.0859104
-4.9514e-18 -8.33673 -0.0861999
-4.93055e-18 -8.34418 -0.0864895
-4.90971e-18 -8.35163 -0.086779
-4.88887e-18 -8.3591 -0.0870686
-4.86802e-18 -8.36658 -0.0873582
-4.84718e-18 -8.37407 -0.0876477
-4.82633e-18 -8.38156 -0.0879373
-4.80549e-18 -8.38907 -0.0882268
-4.78464e-18 -8.39659 -0.0885164
-4.7638e-18 -8.40411 -0.0888059
-4.74295e-18 -8.41165 -0.0890955
-4.72211e-18 -8.4192 -0.0893851
-4.70126e-18 -8.42675 -0.0896746
-4.68042e-18 -8.43432 -0.0899642
-4.65957e-18 -8.4419 -0.0902537
-4.63873e-18 -8.44948 -0.0905433
-4.61788e-18 -8.45708 -0.0908328
-4.59704e-18 -8.46468 -0.0911224
-4.57619e-18 -8.4723 -0.091412
-4.55535e-18 -8.47992 -0.0917015
-4.5345e-18 -8.48756 -0.0919911
-4.51366e-18 -8.4952 -0.0922806
-4.49281e-18 -8.50285 -0.0925702
-4.47197e-18 -8.51052 -0.0928597
-4.45112e-18 -8.51819 -0.0931493
-4.43028e-18 -8.52588 -0.0934389
-4.40944e-18 -8.53357 -0.0937284
-4.38859e-18 -8.54127 -0.094018
-4.36775e-18 -8.54899 -0.0943075
-4.3469e-18 -8.55671 -0.0945971
-4.32656e-18 -8.56444 -0.0948869
-4.32603e-18 -8.57211 -0.0951863
-4.32551e-18 -8.5798 -0.0954856
-4.32498e-18 -8.58749 -0.095785
-4.32446e-18 -8.59519 -0.0960844
-4.32393e-18 -8.6029 -0.0963838
-4.32341e-18 -8.61062 -0.0966832
-4.32288e-18 -8.61836 -0.0969826
-4.32236e-18 -8.6261 -0.0972819
-4.32184e-18 -8.63385 -0.0975813
-4.32131e-18 -8.64161 -0.0978807
-4.32079e-18 -8.64938 -0.0981801
-4.32026e-18 -8.65716 -0.0984795
-4.31974e-18 -8.66495 -0.0987789
-4.31921e-18 -8.67275 -0.0990782
-4.31869e-18 -8.68056 -0.0993776
-4.31816e-18 -8.68838 -0.099677
-4.31764e-18 -8.69621 -0.0999764
-4.31711e-18 -8.70405 -0.100276
-4.31659e-18 -8.7119 -0.100575
-4.31607e-18 -8.71976 -0.100875
-4.31554e-18 -8.72763 -0.101174
-4.31502e-18 -8.73551 -0.101473
-4.31449e-18 -8.7434 -0.101773
-4.31397e-18 -8.7513 -0.102072
-4.31344e-18 -8.75921 -0.102371
-4.31292e-18 -8.76713 -0.102671
-4.31239e-18 -8.77505 -0.10297
-4.31324e-18 -8.78295 -0.103276
-4.31448e-18 -8.79084 -0.103583
-4.31573e-18 -8.79874 -0.103891
-4.31697e-18 -8.80665 -0.104198
-4.31821e-18 -8.81457 -0.104506
-4.31945e-18 -8.8225 -0.104813
-4.3207e-18 -8.83044 -0.105121
-4.32194e-18 -8.83839 -0.105428
-4.32318e-18 -8.84635 -0.105736
-4.32442e-18 -8.85432 -0.106043
-4.32567e-18 -8.8623 -0.10635
-4.32691e-18 -8.87029 -0.106658
-4.32815e-18 -8.87828 -0.106965
-4.32939e-18 -8.88629 -0.107273
-4.33064e-18 -8.89431 -0.10758
-4.33188e-18 -8.90234 -0.107888
-4.33312e-18 -8.91038 -0.108195
-4.33436e-18 -8.91842 -0.108503
-4.33561e-18 -8.92648 -0.10881
-4.33685e-18 -8.93455 -0.109118
-4.33809e-18 -8.94262 -0.109425
-4.33933e-18 -8.95071 -0.109732
-4.34433e-18 -8.95878 -0.110044
-4.35131e-18 -8.96684 -0.110358
-4.3583e-18 -8.97491 -0.110672
-4.36528e-18 -8.98299 -0.110986
-4.37227e-18 -8.99108 -0.1113
-4.37925e-18 -8.99918 -0.111614
-4.38624e-18 -9.00729 -0.111928
-4.39322e-18 -9.01541 -0.112242
-4.40021e-18 -9.02354 -0.112556
-4.40719e-18 -9.03167 -0.11287
-4.41418e-18 -9.03982 -0.113184
-4.42116e-18 -9.04798 -0.113498
-4.42815e-18 -9.05615 -0.113812
-4.43513e-18 -9.06433 -0.114126
-4.44212e-18 -9.07251 -0.11444
-4.4491e-18 -9.08071 -0.114754
-4.45609e-18 -9.08892 -0.115068
-4.46307e-18 -9.09714 -0.115382
-4.45245e-18 -9.10533 -0.115701
-4.43956e-18 -9.11353 -0.11602
-4.42666e-18 -9.12174 -0.11634
-4.41377e-18 -9.12996 -0.116659
-4.40088e-18 -9.13819 -0.116978
-4.38798e-18 -9.14643 -0.117298
-4.37509e-18 -9.15467 -0.117617
-4.3622e-18 -9.16293 -0.117936
-4.3493e-18 -9.1712 -0.118255
-4.33641e-18 -9.17948 -0.118575
-4.32352e-18 -9.18777 -0.118894
-4.31062e-18 -9.19606 -0.119213
-4.29773e-18 -9.20437 -0.119532
-4.28484e-18 -9.21269 -0.119852
-4.28901e-18 -9.22099 -0.120174
-4.29909e-18 -9.2293 -0.120498
-4.30917e-18 -9.23762 -0.120821
-4.31924e-18 -9.24595 -0.121145
-4.32932e-18 -9.25428 -0.121468
-4.3394e-18 -9.26263 -0.121792
-4.34948e-18 -9.27098 -0.122115
-4.35955e-18 -9.27935 -0.122438
-4.36963e-18 -9.28773 -0.122762
-4.37971e-18 -9.29611 -0.123085
-4.38979e-18 -9.30451 -0.123409
-4.39258e-18 -9.3129 -0.123734
-4.39007e-18 -9.32129 -0.124061
-4.38756e-18 -9.32969 -0.124388
-4.38505e-18 -9.3381 -0.124715
-4.38253e-18 -9.34653 -0.125042
-4.38002e-18 -9.35496 -0.125368
-4.37751e-18 -9.3634 -0.125695
-4.375e-18 -9.37185 -0.126022
-4.37249e-18 -9.38031 -0.126349
-4.37086e-18 -9.38876 -0.126678
-4.36945e-18 -9.39723 -0.127007
-4.36804e-18 -9.4057 -0.127336
-4.36663e-18 -9.41418 -0.127666
-4.36522e-18 -9.42267 -0.127995
-4.36382e-18 -9.43117 -0.128325
-4.36241e-18 -9.43968 -0.128654
-4.36221e-18 -9.44819 -0.128985
-4.36212e-18 -9.4567 -0.129317
-4.36204e-18 -9.46523 -0.129648
-4.36196e-18 -9.47376 -0.12998
-4.36187e-18 -9.48231 -0.130311
-4.36185e-18 -9.49086 -0.130644
-4.36188e-18 -9.49941 -0.130977
-4.3885e-18 -9.49995 -0.130999
-4.41738e-18 -9.4999 -0.130999
-4.44627e-18 -9.49986 -0.130999
-4.47515e-18 -9.49984 -0.130999
-4.50404e-18 -9.49982 -0.130999
-4.53292e-18 -9.49981 -0.130999
-4.5618e-18 -9.49981 -0.130999
-4.59069e-18 -9.49983 -0.130999
-4.61957e-18 -9.49985 -0.130999
-4.64846e-18 -9.49988 -0.130999
-4.67734e-18 -9.49992 -0.130999
-4.70623e-18 -9.49997 -0.130999
-4.73511e-18 -9.50003 -0.130999
-4.764e-18 -9.5 -0.130999
-4.79288e-18 -9.5 -0.130999
-4.82177e-18 -9.5 -0.130999
-4.85065e-18 -9.5 -0.130999
-4.87954e-18 -9.5 -0.130999
-4.90842e-18 -9.5 -0.130999
-4.9373e-18 -9.5 -0.130999
-4.96619e-18 -9.5 -0.130999
-4.99507e-18 -9.5 -0.130999
-5.02396e-18 -9.5 -0.130999
-5.05284e-18 -9.5 -0.130999
-5.08173e-18 -9.5 -0.130999
-5.11061e-18 -9.5 -0.130999
-5.1395e-18 -9.5 -0.130999
-5.16838e-18 -9.5 -0.130999
-5.19727e-18 -9.5 -0.130999
-5.22615e-18 -9.5 -0.130999
-5.25504e-18 -9.5 -0.130999
-5.28392e-18 -9.5 -0.130999
-5.3128e-18 -9.5 -0.130999
-5.34169e-18 -9.5 -0.130999
-5.37057e-18 -9.5 -0.130999
-5.39946e-18 -9.5 -0.130999
-5.42834e-18 -9.5 -0.130999
-5.45723e-18 -9.5 -0.130999
-5.48611e-18 -9.5 -0.130999
-5.515e-18 -9.5 -0.130999
-5.54388e-18 -9.5 -0.130999
-5.57277e-18 -9.5 -0.130999
-5.60165e-18 -9.5 -0.130999
-5.63054e-18 -9.5 -0.130999
-5.65942e-18 -9.5 -0.130999
-5.6883e-18 -9.5 -0.130999
-5.71719e-18 -9.5 -0.130999
-5.74607e-18 -9.5 -0.130999
-5.77496e-18 -9.5 -0.130999
-5.80384e-18 -9.5 -0.130999
-5.83273e-18 -9.5 -0.130999
-5.86161e-18 -9.5 -0.130999
-5.8905e-18 -9.5 -0.130999
-5.91938e-18 -9.5 -0.130999
-5.94827e-18 -9.5 -0.130999
-5.97715e-18 -9.5 -0.130999
-6.00603e-18 -9.5 -0.130999
-6.03492e-18 -9.5 -0.130999
-6.0638e-18 -9.5 -0.130999
-6.09269e-18 -9.5 -0.130999
-6.12157e-18 -9.5 -0.130999
-6.15046e-18 -9.5 -0.130999
-6.17934e-18 -9.5 -0.130999
-6.20823e-18 -9.5 -0.130999
-6.23711e-18 -9.5 -0.130999
-6.266e-18 -9.5 -0.130999
-6.29488e-18 -9.5 -0.130999
-6.32377e-18 -9.5 -0.130999
-6.35265e-18 -9.5 -0.130999
-6.38153e-18 -9.5 -0.130999
-6.41042e-18 -9.5 -0.130999
-6.4393e-18 -9.5 -0.130999
-6.46819e-18 -9.5 -0.130999
-6.49707e-18 -9.5 -0.130999
-6.52596e-18 -9.5 -0.130999
-6.55484e-18 -9.5 -0.130999
-6.58373e-18 -9.5 -0.130999
-6.61261e-18 -9.5 -0.130999
-6.6415e-18 -9.5 -0.130999
-6.67038e-18 -9.5 -0.130999
-6.69927e-18 -9.5 -0.130999
-6.72815e-18 -9.5 -0.130999
-6.75703e-18 -9.5 -0.130999
-6.78592e-18 -9.5 -0.130999
-6.8148e-18 -9.5 -0.130999
-6.84369e-18 -9.5 -0.130999
-6.87257e-18 -9.5 -0.130999
-6.90146e-18 -9.5 -0.130999
-6.93034e-18 -9.5 -0.130999
-6.95923e-18 -9.5 -0.130999
-6.98811e-18 -9.5 -0.130999
-7.017e-18 -9.5 -0.130999
-7.04588e-18 -9.5 -0.130999
-7.07477e-18 -9.5 -0.130999
-7.10365e-18 -9.5 -0.130999
-7.13253e-18 -9.5 -0.130999
-7.16142e-18 -9.5 -0.130999
-7.1903e-18 -9.5 -0.130999
-7.21919e-18 -9.5 -0.130999
-7.24807e-18 -9.5 -0.130999
-7.27696e-18 -9.5 -0.130999
-7.30584e-18 -9.5 -0.130999
-7.33473e-18 -9.5 -0.130999
-7.36361e-18 -9.5 -0.130999
-7.3925e-18 -9.5 -0.130999
-7.42138e-18 -9.5 -0.130999
-7.45027e-18 -9.5 -0.130999
-7.47915e-18 -9.5 -0.130999
-7.50803e-18 -9.5 -0.130999
-7.53692e-18 -9.5 -0.130999
-7.5658e-18 -9.5 -0.130999
-7.59469e-18 -9.5 -0.130999
-7.62357e-18 -9.5 -0.130999
-7.65246e-18 -9.5 -0.130999
-7.68134e-18 -9.5 -0.130999
-7.71023e-18 -9.5 -0.130999
-7.73911e-18 -9.5 -0.130999
-7.768e-18 -9.5 -0.130999
-7.79688e-18 -9.5 -0.130999
-7.82576e-18 -9.5 -0.130999
-7.85465e-18 -9.5 -0.130999
-7.88353e-18 -9.5 -0.130999
-7.91242e-18 -9.5 -0.130999
-7.9413e-18 -9.5 -0.130999
-7.97019e-18 -9.5 -0.130999
-7.99907e-18 -9.5 -0.130999
-8.02796e-18 -9.5 -0.130999
-8.05684e-18 -9.5 -0.130999
-8.08573e-18 -9.5 -0.130999
-8.11461e-18 -9.5 -0.130999
-8.1435e-18 -9.5 -0.130999
-8.17238e-18 -9.5 -0.130999
-8.20126e-18 -9.5 -0.130999
-8.23015e-18 -9.5 -0.130999
-8.25903e-18 -9.5 -0.130999
-8.28792e-18 -9.5 -0.130999
-8.3168e-18 -9.5 -0.130999
-8.34569e-18 -9.5 -0.130999
-8.37457e-18 -9.5 -0.130999
-8.40346e-18 -9.5 -0.130999
-8.43234e-18 -9.5 -0.130999
-8.46123e-18 -9.5 -0.130999
-8.49011e-18 -9.5 -0.130999
-8.519e-18 -9.5 -0.130999
-8.54788e-18 -9.5 -0.130999
-8.57676e-18 -9.5 -0.130999
-8.60565e-18 -9.5 -0.130999
-8.63453e-18 -9.5 -0.130999
-8.66342e-18 -9.5 -0.130999
-8.6923e-18 -9.5 -0.130999
-8.72119e-18 -9.5 -0.130999
-8.75007e-18 -9.5 -0.130999
-8.77896e-18 -9.5 -0.130999
-8.80784e-18 -9.5 -0.130999
-8.83673e-18 -9.5 -0.130999
-8.86561e-18 -9.5 -0.130999
-8.8945e-18 -9.5 -0.130999
-8.92338e-18 -9.5 -0.130999
-8.95226e-18 -9.5 -0.130999
-8.98115e-18 -9.5 -0.130999
-9.01003e-18 -9.5 -0.130999
-9.03892e-18 -9.5 -0.130999
-9.0678e-18 -9.5 -0.130999
-9.09669e-18 -9.5 -0.130999
-9.12557e-18 -9.5 -0.130999
-9.15446e-18 -9.5 -0.130999
-9.18334e-18 -9.5 -0.130999
-9.21223e-18 -9.5 -0.130999
-9.24111e-18 -9.5 -0.130999
-9.27e-18 -9.5 -0.130999
-9.29888e-18 -9.5 -0.130999
-9.32776e-18 -9.5 -0.130999
-9.35665e-18 -9.5 -0.130999
-9.38553e-18 -9.5 -0.130999
-9.41442e-18 -9.5 -0.130999
-9.4433e-18 -9.5 -0.130999
-9.47219e-18 -9.5 -0.130999
-9.50107e-18 -9.5 -0.130999
-9.52996e-18 -9.5 -0.130999
-9.55884e-18 -9.5 -0.130999
-9.58773e-18 -9.5 -0.130999
-9.61661e-18 -9.5 -0.130999
-9.64549e-18 -9.5 -0.130999
-9.67438e-18 -9.5 -0.130999
-9.70326e-18 -9.5 -0.130999
-9.73215e-18 -9.5 -0.130999
-9.76103e-18 -9.5 -0.130999
-9.78992e-18 -9.5 -0.130999
-9.8188e-18 -9.5 -0.130999
-9.84769e-18 -9.5 -0.130999
-9.87657e-18 -9.5 -0.130999
-9.90546e-18 -9.5 -0.130999
-9.93434e-18 -9.5 -0.130999
-9.96323e-18 -9.5 -0.130999
-9.99211e-18 -9.5 -0.130999
-1.0021e-17 -9.5 -0.130999
-1.00499e-17 -9.5 -0.130999
-1.00788e-17 -9.5 -0.130999
-1.01076e-17 -9.5 -0.130999
-1.01365e-17 -9.5 -0.130999
-1.01654e-17 -9.5 -0.130999
-1.01943e-17 -9.5 -0.130999
-1.02232e-17 -9.5 -0.130999
-1.02521e-17 -9.5 -0.130999
-1.0281e-17 -9.5 -0.130999
-1.03098e-17 -9.5 -0.130999
-1.03387e-17 -9.5 -0.130999
-1.03676e-17 -9.5 -0.130999
-1.03965e-17 -9.5 -0.130999
