0.5 15 0 0 0.242536 0 0.1
1 14.9019 0 5.76062e-13 0.470588 -1.44015e-13 0.2
1.5 14.7057 0 1.64166e-12 0.67054 -5.58862e-13 0.3
2 14.4114 0 3.04974e-12 0.83045 -1.3385e-12 0.4
2.5 14.019 0 4.6065e-12 0.94077 -2.53132e-12 0.5
3 13.5285 0 6.08951e-12 0.994911 -4.1316e-12 0.6
3.5 12.9399 0 7.26871e-12 0.989642 -6.07593e-12 0.7
4 12.2532 0 7.92862e-12 0.925276 -8.24508e-12 0.8
4.5 11.4684 0 7.88985e-12 0.805658 -1.04713e-11 0.9
5 10.5855 0 7.02818e-12 0.637929 -1.25506e-11 1
5.5 9.6045 0 5.28955e-12 0.432107 -1.42593e-11 1.1
6 8.5254 0 2.69956e-12 0.200481 -1.5373e-11 1.2
6.5 7.3482 0 -6.33365e-13 -0.0431166 -1.56878e-11 1.3
7 6.0729 0 -4.52171e-12 -0.284139 -1.50402e-11 1.4
7.5 4.6995 0 -8.70936e-12 -0.508195 -1.33257e-11 1.5
8 3.228 0 -1.28883e-11 -0.701903 -1.05138e-11 1.6
8.5 1.6584 0 -1.67206e-11 -0.853698 -6.65718e-12 1.7
9 -0.0093 0 -1.98636e-11 -0.954513 -1.89615e-12 1.8
9.5 -1.7751 0 -2.19976e-11 -0.99833 3.54489e-12 1.9
10 -3.639 0 -2.28522e-11 -0.982532 9.36704e-12 2
10.5 -5.601 0 -2.22317e-11 -0.908062 1.52133e-11 2.1
11 -7.6611 0 -2.0035e-11 -0.779367 2.06902e-11 2.2
11.5 -9.8193 0 -1.62698e-11 -0.604132 2.53944e-11 2.3
12 -12.0756 0 -1.10599e-11 -0.392821 2.8941e-11 2.4
12.4968 -9.35446 -0.00320516 0.259661 -0.180653 -0.614248 2.5
12.8872 -7.83298 -0.11277 0.160405 0.282567 -0.748617 2.6
-85.902 694.725 98.9573 -0.293681 0.160373 0.574118 2.7
-184.691 1397.13 198.027 -0.899973 -0.284101 -0.328158 2.8
-283.48 2099.44 297.097 0.155141 0.292005 -0.749271 2.9
-382.27 2801.64 396.167 -0.284045 0.900063 0.0408211 3
