0.05 15 0 0 0.0249922 0 0.01
0.1 14.999 0 6.11683e-15 0.0499688 -1.52921e-16 0.02
0.15 14.9971 0 1.83409e-14 0.0749141 -6.11492e-16 0.03
0.2 14.9941 0 3.66552e-14 0.0998127 -1.52806e-15 0.04
0.25 14.9902 0 6.10347e-14 0.124649 -3.05441e-15 0.05
0.3 14.9853 0 9.14471e-14 0.149407 -5.34154e-15 0.06
0.35 14.9794 0 1.27852e-13 0.174072 -8.53952e-15 0.07
0.4 14.9725 0 1.70203e-13 0.198629 -1.27973e-14 0.08
0.45 14.9647 0 2.18444e-13 0.223061 -1.82624e-14 0.09
0.5 14.9559 0 2.72514e-13 0.247354 -2.50809e-14 0.1
0.55 14.946 0 3.32342e-13 0.271492 -3.33973e-14 0.11
0.6 14.9353 0 3.97851e-13 0.295461 -4.3354e-14 0.12
0.65 14.9235 0 4.68957e-13 0.319245 -5.50915e-14 0.13
0.7 14.9107 0 5.45569e-13 0.342829 -6.87479e-14 0.14
0.75 14.897 0 6.27587e-13 0.3662 -8.44591e-14 0.15
0.8 14.8823 0 7.14908e-13 0.389342 -1.02358e-13 0.16
0.85 14.8666 0 8.07418e-13 0.41224 -1.22576e-13 0.17
0.9 14.8499 0 9.04998e-13 0.434881 -1.45239e-13 0.18
0.95 14.8322 0 1.00752e-12 0.45725 -1.70472e-13 0.19
1 14.8136 0 1.11486e-12 0.479334 -1.98397e-13 0.2
1.05 14.794 0 1.22687e-12 0.501118 -2.29131e-13 0.21
1.1 14.7734 0 1.34341e-12 0.52259 -2.62788e-13 0.22
1.15 14.7518 0 1.46432e-12 0.543734 -2.99478e-13 0.23
1.2 14.7292 0 1.58946e-12 0.564539 -3.39308e-13 0.24
1.25 14.7057 0 1.71866e-12 0.584992 -3.8238e-13 0.25
1.3 14.6812 0 1.85174e-12 0.605079 -4.28793e-13 0.26
1.35 14.6557 0 1.98854e-12 0.624788 -4.78641e-13 0.27
1.4 14.6292 0 2.12887e-12 0.644106 -5.32012e-13 0.28
1.45 14.6017 0 2.27255e-12 0.663022 -5.88992e-13 0.29
1.5 14.5733 0 2.4194e-12 0.681524 -6.49661e-13 0.3
1.55 14.5438 0 2.56921e-12 0.699601 -7.14094e-13 0.31
1.6 14.5134 0 2.72179e-12 0.71724 -7.82362e-13 0.32
1.65 14.482 0 2.87693e-12 0.734431 -8.5453e-13 0.33
1.7 14.4497 0 3.03443e-12 0.751164 -9.30657e-13 0.34
1.75 14.4163 0 3.19407e-12 0.767427 -1.0108e-12 0.35
1.8 14.382 0 3.35563e-12 0.78321 -1.09501e-12 0.36
1.85 14.3467 0 3.51891e-12 0.798505 -1.18332e-12 0.37
1.9 14.3104 0 3.68367e-12 0.8133 -1.27578e-12 0.38
1.95 14.2731 0 3.84969e-12 0.827588 -1.37242e-12 0.39
2 14.2348 0 4.01674e-12 0.841358 -1.47327e-12 0.4
2.05 14.1956 0 4.18459e-12 0.854603 -1.57835e-12 0.41
2.1 14.1554 0 4.353e-12 0.867314 -1.68766e-12 0.42
2.15 14.1142 0 4.52173e-12 0.879484 -1.80123e-12 0.43
2.2 14.072 0 4.69056e-12 0.891103 -1.91906e-12 0.44
2.25 14.0288 0 4.85923e-12 0.902167 -2.04114e-12 0.45
2.3 13.9847 0 5.0275e-12 0.912666 -2.16747e-12 0.46
2.35 13.9395 0 5.19514e-12 0.922595 -2.29802e-12 0.47
2.4 13.8934 0 5.36189e-12 0.931949 -2.43279e-12 0.48
2.45 13.8463 0 5.52751e-12 0.940719 -2.57174e-12 0.49
2.5 13.7983 0 5.69175e-12 0.948903 -2.71483e-12 0.5
2.55 13.7492 0 5.85437e-12 0.956493 -2.86204e-12 0.51
2.6 13.6992 0 6.01511e-12 0.963486 -3.01331e-12 0.52
2.65 13.6482 0 6.17373e-12 0.969877 -3.1686e-12 0.53
2.7 13.5962 0 6.32999e-12 0.975662 -3.32784e-12 0.54
2.75 13.5432 0 6.48364e-12 0.980837 -3.49097e-12 0.55
2.8 13.4893 0 6.63443e-12 0.9854 -3.65792e-12 0.56
2.85 13.4343 0 6.78211e-12 0.989347 -3.82862e-12 0.57
2.9 13.3784 0 6.92645e-12 0.992677 -4.00297e-12 0.58
2.95 13.3215 0 7.0672e-12 0.995386 -4.1809e-12 0.59
3 13.2636 0 7.20412e-12 0.997473 -4.36231e-12 0.6
3.05 13.2048 0 7.33698e-12 0.998937 -4.5471e-12 0.61
3.1 13.1449 0 7.46554e-12 0.999777 -4.73516e-12 0.62
3.15 13.0841 0 7.58956e-12 0.999992 -4.92638e-12 0.63
3.2 13.0223 0 7.70881e-12 0.999583 -5.12064e-12 0.64
3.25 12.9595 0 7.82308e-12 0.99855 -5.31781e-12 0.65
3.3 12.8958 0 7.93213e-12 0.996892 -5.51778e-12 0.66
3.35 12.831 0 8.03574e-12 0.994612 -5.7204e-12 0.67
3.4 12.7653 0 8.13369e-12 0.99171 -5.92553e-12 0.68
3.45 12.6986 0 8.22578e-12 0.988189 -6.13302e-12 0.69
3.5 12.6309 0 8.31179e-12 0.984051 -6.34273e-12 0.7
3.55 12.5622 0 8.39152e-12 0.979298 -6.5545e-12 0.71
3.6 12.4926 0 8.46477e-12 0.973933 -6.76817e-12 0.72
3.65 12.4219 0 8.53135e-12 0.967959 -6.98357e-12 0.73
3.7 12.3503 0 8.59106e-12 0.961381 -7.20053e-12 0.74
3.75 12.2777 0 8.64371e-12 0.954203 -7.41887e-12 0.75
3.8 12.2042 0 8.68914e-12 0.946428 -7.63842e-12 0.76
3.85 12.1296 0 8.72716e-12 0.938062 -7.85898e-12 0.77
3.9 12.0541 0 8.75762e-12 0.92911 -8.08038e-12 0.78
3.95 11.9775 0 8.78033e-12 0.919578 -8.30241e-12 0.79
4 11.9 0 8.79516e-12 0.909471 -8.52488e-12 0.8
4.05 11.8216 0 8.80195e-12 0.898796 -8.7476e-12 0.81
4.1 11.7421 0 8.80056e-12 0.887559 -8.97034e-12 0.82
4.15 11.6617 0 8.79085e-12 0.875768 -9.19292e-12 0.83
4.2 11.5802 0 8.7727e-12 0.86343 -9.41511e-12 0.84
4.25 11.4978 0 8.74598e-12 0.850553 -9.6367e-12 0.85
4.3 11.4144 0 8.71058e-12 0.837144 -9.85748e-12 0.86
4.35 11.3301 0 8.66639e-12 0.823212 -1.00772e-11 0.87
4.4 11.2447 0 8.61331e-12 0.808766 -1.02957e-11 0.88
4.45 11.1584 0 8.55125e-12 0.793815 -1.05127e-11 0.89
4.5 11.0711 0 8.48013e-12 0.778367 -1.0728e-11 0.9
4.55 10.9828 0 8.39988e-12 0.762434 -1.09413e-11 0.91
4.6 10.8935 0 8.31041e-12 0.746024 -1.11525e-11 0.92
4.65 10.8033 0 8.21168e-12 0.729148 -1.13613e-11 0.93
4.7 10.712 0 8.10363e-12 0.711817 -1.15674e-11 0.94
4.75 10.6198 0 7.98622e-12 0.694041 -1.17707e-11 0.95
4.8 10.5266 0 7.85941e-12 0.675832 -1.19709e-11 0.96
4.85 10.4325 0 7.72319e-12 0.6572 -1.21677e-11 0.97
4.9 10.3373 0 7.57753e-12 0.638158 -1.23609e-11 0.98
4.95 10.2412 0 7.42243e-12 0.618717 -1.25503e-11 0.99
5 10.1441 0 7.25788e-12 0.598889 -1.27357e-11 1
5.05 10.046 0 7.0839e-12 0.578688 -1.29168e-11 1.01
5.1 9.94687 0 6.9005e-12 0.558124 -1.30933e-11 1.02
5.15 9.84681 0 6.70771e-12 0.537213 -1.32651e-11 1.03
5.2 9.74576 0 6.50558e-12 0.515965 -1.34319e-11 1.04
5.25 9.64374 0 6.29413e-12 0.494396 -1.35935e-11 1.05
5.3 9.54074 0 6.07344e-12 0.472517 -1.37495e-11 1.06
5.35 9.43675 0 5.84356e-12 0.450343 -1.38999e-11 1.07
5.4 9.33178 0 5.60457e-12 0.427888 -1.40444e-11 1.08
5.45 9.22583 0 5.35654e-12 0.405166 -1.41827e-11 1.09
5.5 9.11891 0 5.09958e-12 0.38219 -1.43146e-11 1.1
5.55 9.011 0 4.83377e-12 0.358976 -1.44399e-11 1.11
5.6 8.9021 0 4.55924e-12 0.335538 -1.45584e-11 1.12
5.65 8.79223 0 4.27609e-12 0.311889 -1.46699e-11 1.13
5.7 8.68138 0 3.98446e-12 0.288046 -1.47741e-11 1.14
5.75 8.56955 0 3.68447e-12 0.264024 -1.48708e-11 1.15
5.8 8.45673 0 3.37629e-12 0.239836 -1.49598e-11 1.16
5.85 8.34293 0 3.06006e-12 0.215498 -1.5041e-11 1.17
5.9 8.22816 0 2.73593e-12 0.191026 -1.51141e-11 1.18
5.95 8.1124 0 2.4041e-12 0.166434 -1.51789e-11 1.19
6 7.99566 0 2.06473e-12 0.141738 -1.52353e-11 1.2
6.05 7.87794 0 1.71801e-12 0.116954 -1.5283e-11 1.21
6.1 7.75924 0 1.36414e-12 0.0920971 -1.53219e-11 1.22
6.15 7.63956 0 1.00333e-12 0.0671824 -1.53518e-11 1.23
6.2 7.51889 0 6.35784e-13 0.0422257 -1.53725e-11 1.24
6.25 7.39725 0 2.61729e-13 0.0172426 -1.53838e-11 1.25
6.3 7.27463 0 -1.18607e-13 -0.00775126 -1.53856e-11 1.26
6.35 7.15102 0 -5.04988e-13 -0.0327403 -1.53778e-11 1.27
6.4 7.02643 0 -8.97169e-13 -0.0577089 -1.53602e-11 1.28
6.45 6.90086 0 -1.2949e-12 -0.0826414 -1.53326e-11 1.29
6.5 6.77432 0 -1.69792e-12 -0.107522 -1.5295e-11 1.3
6.55 6.64679 0 -2.10596e-12 -0.132336 -1.52471e-11 1.31
6.6 6.51827 0 -2.51875e-12 -0.157067 -1.51889e-11 1.32
6.65 6.38878 0 -2.936e-12 -0.1817 -1.51202e-11 1.33
6.7 6.25831 0 -3.35745e-12 -0.206219 -1.5041e-11 1.34
6.75 6.12686 0 -3.78278e-12 -0.23061 -1.49512e-11 1.35
6.8 5.99442 0 -4.2117e-12 -0.254856 -1.48505e-11 1.36
6.85 5.861 0 -4.64391e-12 -0.278944 -1.47391e-11 1.37
6.9 5.72661 0 -5.07909e-12 -0.302857 -1.46167e-11 1.38
6.95 5.59123 0 -5.51693e-12 -0.326581 -1.44833e-11 1.39
7 5.45487 0 -5.95711e-12 -0.350101 -1.43389e-11 1.4
7.05 5.31753 0 -6.3993e-12 -0.373402 -1.41834e-11 1.41
7.1 5.17921 0 -6.84317e-12 -0.39647 -1.40168e-11 1.42
7.15 5.03991 0 -7.28837e-12 -0.41929 -1.3839e-11 1.43
7.2 4.89962 0 -7.73458e-12 -0.441848 -1.36499e-11 1.44
7.25 4.75836 0 -8.18145e-12 -0.46413 -1.34497e-11 1.45
7.3 4.61612 0 -8.62863e-12 -0.486123 -1.32381e-11 1.46
7.35 4.47289 0 -9.07576e-12 -0.507811 -1.30154e-11 1.47
7.4 4.32868 0 -9.5225e-12 -0.529182 -1.27814e-11 1.48
7.45 4.18349 0 -9.96847e-12 -0.550223 -1.25362e-11 1.49
7.5 4.03732 0 -1.04133e-11 -0.57092 -1.22798e-11 1.5
7.55 3.89017 0 -1.08567e-11 -0.591261 -1.20122e-11 1.51
7.6 3.74204 0 -1.12982e-11 -0.611232 -1.17335e-11 1.52
7.65 3.59293 0 -1.17376e-11 -0.630821 -1.14437e-11 1.53
7.7 3.44284 0 -1.21743e-11 -0.650016 -1.11429e-11 1.54
7.75 3.29176 0 -1.26081e-11 -0.668805 -1.08312e-11 1.55
7.8 3.13971 0 -1.30385e-11 -0.687176 -1.05086e-11 1.56
7.85 2.98667 0 -1.34653e-11 -0.705118 -1.01753e-11 1.57
7.9 2.83266 0 -1.38879e-11 -0.72262 -9.83125e-12 1.58
7.95 2.67766 0 -1.43062e-11 -0.73967 -9.47667e-12 1.59
8 2.52168 0 -1.47196e-11 -0.756258 -9.11164e-12 1.6
8.05 2.36472 0 -1.51278e-11 -0.772373 -8.73629e-12 1.61
8.1 2.20678 0 -1.55304e-11 -0.788006 -8.35076e-12 1.62
8.15 2.04786 0 -1.59272e-11 -0.803147 -7.95519e-12 1.63
8.2 1.88795 0 -1.63176e-11 -0.817786 -7.54974e-12 1.64
8.25 1.72707 0 -1.67013e-11 -0.831914 -7.13456e-12 1.65
8.3 1.5652 0 -1.7078e-11 -0.845523 -6.70984e-12 1.66
8.35 1.40236 0 -1.74473e-11 -0.858603 -6.27576e-12 1.67
8.4 1.23853 0 -1.78088e-11 -0.871147 -5.8325e-12 1.68
8.45 1.07372 0 -1.81623e-11 -0.883146 -5.38026e-12 1.69
8.5 0.907935 0 -1.85072e-11 -0.894594 -4.91926e-12 1.7
8.55 0.741165 0 -1.88433e-11 -0.905483 -4.44972e-12 1.71
8.6 0.573414 0 -1.91703e-11 -0.915807 -3.97185e-12 1.72
8.65 0.404682 0 -1.94877e-11 -0.925558 -3.4859e-12 1.73
8.7 0.234969 0 -1.97952e-11 -0.934731 -2.99211e-12 1.74
8.75 0.064275 0 -2.00926e-11 -0.94332 -2.49073e-12 1.75
8.8 -0.1074 0 -2.03795e-11 -0.95132 -1.98202e-12 1.76
8.85 -0.280056 0 -2.06555e-11 -0.958726 -1.46625e-12 1.77
8.9 -0.453693 0 -2.09203e-11 -0.965532 -9.43702e-13 1.78
8.95 -0.628311 0 -2.11737e-11 -0.971736 -4.14655e-13 1.79
9 -0.80391 0 -2.14153e-11 -0.977332 1.20597e-13 1.8
9.05 -0.98049 0 -2.16448e-11 -0.982318 6.61753e-13 1.81
9.1 -1.15805 0 -2.18619e-11 -0.98669 1.20851e-12 1.82
9.15 -1.33659 0 -2.20663e-11 -0.990446 1.76054e-12 1.83
9.2 -1.51612 0 -2.22579e-11 -0.993583 2.31754e-12 1.84
9.25 -1.69662 0 -2.24362e-11 -0.996099 2.87917e-12 1.85
9.3 -1.87811 0 -2.2601e-11 -0.997994 3.44509e-12 1.86
9.35 -2.06057 0 -2.27521e-11 -0.999264 4.01497e-12 1.87
9.4 -2.24402 0 -2.28892e-11 -0.999911 4.58846e-12 1.88
9.45 -2.42845 0 -2.30121e-11 -0.999932 5.16519e-12 1.89
9.5 -2.61386 0 -2.31206e-11 -0.999329 5.74482e-12 1.9
9.55 -2.80025 0 -2.32144e-11 -0.998102 6.32697e-12 1.91
9.6 -2.98762 0 -2.32933e-11 -0.996252 6.91128e-12 1.92
9.65 -3.17597 0 -2.33571e-11 -0.993778 7.49737e-12 1.93
9.7 -3.3653 0 -2.34057e-11 -0.990685 8.08485e-12 1.94
9.75 -3.55562 0 -2.34388e-11 -0.986972 8.67335e-12 1.95
9.8 -3.74691 0 -2.34562e-11 -0.982642 9.26246e-12 1.96
9.85 -3.93919 0 -2.34579e-11 -0.977699 9.85181e-12 1.97
9.9 -4.13244 0 -2.34437e-11 -0.972145 1.0441e-11 1.98
9.95 -4.32668 0 -2.34133e-11 -0.965984 1.10296e-11 1.99
10 -4.5219 0 -2.33668e-11 -0.959219 1.16172e-11 2
10.05 -4.7181 0 -2.33039e-11 -0.951855 1.22034e-11 2.01
10.1 -4.91528 0 -2.32246e-11 -0.943897 1.27878e-11 2.02
10.15 -5.11344 0 -2.31288e-11 -0.935348 1.33701e-11 2.03
10.2 -5.31259 0 -2.30163e-11 -0.926216 1.39496e-11 2.04
10.25 -5.51271 0 -2.28872e-11 -0.916504 1.45262e-11 2.05
10.3 -5.71382 0 -2.27413e-11 -0.906221 1.50993e-11 2.06
10.35 -5.9159 0 -2.25787e-11 -0.895371 1.56684e-11 2.07
10.4 -6.11897 0 -2.23992e-11 -0.883962 1.62333e-11 2.08
10.45 -6.32302 0 -2.22028e-11 -0.872 1.67935e-11 2.09
10.5 -6.52805 0 -2.19896e-11 -0.859494 1.73484e-11 2.1
10.55 -6.73406 0 -2.17595e-11 -0.846451 1.78979e-11 2.11
10.6 -6.94105 0 -2.15126e-11 -0.832879 1.84413e-11 2.12
10.65 -7.14902 0 -2.12488e-11 -0.818787 1.89782e-11 2.13
10.7 -7.35797 0 -2.09683e-11 -0.804183 1.95084e-11 2.14
10.75 -7.56791 0 -2.0671e-11 -0.789077 2.00312e-11 2.15
10.8 -7.77882 0 -2.0357e-11 -0.773478 2.05464e-11 2.16
10.85 -7.99072 0 -2.00265e-11 -0.757396 2.10535e-11 2.17
10.9 -8.20359 0 -1.96794e-11 -0.74084 2.15521e-11 2.18
10.95 -8.41745 0 -1.9316e-11 -0.723822 2.20417e-11 2.19
11 -8.63229 0 -1.89362e-11 -0.706352 2.2522e-11 2.2
11.05 -8.84811 0 -1.85403e-11 -0.68844 2.29925e-11 2.21
11.1 -9.06491 0 -1.81284e-11 -0.670098 2.34529e-11 2.22
11.15 -9.28269 0 -1.77006e-11 -0.651338 2.39028e-11 2.23
11.2 -9.50146 0 -1.72571e-11 -0.632171 2.43417e-11 2.24
11.25 -9.7212 0 -1.67981e-11 -0.612609 2.47692e-11 2.25
11.3 -9.94192 0 -1.63237e-11 -0.592664 2.51851e-11 2.26
11.35 -10.1636 0 -1.58342e-11 -0.572349 2.55888e-11 2.27
11.3997 -9.93244 -0.000321942 0.0468536 -0.556238 -0.0677222 2.28
11.4494 -9.87086 -0.000643885 0.0910238 -0.536037 -0.136545 2.29
11.499 -9.81026 -0.000965827 0.132133 -0.512078 -0.205963 2.3
11.5487 -9.75064 -0.00128777 0.16984 -0.484731 -0.275451 2.31
11.5984 -9.692 -0.00160971 0.203845 -0.4544 -0.344473 2.32
11.6481 -9.63434 -0.00193165 0.233891 -0.421514 -0.412485 2.33
11.6977 -9.57766 -0.0022536 0.259767 -0.386529 -0.478937 2.34
11.7474 -9.52197 -0.00257554 0.281312 -0.34992 -0.54328 2.35
11.7971 -9.46725 -0.00289748 0.298415 -0.312175 -0.604972 2.36
11.8468 -9.41352 -0.00321942 0.311018 -0.273792 -0.663481 2.37
11.8965 -9.36077 -0.00354137 0.319117 -0.235273 -0.71829 2.38
11.9461 -9.309 -0.00386331 0.32276 -0.197116 -0.768904 2.39
11.9958 -9.25821 -0.00418525 0.322049 -0.159814 -0.814854 2.4
12.0455 -9.2084 -0.00450719 0.31714 -0.123844 -0.855699 2.41
12.0952 -9.15957 -0.00482914 0.308239 -0.0896669 -0.891037 2.42
12.1448 -9.11172 -0.00515108 0.295602 -0.0577172 -0.920504 2.43
12.1945 -9.06486 -0.00547302 0.279533 -0.0284005 -0.94378 2.44
12.2442 -9.01897 -0.00579496 0.260378 -0.002088 -0.960595 2.45
12.2939 -8.97407 -0.0061169 0.238525 0.0208889 -0.970731 2.46
12.3436 -8.93014 -0.00643885 0.214396 0.0402425 -0.974024 2.47
12.3932 -8.8872 -0.00676079 0.188448 0.0557331 -0.970369 2.48
12.4429 -8.84524 -0.00708273 0.161161 0.0671724 -0.959722 2.49
12.4926 -8.80426 -0.00740467 0.133038 0.0744267 -0.942101 2.5
12.5423 -8.76426 -0.00772662 0.104596 0.0774191 -0.917586 2.51
12.592 -8.72524 -0.00804856 0.076361 0.0761317 -0.886325 2.52
12.6416 -8.6872 -0.0083705 0.0488624 0.0706066 -0.848525 2.53
12.6913 -8.65015 -0.00869244 0.0226248 0.0609465 -0.804462 2.54
12.741 -8.61407 -0.00901439 -0.00183829 0.0473148 -0.75447 2.55
12.7907 -8.57898 -0.00933633 -0.0240305 0.0299342 -0.698945 2.56
12.8403 -8.54486 -0.00965827 -0.0434799 0.00908543 -0.638341 2.57
12.89 -8.51173 -0.00998021 -0.0597455 -0.0148951 -0.573164 2.58
12.9397 -8.47958 -0.0103022 -0.0724238 -0.0416185 -0.503971 2.59
12.9894 -8.44841 -0.0106241 -0.0811543 -0.0706475 -0.431365 2.6
13.0391 -8.41822 -0.010946 -0.0856262 -0.1015 -0.355987 2.61
13.0887 -8.38901 -0.011268 -0.0855828 -0.133657 -0.278514 2.62
13.1384 -8.36078 -0.0115899 -0.0808271 -0.166564 -0.199649 2.63
13.1881 -8.33354 -0.0119119 -0.0712251 -0.199641 -0.120114 2.64
13.2378 -8.30727 -0.0122338 -0.0567103 -0.23229 -0.0406468 2.65
13.2874 -8.28199 -0.0125558 -0.0372856 -0.263898 0.0380121 2.66
13.3371 -8.25768 -0.0128777 -0.013026 -0.293851 0.115125 2.67
13.3868 -8.23436 -0.0131996 0.015921 -0.321537 0.189964 2.68
13.4365 -8.21202 -0.0135216 0.0493347 -0.346357 0.261823 2.69
13.4862 -8.19066 -0.0138435 0.0869221 -0.367733 0.330025 2.7
13.5358 -8.17028 -0.0141655 0.12832 -0.385117 0.393927 2.71
13.5855 -8.15088 -0.0144874 0.173096 -0.397998 0.452934 2.72
13.6352 -8.13247 -0.0148093 0.220756 -0.405912 0.506503 2.73
13.6849 -8.11503 -0.0151313 0.270745 -0.408449 0.55415 2.74
13.7345 -8.09857 -0.0154532 0.322454 -0.405259 0.59546 2.75
13.7842 -8.0831 -0.0157752 0.375228 -0.396064 0.630094 2.76
13.8339 -8.06861 -0.0160971 0.428372 -0.380657 0.657791 2.77
13.8836 -8.05509 -0.0164191 0.48116 -0.358914 0.678373 2.78
13.9333 -8.04256 -0.016741 0.532843 -0.330795 0.691754 2.79
13.9829 -8.03101 -0.0170629 0.582662 -0.296347 0.697937 2.8
14.0326 -8.02044 -0.0173849 0.629854 -0.25571 0.697021 2.81
14.0823 -8.01085 -0.0177068 0.673665 -0.209114 0.689197 2.82
14.132 -8.00225 -0.0180288 0.713362 -0.156884 0.674751 2.83
14.1816 -7.99462 -0.0183507 0.748243 -0.0994327 0.65406 2.84
14.2313 -7.98797 -0.0186727 0.777647 -0.0372627 0.627589 2.85
14.281 -7.98231 -0.0189946 0.800969 0.0290395 0.59589 2.86
14.3307 -7.97763 -0.0193165 0.817666 0.0988089 0.559591 2.87
14.3804 -7.97392 -0.0196385 0.82727 0.171308 0.51939 2.88
14.43 -7.9712 -0.0199604 0.8294 0.245737 0.476051 2.89
14.4797 -7.96946 -0.0202824 0.823764 0.321241 0.430389 2.9
14.5294 -7.9687 -0.0206043 0.810175 0.396921 0.383263 2.91
14.5791 -7.96892 -0.0209263 0.788549 0.471846 0.335562 2.92
14.6288 -7.97013 -0.0212482 0.75892 0.545069 0.288192 2.93
14.6784 -7.97231 -0.0215701 0.721433 0.615635 0.242065 2.94
14.7281 -7.97548 -0.0218921 0.676357 0.682599 0.198085 2.95
14.7778 -7.97962 -0.022214 0.624076 0.745041 0.157129 2.96
14.8275 -7.98475 -0.022536 0.565093 0.802078 0.120038 2.97
14.8771 -7.99086 -0.0228579 0.500025 0.852885 0.0876014 2.98
14.9268 -7.99794 -0.0231799 0.429597 0.896703 0.0605386 2.99
14.9765 -8.00601 -0.0235018 0.354636 0.932861 0.0394901 3
15.0262 -8.01506 -0.0238237 0.276061 0.960783 0.0250022 3.01
