0.005 15 0 0 0 0 0.001
0.01 15 0 0 0 0 0.002
0.015 15 0 0 0 0 0.003
0.02 14.9999 0 0 0 0 0.004
0.025 14.9999 0 0 0 0 0.005
0.03 14.9999 0 0 0 0 0.006
0.035 14.9998 0 0 0 0 0.007
0.04 14.9997 0 0 0 0 0.008
0.045 14.9996 0 0 0 0 0.009
0.05 14.9996 0 0 0 0 0.01
0.055 14.9995 0 0 0 0 0.011
0.06 14.9994 0 0 0 0 0.012
0.065 14.9992 0 0 0 0 0.013
0.07 14.9991 0 0 0 0 0.014
0.075 14.999 0 0 0 0 0.015
0.08 14.9988 0 0 0 0 0.016
0.085 14.9987 0 0 0 0 0.017
0.09 14.9985 0 0 0 0 0.018
0.095 14.9983 0 0 0 0 0.019
0.1 14.9981 0 0 0 0 0.02
0.105 14.9979 0 0 0 0 0.021
0.11 14.9977 0 0 0 0 0.022
0.115 14.9975 0 0 0 0 0.023
0.12 14.9973 0 0 0 0 0.024
0.125 14.9971 0 0 0 0 0.025
0.13 14.9968 0 0 0 0 0.026
0.135 14.9966 0 0 0 0 0.027
0.14 14.9963 0 0 0 0 0.028
0.145 14.996 0 0 0 0 0.029
0.15 14.9957 0 0 0 0 0.03
0.155 14.9954 0 0 0 0 0.031
0.16 14.9951 0 0 0 0 0.032
0.165 14.9948 0 0 0 0 0.033
0.17 14.9945 0 0 0 0 0.034
0.175 14.9942 0 0 0 0 0.035
0.18 14.9938 0 0 0 0 0.036
0.185 14.9935 0 0 0 0 0.037
0.19 14.9931 0 0 0 0 0.038
0.195 14.9927 0 0 0 0 0.039
0.2 14.9923 0 0 0 0 0.04
0.205 14.992 0 0 0 0 0.041
0.21 14.9916 0 0 0 0 0.042
0.215 14.9911 0 0 0 0 0.043
0.22 14.9907 0 0 0 0 0.044
0.225 14.9903 0 0 0 0 0.045
0.23 14.9898 0 0 0 0 0.046
0.235 14.9894 0 0 0 0 0.047
0.24 14.9889 0 0 0 0 0.048
0.245 14.9885 0 0 0 0 0.049
0.25 14.988 0 0 0 0 0.05
0.255 14.9875 0 0 0 0 0.051
0.26 14.987 0 0 0 0 0.052
0.265 14.9865 0 0 0 0 0.053
0.27 14.986 0 0 0 0 0.054
0.275 14.9854 0 0 0 0 0.055
0.28 14.9849 0 0 0 0 0.056
0.285 14.9843 0 0 0 0 0.057
0.29 14.9838 0 0 0 0 0.058
0.295 14.9832 0 0 0 0 0.059
0.3 14.9826 0 0 0 0 0.06
0.305 14.982 0 0 0 0 0.061
0.31 14.9814 0 0 0 0 0.062
0.315 14.9808 0 0 0 0 0.063
0.32 14.9802 0 0 0 0 0.064
0.325 14.9796 0 0 0 0 0.065
0.33 14.979 0 0 0 0 0.066
0.335 14.9783 0 0 0 0 0.067
0.34 14.9777 0 0 0 0 0.068
0.345 14.977 0 0 0 0 0.069
0.35 14.9763 0 0 0 0 0.07
0.355 14.9756 0 0 0 0 0.071
0.36 14.9749 0 0 0 0 0.072
0.365 14.9742 0 0 0 0 0.073
0.37 14.9735 0 0 0 0 0.074
0.375 14.9728 0 0 0 0 0.075
0.38 14.972 0 0 0 0 0.076
0.385 14.9713 0 0 0 0 0.077
0.39 14.9705 0 0 0 0 0.078
0.395 14.9698 0 0 0 0 0.079
0.4 14.969 0 0 0 0 0.08
0.405 14.9682 0 0 0 0 0.081
0.41 14.9674 0 0 0 0 0.082
0.415 14.9666 0 0 0 0 0.083
0.42 14.9658 0 0 0 0 0.084
0.425 14.965 0 0 0 0 0.085
0.43 14.9641 0 0 0 0 0.086
0.435 14.9633 0 0 0 0 0.087
0.44 14.9624 0 0 0 0 0.088
0.445 14.9616 0 0 0 0 0.089
0.45 14.9607 0 0 0 0 0.09
0.455 14.9598 0 0 0 0 0.091
0.46 14.9589 0 0 0 0 0.092
0.465 14.958 0 0 0 0 0.093
0.47 14.9571 0 0 0 0 0.094
0.475 14.9562 0 0 0 0 0.095
0.48 14.9553 0 0 0 0 0.096
0.485 14.9543 0 0 0 0 0.097
0.49 14.9534 0 0 0 0 0.098
0.495 14.9524 0 0 0 0 0.099
0.5 14.9514 0 0 0 0 0.1
0.505 14.9505 0 0 0 0 0.101
0.51 14.9495 0 0 0 0 0.102
0.515 14.9485 0 0 0 0 0.103
0.52 14.9475 0 0 0 0 0.104
0.525 14.9464 0 0 0 0 0.105
0.53 14.9454 0 0 0 0 0.106
0.535 14.9444 0 0 0 0 0.107
0.54 14.9433 0 0 0 0 0.108
0.545 14.9423 0 0 0 0 0.109
0.55 14.9412 0 0 0 0 0.11
0.555 14.9401 0 0 0 0 0.111
0.56 14.939 0 0 0 0 0.112
0.565 14.9379 0 0 0 0 0.113
0.57 14.9368 0 0 0 0 0.114
0.575 14.9357 0 0 0 0 0.115
0.58 14.9346 0 0 0 0 0.116
0.585 14.9334 0 0 0 0 0.117
0.59 14.9323 0 0 0 0 0.118
0.595 14.9311 0 0 0 0 0.119
0.6 14.93 0 0 0 0 0.12
0.605 14.9288 0 0 0 0 0.121
0.61 14.9276 0 0 0 0 0.122
0.615 14.9264 0 0 0 0 0.123
0.62 14.9252 0 0 0 0 0.124
0.625 14.924 0 0 0 0 0.125
0.63 14.9227 0 0 0 0 0.126
0.635 14.9215 0 0 0 0 0.127
0.64 14.9203 0 0 0 0 0.128
0.645 14.919 0 0 0 0 0.129
0.65 14.9177 0 0 0 0 0.13
0.655 14.9165 0 0 0 0 0.131
0.66 14.9152 0 0 0 0 0.132
0.665 14.9139 0 0 0 0 0.133
0.67 14.9126 0 0 0 0 0.134
0.675 14.9113 0 0 0 0 0.135
0.68 14.9099 0 0 0 0 0.136
0.685 14.9086 0 0 0 0 0.137
0.69 14.9073 0 0 0 0 0.138
0.695 14.9059 0 0 0 0 0.139
0.7 14.9045 0 0 0 0 0.14
0.705 14.9032 0 0 0 0 0.141
0.71 14.9018 0 0 0 0 0.142
0.715 14.9004 0 0 0 0 0.143
0.72 14.899 0 0 0 0 0.144
0.725 14.8976 0 0 0 0 0.145
0.73 14.8962 0 0 0 0 0.146
0.735 14.8947 0 0 0 0 0.147
0.74 14.8933 0 0 0 0 0.148
0.745 14.8918 0 0 0 0 0.149
0.75 14.8904 0 0 0 0 0.15
0.755 14.8889 0 0 0 0 0.151
0.76 14.8874 0 0 0 0 0.152
0.765 14.8859 0 0 0 0 0.153
0.77 14.8844 0 0 0 0 0.154
0.775 14.8829 0 0 0 0 0.155
0.78 14.8814 0 0 0 0 0.156
0.785 14.8799 0 0 0 0 0.157
0.79 14.8783 0 0 0 0 0.158
0.795 14.8768 0 0 0 0 0.159
0.8 14.8752 0 0 0 0 0.16
0.805 14.8736 0 0 0 0 0.161
0.81 14.8721 0 0 0 0 0.162
0.815 14.8705 0 0 0 0 0.163
0.82 14.8689 0 0 0 0 0.164
0.825 14.8673 0 0 0 0 0.165
0.83 14.8657 0 0 0 0 0.166
0.835 14.864 0 0 0 0 0.167
0.84 14.8624 0 0 0 0 0.168
0.845 14.8607 0 0 0 0 0.169
0.85 14.8591 0 0 0 0 0.17
0.855 14.8574 0 0 0 0 0.171
0.86 14.8557 0 0 0 0 0.172
0.865 14.854 0 0 0 0 0.173
0.87 14.8523 0 0 0 0 0.174
0.875 14.8506 0 0 0 0 0.175
0.88 14.8489 0 0 0 0 0.176
0.885 14.8472 0 0 0 0 0.177
0.89 14.8455 0 0 0 0 0.178
0.895 14.8437 0 0 0 0 0.179
0.9 14.842 0 0 0 0 0.18
0.905 14.8402 0 0 0 0 0.181
0.91 14.8384 0 0 0 0 0.182
0.915 14.8366 0 0 0 0 0.183
0.92 14.8348 0 0 0 0 0.184
0.925 14.833 0 0 0 0 0.185
0.93 14.8312 0 0 0 0 0.186
0.935 14.8294 0 0 0 0 0.187
0.94 14.8276 0 0 0 0 0.188
0.945 14.8257 0 0 0 0 0.189
0.95 14.8239 0 0 0 0 0.19
0.955 14.822 0 0 0 0 0.191
0.96 14.8201 0 0 0 0 0.192
0.965 14.8182 0 0 0 0 0.193
0.97 14.8163 0 0 0 0 0.194
0.975 14.8144 0 0 0 0 0.195
0.98 14.8125 0 0 0 0 0.196
0.985 14.8106 0 0 0 0 0.197
0.99 14.8087 0 0 0 0 0.198
0.995 14.8067 0 0 0 0 0.199
1 14.8048 0 0 0 0 0.2
1.005 14.8028 0 0 0 0 0.201
1.01 14.8008 0 0 0 0 0.202
1.015 14.7989 0 0 0 0 0.203
1.02 14.7969 0 0 0 0 0.204
1.025 14.7949 0 0 0 0 0.205
1.03 14.7929 0 0 0 0 0.206
1.035 14.7908 0 0 0 0 0.207
1.04 14.7888 0 0 0 0 0.208
1.045 14.7868 0 0 0 0 0.209
1.05 14.7847 0 0 0 0 0.21
1.055 14.7827 0 0 0 0 0.211
1.06 14.7806 0 0 0 0 0.212
1.065 14.7785 0 0 0 0 0.213
1.07 14.7764 0 0 0 0 0.214
1.075 14.7743 0 0 0 0 0.215
1.08 14.7722 0 0 0 0 0.216
1.085 14.7701 0 0 0 0 0.217
1.09 14.768 0 0 0 0 0.218
1.095 14.7658 0 0 0 0 0.219
1.1 14.7637 0 0 0 0 0.22
1.105 14.7615 0 0 0 0 0.221
1.11 14.7594 0 0 0 0 0.222
1.115 14.7572 0 0 0 0 0.223
1.12 14.755 0 0 0 0 0.224
1.125 14.7528 0 0 0 0 0.225
1.13 14.7506 0 0 0 0 0.226
1.135 14.7484 0 0 0 0 0.227
1.14 14.7461 0 0 0 0 0.228
1.145 14.7439 0 0 0 0 0.229
1.15 14.7417 0 0 0 0 0.23
1.155 14.7394 0 0 0 0 0.231
1.16 14.7371 0 0 0 0 0.232
1.165 14.7349 0 0 0 0 0.233
1.17 14.7326 0 0 0 0 0.234
1.175 14.7303 0 0 0 0 0.235
1.18 14.728 0 0 0 0 0.236
1.185 14.7257 0 0 0 0 0.237
1.19 14.7233 0 0 0 0 0.238
1.195 14.721 0 0 0 0 0.239
1.2 14.7186 0 0 0 0 0.24
1.205 14.7163 0 0 0 0 0.241
1.21 14.7139 0 0 0 0 0.242
1.215 14.7116 0 0 0 0 0.243
1.22 14.7092 0 0 0 0 0.244
1.225 14.7068 0 0 0 0 0.245
1.23 14.7044 0 0 0 0 0.246
1.235 14.702 0 0 0 0 0.247
1.24 14.6995 0 0 0 0 0.248
1.245 14.6971 0 0 0 0 0.249
1.25 14.6947 0 0 0 0 0.25
1.255 14.6922 0 0 0 0 0.251
1.26 14.6897 0 0 0 0 0.252
1.265 14.6873 0 0 0 0 0.253
1.27 14.6848 0 0 0 0 0.254
1.275 14.6823 0 0 0 0 0.255
1.28 14.6798 0 0 0 0 0.256
1.285 14.6773 0 0 0 0 0.257
1.29 14.6748 0 0 0 0 0.258
1.295 14.6722 0 0 0 0 0.259
1.3 14.6697 0 0 0 0 0.26
1.305 14.6671 0 0 0 0 0.261
1.31 14.6646 0 0 0 0 0.262
1.315 14.662 0 0 0 0 0.263
1.32 14.6594 0 0 0 0 0.264
1.325 14.6568 0 0 0 0 0.265
1.33 14.6542 0 0 0 0 0.266
1.335 14.6516 0 0 0 0 0.267
1.34 14.649 0 0 0 0 0.268
1.345 14.6464 0 0 0 0 0.269
1.35 14.6437 0 0 0 0 0.27
1.355 14.6411 0 0 0 0 0.271
1.36 14.6384 0 0 0 0 0.272
1.365 14.6358 0 0 0 0 0.273
1.37 14.6331 0 0 0 0 0.274
1.375 14.6304 0 0 0 0 0.275
1.38 14.6277 0 0 0 0 0.276
1.385 14.625 0 0 0 0 0.277
1.39 14.6223 0 0 0 0 0.278
1.395 14.6196 0 0 0 0 0.279
1.4 14.6168 0 0 0 0 0.28
1.405 14.6141 0 0 0 0 0.281
1.41 14.6113 0 0 0 0 0.282
1.415 14.6086 0 0 0 0 0.283
1.42 14.6058 0 0 0 0 0.284
1.425 14.603 0 0 0 0 0.285
1.43 14.6002 0 0 0 0 0.286
1.435 14.5974 0 0 0 0 0.287
1.44 14.5946 0 0 0 0 0.288
1.445 14.5917 0 0 0 0 0.289
1.45 14.5889 0 0 0 0 0.29
1.455 14.5861 0 0 0 0 0.291
1.46 14.5832 0 0 0 0 0.292
1.465 14.5803 0 0 0 0 0.293
1.47 14.5775 0 0 0 0 0.294
1.475 14.5746 0 0 0 0 0.295
1.48 14.5717 0 0 0 0 0.296
1.485 14.5688 0 0 0 0 0.297
1.49 14.5659 0 0 0 0 0.298
1.495 14.563 0 0 0 0 0.299
1.5 14.56 0 0 0 0 0.3
1.505 14.5571 0 0 0 0 0.301
1.51 14.5541 0 0 0 0 0.302
1.515 14.5512 0 0 0 0 0.303
1.52 14.5482 0 0 0 0 0.304
1.525 14.5452 0 0 0 0 0.305
1.53 14.5422 0 0 0 0 0.306
1.535 14.5392 0 0 0 0 0.307
1.54 14.5362 0 0 0 0 0.308
1.545 14.5332 0 0 0 0 0.309
1.55 14.5302 0 0 0 0 0.31
1.555 14.5271 0 0 0 0 0.311
1.56 14.5241 0 0 0 0 0.312
1.565 14.521 0 0 0 0 0.313
1.57 14.5179 0 0 0 0 0.314
1.575 14.5148 0 0 0 0 0.315
1.58 14.5118 0 0 0 0 0.316
1.585 14.5087 0 0 0 0 0.317
1.59 14.5055 0 0 0 0 0.318
1.595 14.5024 0 0 0 0 0.319
1.6 14.4993 0 0 0 0 0.32
1.605 14.4962 0 0 0 0 0.321
1.61 14.493 0 0 0 0 0.322
1.615 14.4899 0 0 0 0 0.323
1.62 14.4867 0 0 0 0 0.324
1.625 14.4835 0 0 0 0 0.325
1.63 14.4803 0 0 0 0 0.326
1.635 14.4771 0 0 0 0 0.327
1.64 14.4739 0 0 0 0 0.328
1.645 14.4707 0 0 0 0 0.329
1.65 14.4675 0 0 0 0 0.33
1.655 14.4642 0 0 0 0 0.331
1.66 14.461 0 0 0 0 0.332
1.665 14.4577 0 0 0 0 0.333
1.67 14.4545 0 0 0 0 0.334
1.675 14.4512 0 0 0 0 0.335
1.68 14.4479 0 0 0 0 0.336
1.685 14.4446 0 0 0 0 0.337
1.69 14.4413 0 0 0 0 0.338
1.695 14.438 0 0 0 0 0.339
1.7 14.4346 0 0 0 0 0.34
1.705 14.4313 0 0 0 0 0.341
1.71 14.428 0 0 0 0 0.342
1.715 14.4246 0 0 0 0 0.343
1.72 14.4212 0 0 0 0 0.344
1.725 14.4179 0 0 0 0 0.345
1.73 14.4145 0 0 0 0 0.346
1.735 14.4111 0 0 0 0 0.347
1.74 14.4077 0 0 0 0 0.348
1.745 14.4043 0 0 0 0 0.349
1.75 14.4009 0 0 0 0 0.35
1.755 14.3974 0 0 0 0 0.351
1.76 14.394 0 0 0 0 0.352
1.765 14.3905 0 0 0 0 0.353
1.77 14.3871 0 0 0 0 0.354
1.775 14.3836 0 0 0 0 0.355
1.78 14.3801 0 0 0 0 0.356
1.785 14.3766 0 0 0 0 0.357
1.79 14.3731 0 0 0 0 0.358
1.795 14.3696 0 0 0 0 0.359
1.8 14.3661 0 0 0 0 0.36
1.805 14.3625 0 0 0 0 0.361
1.81 14.359 0 0 0 0 0.362
1.815 14.3555 0 0 0 0 0.363
1.82 14.3519 0 0 0 0 0.364
1.825 14.3483 0 0 0 0 0.365
1.83 14.3447 0 0 0 0 0.366
1.835 14.3412 0 0 0 0 0.367
1.84 14.3376 0 0 0 0 0.368
1.845 14.3339 0 0 0 0 0.369
1.85 14.3303 0 0 0 0 0.37
1.855 14.3267 0 0 0 0 0.371
1.86 14.3231 0 0 0 0 0.372
1.865 14.3194 0 0 0 0 0.373
1.87 14.3157 0 0 0 0 0.374
1.875 14.3121 0 0 0 0 0.375
1.88 14.3084 0 0 0 0 0.376
1.885 14.3047 0 0 0 0 0.377
1.89 14.301 0 0 0 0 0.378
1.895 14.2973 0 0 0 0 0.379
1.9 14.2936 0 0 0 0 0.38
1.905 14.2899 0 0 0 0 0.381
1.91 14.2861 0 0 0 0 0.382
1.915 14.2824 0 0 0 0 0.383
1.92 14.2786 0 0 0 0 0.384
1.925 14.2748 0 0 0 0 0.385
1.93 14.2711 0 0 0 0 0.386
1.935 14.2673 0 0 0 0 0.387
1.94 14.2635 0 0 0 0 0.388
1.945 14.2597 0 0 0 0 0.389
1.95 14.2559 0 0 0 0 0.39
1.955 14.252 0 0 0 0 0.391
1.96 14.2482 0 0 0 0 0.392
1.965 14.2444 0 0 0 0 0.393
1.97 14.2405 0 0 0 0 0.394
1.975 14.2366 0 0 0 0 0.395
1.98 14.2328 0 0 0 0 0.396
1.985 14.2289 0 0 0 0 0.397
1.99 14.225 0 0 0 0 0.398
1.995 14.2211 0 0 0 0 0.399
2 14.2172 0 0 0 0 0.4
2.005 14.2132 0 0 0 0 0.401
2.01 14.2093 0 0 0 0 0.402
2.015 14.2054 0 0 0 0 0.403
2.02 14.2014 0 0 0 0 0.404
2.025 14.1974 0 0 0 0 0.405
2.03 14.1935 0 0 0 0 0.406
2.035 14.1895 0 0 0 0 0.407
2.04 14.1855 0 0 0 0 0.408
2.045 14.1815 0 0 0 0 0.409
2.05 14.1775 0 0 0 0 0.41
2.055 14.1735 0 0 0 0 0.411
2.06 14.1694 0 0 0 0 0.412
2.065 14.1654 0 0 0 0 0.413
2.07 14.1613 0 0 0 0 0.414
2.075 14.1573 0 0 0 0 0.415
2.08 14.1532 0 0 0 0 0.416
2.085 14.1491 0 0 0 0 0.417
2.09 14.145 0 0 0 0 0.418
2.095 14.1409 0 0 0 0 0.419
2.1 14.1368 0 0 0 0 0.42
2.105 14.1327 0 0 0 0 0.421
2.11 14.1286 0 0 0 0 0.422
2.115 14.1244 0 0 0 0 0.423
2.12 14.1203 0 0 0 0 0.424
2.125 14.1161 0 0 0 0 0.425
2.13 14.1119 0 0 0 0 0.426
2.135 14.1078 0 0 0 0 0.427
2.14 14.1036 0 0 0 0 0.428
2.145 14.0994 0 0 0 0 0.429
2.15 14.0952 0 0 0 0 0.43
2.155 14.091 0 0 0 0 0.431
2.16 14.0867 0 0 0 0 0.432
2.165 14.0825 0 0 0 0 0.433
2.17 14.0782 0 0 0 0 0.434
2.175 14.074 0 0 0 0 0.435
2.18 14.0697 0 0 0 0 0.436
2.185 14.0654 0 0 0 0 0.437
2.19 14.0612 0 0 0 0 0.438
2.195 14.0569 0 0 0 0 0.439
2.2 14.0526 0 0 0 0 0.44
2.205 14.0482 0 0 0 0 0.441
2.21 14.0439 0 0 0 0 0.442
2.215 14.0396 0 0 0 0 0.443
2.22 14.0352 0 0 0 0 0.444
2.225 14.0309 0 0 0 0 0.445
2.23 14.0265 0 0 0 0 0.446
2.235 14.0221 0 0 0 0 0.447
2.24 14.0177 0 0 0 0 0.448
2.245 14.0133 0 0 0 0 0.449
2.25 14.0089 0 0 0 0 0.45
2.255 14.0045 0 0 0 0 0.451
2.26 14.0001 0 0 0 0 0.452
2.265 13.9957 0 0 0 0 0.453
2.27 13.9912 0 0 0 0 0.454
2.275 13.9868 0 0 0 0 0.455
2.28 13.9823 0 0 0 0 0.456
2.285 13.9778 0 0 0 0 0.457
2.29 13.9734 0 0 0 0 0.458
2.295 13.9689 0 0 0 0 0.459
2.3 13.9644 0 0 0 0 0.46
2.305 13.9598 0 0 0 0 0.461
2.31 13.9553 0 0 0 0 0.462
2.315 13.9508 0 0 0 0 0.463
2.32 13.9462 0 0 0 0 0.464
2.325 13.9417 0 0 0 0 0.465
2.33 13.9371 0 0 0 0 0.466
2.335 13.9326 0 0 0 0 0.467
2.34 13.928 0 0 0 0 0.468
2.345 13.9234 0 0 0 0 0.469
2.35 13.9188 0 0 0 0 0.47
2.355 13.9142 0 0 0 0 0.471
2.36 13.9096 0 0 0 0 0.472
2.365 13.9049 0 0 0 0 0.473
2.37 13.9003 0 0 0 0 0.474
2.375 13.8956 0 0 0 0 0.475
2.38 13.891 0 0 0 0 0.476
2.385 13.8863 0 0 0 0 0.477
2.39 13.8816 0 0 0 0 0.478
2.395 13.8769 0 0 0 0 0.479
2.4 13.8722 0 0 0 0 0.48
2.405 13.8675 0 0 0 0 0.481
2.41 13.8628 0 0 0 0 0.482
2.415 13.8581 0 0 0 0 0.483
2.42 13.8533 0 0 0 0 0.484
2.425 13.8486 0 0 0 0 0.485
2.43 13.8438 0 0 0 0 0.486
2.435 13.8391 0 0 0 0 0.487
2.44 13.8343 0 0 0 0 0.488
2.445 13.8295 0 0 0 0 0.489
2.45 13.8247 0 0 0 0 0.49
2.455 13.8199 0 0 0 0 0.491
2.46 13.8151 0 0 0 0 0.492
2.465 13.8103 0 0 0 0 0.493
2.47 13.8054 0 0 0 0 0.494
2.475 13.8006 0 0 0 0 0.495
2.48 13.7957 0 0 0 0 0.496
2.485 13.7909 0 0 0 0 0.497
2.49 13.786 0 0 0 0 0.498
2.495 13.7811 0 0 0 0 0.499
2.5 13.7762 0 0 0 0 0.5
2.505 13.7713 0 0 0 0 0.501
2.51 13.7664 0 0 0 0 0.502
2.515 13.7615 0 0 0 0 0.503
2.52 13.7565 0 0 0 0 0.504
2.525 13.7516 0 0 0 0 0.505
2.53 13.7466 0 0 0 0 0.506
2.535 13.7417 0 0 0 0 0.507
2.54 13.7367 0 0 0 0 0.508
2.545 13.7317 0 0 0 0 0.509
2.55 13.7267 0 0 0 0 0.51
2.555 13.7217 0 0 0 0 0.511
2.56 13.7167 0 0 0 0 0.512
2.565 13.7117 0 0 0 0 0.513
2.57 13.7066 0 0 0 0 0.514
2.575 13.7016 0 0 0 0 0.515
2.58 13.6965 0 0 0 0 0.516
2.585 13.6915 0 0 0 0 0.517
2.59 13.6864 0 0 0 0 0.518
2.595 13.6813 0 0 0 0 0.519
2.6 13.6762 0 0 0 0 0.52
2.605 13.6711 0 0 0 0 0.521
2.61 13.666 0 0 0 0 0.522
2.615 13.6609 0 0 0 0 0.523
2.62 13.6558 0 0 0 0 0.524
2.625 13.6506 0 0 0 0 0.525
2.63 13.6455 0 0 0 0 0.526
2.635 13.6403 0 0 0 0 0.527
2.64 13.6352 0 0 0 0 0.528
2.645 13.63 0 0 0 0 0.529
2.65 13.6248 0 0 0 0 0.53
2.655 13.6196 0 0 0 0 0.531
2.66 13.6144 0 0 0 0 0.532
2.665 13.6092 0 0 0 0 0.533
2.67 13.6039 0 0 0 0 0.534
2.675 13.5987 0 0 0 0 0.535
2.68 13.5934 0 0 0 0 0.536
2.685 13.5882 0 0 0 0 0.537
2.69 13.5829 0 0 0 0 0.538
2.695 13.5776 0 0 0 0 0.539
2.7 13.5724 0 0 0 0 0.54
2.705 13.5671 0 0 0 0 0.541
2.71 13.5617 0 0 0 0 0.542
2.715 13.5564 0 0 0 0 0.543
2.72 13.5511 0 0 0 0 0.544
2.725 13.5458 0 0 0 0 0.545
2.73 13.5404 0 0 0 0 0.546
2.735 13.5351 0 0 0 0 0.547
2.74 13.5297 0 0 0 0 0.548
2.745 13.5243 0 0 0 0 0.549
2.75 13.5189 0 0 0 0 0.55
2.755 13.5135 0 0 0 0 0.551
2.76 13.5081 0 0 0 0 0.552
2.765 13.5027 0 0 0 0 0.553
2.77 13.4973 0 0 0 0 0.554
2.775 13.4919 0 0 0 0 0.555
2.78 13.4864 0 0 0 0 0.556
2.785 13.481 0 0 0 0 0.557
2.79 13.4755 0 0 0 0 0.558
2.795 13.47 0 0 0 0 0.559
2.8 13.4645 0 0 0 0 0.56
2.805 13.459 0 0 0 0 0.561
2.81 13.4535 0 0 0 0 0.562
2.815 13.448 0 0 0 0 0.563
2.82 13.4425 0 0 0 0 0.564
2.825 13.437 0 0 0 0 0.565
2.83 13.4314 0 0 0 0 0.566
2.835 13.4259 0 0 0 0 0.567
2.84 13.4203 0 0 0 0 0.568
2.845 13.4147 0 0 0 0 0.569
2.85 13.4092 0 0 0 0 0.57
2.855 13.4036 0 0 0 0 0.571
2.86 13.398 0 0 0 0 0.572
2.865 13.3924 0 0 0 0 0.573
2.87 13.3867 0 0 0 0 0.574
2.875 13.3811 0 0 0 0 0.575
2.88 13.3755 0 0 0 0 0.576
2.885 13.3698 0 0 0 0 0.577
2.89 13.3642 0 0 0 0 0.578
2.895 13.3585 0 0 0 0 0.579
2.9 13.3528 0 0 0 0 0.58
2.905 13.3471 0 0 0 0 0.581
2.91 13.3414 0 0 0 0 0.582
2.915 13.3357 0 0 0 0 0.583
2.92 13.33 0 0 0 0 0.584
2.925 13.3243 0 0 0 0 0.585
2.93 13.3185 0 0 0 0 0.586
2.935 13.3128 0 0 0 0 0.587
2.94 13.307 0 0 0 0 0.588
2.945 13.3012 0 0 0 0 0.589
2.95 13.2955 0 0 0 0 0.59
2.955 13.2897 0 0 0 0 0.591
2.96 13.2839 0 0 0 0 0.592
2.965 13.2781 0 0 0 0 0.593
2.97 13.2723 0 0 0 0 0.594
2.975 13.2664 0 0 0 0 0.595
2.98 13.2606 0 0 0 0 0.596
2.985 13.2547 0 0 0 0 0.597
2.99 13.2489 0 0 0 0 0.598
2.995 13.243 0 0 0 0 0.599
3 13.2371 0 0 0 0 0.6
3.005 13.2313 0 0 0 0 0.601
3.01 13.2254 0 0 0 0 0.602
3.015 13.2195 0 0 0 0 0.603
3.02 13.2135 0 0 0 0 0.604
3.025 13.2076 0 0 0 0 0.605
3.03 13.2017 0 0 0 0 0.606
3.035 13.1957 0 0 0 0 0.607
3.04 13.1898 0 0 0 0 0.608
3.045 13.1838 0 0 0 0 0.609
3.05 13.1778 0 0 0 0 0.61
3.055 13.1719 0 0 0 0 0.611
3.06 13.1659 0 0 0 0 0.612
3.065 13.1599 0 0 0 0 0.613
3.07 13.1538 0 0 0 0 0.614
3.075 13.1478 0 0 0 0 0.615
3.08 13.1418 0 0 0 0 0.616
3.085 13.1357 0 0 0 0 0.617
3.09 13.1297 0 0 0 0 0.618
3.095 13.1236 0 0 0 0 0.619
3.1 13.1176 0 0 0 0 0.62
3.105 13.1115 0 0 0 0 0.621
3.11 13.1054 0 0 0 0 0.622
3.115 13.0993 0 0 0 0 0.623
3.12 13.0932 0 0 0 0 0.624
3.125 13.0871 0 0 0 0 0.625
3.13 13.0809 0 0 0 0 0.626
3.135 13.0748 0 0 0 0 0.627
3.14 13.0686 0 0 0 0 0.628
3.145 13.0625 0 0 0 0 0.629
3.15 13.0563 0 0 0 0 0.63
3.155 13.0501 0 0 0 0 0.631
3.16 13.0439 0 0 0 0 0.632
3.165 13.0377 0 0 0 0 0.633
3.17 13.0315 0 0 0 0 0.634
3.175 13.0253 0 0 0 0 0.635
3.18 13.0191 0 0 0 0 0.636
3.185 13.0128 0 0 0 0 0.637
3.19 13.0066 0 0 0 0 0.638
3.195 13.0003 0 0 0 0 0.639
3.2 12.9941 0 0 0 0 0.64
3.205 12.9878 0 0 0 0 0.641
3.21 12.9815 0 0 0 0 0.642
3.215 12.9752 0 0 0 0 0.643
3.22 12.9689 0 0 0 0 0.644
3.225 12.9626 0 0 0 0 0.645
3.23 12.9562 0 0 0 0 0.646
3.235 12.9499 0 0 0 0 0.647
3.24 12.9435 0 0 0 0 0.648
3.245 12.9372 0 0 0 0 0.649
3.25 12.9308 0 0 0 0 0.65
3.255 12.9244 0 0 0 0 0.651
3.26 12.9181 0 0 0 0 0.652
3.265 12.9117 0 0 0 0 0.653
3.27 12.9053 0 0 0 0 0.654
3.275 12.8988 0 0 0 0 0.655
3.28 12.8924 0 0 0 0 0.656
3.285 12.886 0 0 0 0 0.657
3.29 12.8795 0 0 0 0 0.658
3.295 12.8731 0 0 0 0 0.659
3.3 12.8666 0 0 0 0 0.66
3.305 12.8601 0 0 0 0 0.661
3.31 12.8537 0 0 0 0 0.662
3.315 12.8472 0 0 0 0 0.663
3.32 12.8407 0 0 0 0 0.664
3.325 12.8341 0 0 0 0 0.665
3.33 12.8276 0 0 0 0 0.666
3.335 12.8211 0 0 0 0 0.667
3.34 12.8145 0 0 0 0 0.668
3.345 12.808 0 0 0 0 0.669
3.35 12.8014 0 0 0 0 0.67
3.355 12.7949 0 0 0 0 0.671
3.36 12.7883 0 0 0 0 0.672
3.365 12.7817 0 0 0 0 0.673
3.37 12.7751 0 0 0 0 0.674
3.375 12.7685 0 0 0 0 0.675
3.38 12.7618 0 0 0 0 0.676
3.385 12.7552 0 0 0 0 0.677
3.39 12.7486 0 0 0 0 0.678
3.395 12.7419 0 0 0 0 0.679
3.4 12.7353 0 0 0 0 0.68
3.405 12.7286 0 0 0 0 0.681
3.41 12.7219 0 0 0 0 0.682
3.415 12.7152 0 0 0 0 0.683
3.42 12.7085 0 0 0 0 0.684
3.425 12.7018 0 0 0 0 0.685
3.43 12.6951 0 0 0 0 0.686
3.435 12.6884 0 0 0 0 0.687
3.44 12.6816 0 0 0 0 0.688
3.445 12.6749 0 0 0 0 0.689
3.45 12.6681 0 0 0 0 0.69
3.455 12.6613 0 0 0 0 0.691
3.46 12.6546 0 0 0 0 0.692
3.465 12.6478 0 0 0 0 0.693
3.47 12.641 0 0 0 0 0.694
3.475 12.6342 0 0 0 0 0.695
3.48 12.6274 0 0 0 0 0.696
3.485 12.6205 0 0 0 0 0.697
3.49 12.6137 0 0 0 0 0.698
3.495 12.6068 0 0 0 0 0.699
3.5 12.6 0 0 0 0 0.7
3.505 12.5931 0 0 0 0 0.701
3.51 12.5862 0 0 0 0 0.702
3.515 12.5794 0 0 0 0 0.703
3.52 12.5725 0 0 0 0 0.704
3.525 12.5656 0 0 0 0 0.705
3.53 12.5586 0 0 0 0 0.706
3.535 12.5517 0 0 0 0 0.707
3.54 12.5448 0 0 0 0 0.708
3.545 12.5378 0 0 0 0 0.709
3.55 12.5309 0 0 0 0 0.71
3.555 12.5239 0 0 0 0 0.711
3.56 12.5169 0 0 0 0 0.712
3.565 12.5099 0 0 0 0 0.713
3.57 12.503 0 0 0 0 0.714
3.575 12.4959 0 0 0 0 0.715
3.58 12.4889 0 0 0 0 0.716
3.585 12.4819 0 0 0 0 0.717
3.59 12.4749 0 0 0 0 0.718
3.595 12.4678 0 0 0 0 0.719
3.6 12.4608 0 0 0 0 0.72
3.605 12.4537 0 0 0 0 0.721
3.61 12.4466 0 0 0 0 0.722
3.615 12.4396 0 0 0 0 0.723
3.62 12.4325 0 0 0 0 0.724
3.625 12.4254 0 0 0 0 0.725
3.63 12.4183 0 0 0 0 0.726
3.635 12.4111 0 0 0 0 0.727
3.64 12.404 0 0 0 0 0.728
3.645 12.3969 0 0 0 0 0.729
3.65 12.3897 0 0 0 0 0.73
3.655 12.3825 0 0 0 0 0.731
3.66 12.3754 0 0 0 0 0.732
3.665 12.3682 0 0 0 0 0.733
3.67 12.361 0 0 0 0 0.734
3.675 12.3538 0 0 0 0 0.735
3.68 12.3466 0 0 0 0 0.736
3.685 12.3394 0 0 0 0 0.737
3.69 12.3321 0 0 0 0 0.738
3.695 12.3249 0 0 0 0 0.739
3.7 12.3177 0 0 0 0 0.74
3.705 12.3104 0 0 0 0 0.741
3.71 12.3031 0 0 0 0 0.742
3.715 12.2958 0 0 0 0 0.743
3.72 12.2886 0 0 0 0 0.744
3.725 12.2813 0 0 0 0 0.745
3.73 12.2739 0 0 0 0 0.746
3.735 12.2666 0 0 0 0 0.747
3.74 12.2593 0 0 0 0 0.748
3.745 12.252 0 0 0 0 0.749
3.75 12.2446 0 0 0 0 0.75
3.755 12.2373 0 0 0 0 0.751
3.76 12.2299 0 0 0 0 0.752
3.765 12.2225 0 0 0 0 0.753
3.77 12.2151 0 0 0 0 0.754
3.775 12.2077 0 0 0 0 0.755
3.78 12.2003 0 0 0 0 0.756
3.785 12.1929 0 0 0 0 0.757
3.79 12.1855 0 0 0 0 0.758
3.795 12.178 0 0 0 0 0.759
3.8 12.1706 0 0 0 0 0.76
3.805 12.1631 0 0 0 0 0.761
3.81 12.1557 0 0 0 0 0.762
3.815 12.1482 0 0 0 0 0.763
3.82 12.1407 0 0 0 0 0.764
3.825 12.1332 0 0 0 0 0.765
3.83 12.1257 0 0 0 0 0.766
3.835 12.1182 0 0 0 0 0.767
3.84 12.1107 0 0 0 0 0.768
3.845 12.1031 0 0 0 0 0.769
3.85 12.0956 0 0 0 0 0.77
3.855 12.088 0 0 0 0 0.771
3.86 12.0805 0 0 0 0 0.772
3.865 12.0729 0 0 0 0 0.773
3.87 12.0653 0 0 0 0 0.774
3.875 12.0577 0 0 0 0 0.775
3.88 12.0501 0 0 0 0 0.776
3.885 12.0425 0 0 0 0 0.777
3.89 12.0349 0 0 0 0 0.778
3.895 12.0273 0 0 0 0 0.779
3.9 12.0196 0 0 0 0 0.78
3.905 12.012 0 0 0 0 0.781
3.91 12.0043 0 0 0 0 0.782
3.915 11.9966 0 0 0 0 0.783
3.92 11.989 0 0 0 0 0.784
3.925 11.9813 0 0 0 0 0.785
3.93 11.9736 0 0 0 0 0.786
3.935 11.9659 0 0 0 0 0.787
3.94 11.9581 0 0 0 0 0.788
3.945 11.9504 0 0 0 0 0.789
3.95 11.9427 0 0 0 0 0.79
3.955 11.9349 0 0 0 0 0.791
3.96 11.9272 0 0 0 0 0.792
3.965 11.9194 0 0 0 0 0.793
3.97 11.9116 0 0 0 0 0.794
3.975 11.9038 0 0 0 0 0.795
3.98 11.896 0 0 0 0 0.796
3.985 11.8882 0 0 0 0 0.797
3.99 11.8804 0 0 0 0 0.798
3.995 11.8726 0 0 0 0 0.799
4 11.8647 0 0 0 0 0.8
4.005 11.8569 0 0 0 0 0.801
4.01 11.849 0 0 0 0 0.802
4.015 11.8412 0 0 0 0 0.803
4.02 11.8333 0 0 0 0 0.804
4.025 11.8254 0 0 0 0 0.805
4.03 11.8175 0 0 0 0 0.806
4.035 11.8096 0 0 0 0 0.807
4.04 11.8017 0 0 0 0 0.808
4.045 11.7937 0 0 0 0 0.809
4.05 11.7858 0 0 0 0 0.81
4.055 11.7779 0 0 0 0 0.811
4.06 11.7699 0 0 0 0 0.812
4.065 11.7619 0 0 0 0 0.813
4.07 11.754 0 0 0 0 0.814
4.075 11.746 0 0 0 0 0.815
4.08 11.738 0 0 0 0 0.816
4.085 11.73 0 0 0 0 0.817
4.09 11.722 0 0 0 0 0.818
4.095 11.7139 0 0 0 0 0.819
4.1 11.7059 0 0 0 0 0.82
4.105 11.6979 0 0 0 0 0.821
4.11 11.6898 0 0 0 0 0.822
4.115 11.6817 0 0 0 0 0.823
4.12 11.6737 0 0 0 0 0.824
4.125 11.6656 0 0 0 0 0.825
4.13 11.6575 0 0 0 0 0.826
4.135 11.6494 0 0 0 0 0.827
4.14 11.6413 0 0 0 0 0.828
4.145 11.6331 0 0 0 0 0.829
4.15 11.625 0 0 0 0 0.83
4.155 11.6169 0 0 0 0 0.831
4.16 11.6087 0 0 0 0 0.832
4.165 11.6006 0 0 0 0 0.833
4.17 11.5924 0 0 0 0 0.834
4.175 11.5842 0 0 0 0 0.835
4.18 11.576 0 0 0 0 0.836
4.185 11.5678 0 0 0 0 0.837
4.19 11.5596 0 0 0 0 0.838
4.195 11.5514 0 0 0 0 0.839
4.2 11.5432 0 0 0 0 0.84
4.205 11.5349 0 0 0 0 0.841
4.21 11.5267 0 0 0 0 0.842
4.215 11.5184 0 0 0 0 0.843
4.22 11.5101 0 0 0 0 0.844
4.225 11.5019 0 0 0 0 0.845
4.23 11.4936 0 0 0 0 0.846
4.235 11.4853 0 0 0 0 0.847
4.24 11.477 0 0 0 0 0.848
4.245 11.4686 0 0 0 0 0.849
4.25 11.4603 0 0 0 0 0.85
4.255 11.452 0 0 0 0 0.851
4.26 11.4436 0 0 0 0 0.852
4.265 11.4353 0 0 0 0 0.853
4.27 11.4269 0 0 0 0 0.854
4.275 11.4185 0 0 0 0 0.855
4.28 11.4101 0 0 0 0 0.856
4.285 11.4017 0 0 0 0 0.857
4.29 11.3933 0 0 0 0 0.858
4.295 11.3849 0 0 0 0 0.859
4.3 11.3765 0 0 0 0 0.86
4.305 11.368 0 0 0 0 0.861
4.31 11.3596 0 0 0 0 0.862
4.315 11.3511 0 0 0 0 0.863
4.32 11.3427 0 0 0 0 0.864
4.325 11.3342 0 0 0 0 0.865
4.33 11.3257 0 0 0 0 0.866
4.335 11.3172 0 0 0 0 0.867
4.34 11.3087 0 0 0 0 0.868
4.345 11.3002 0 0 0 0 0.869
4.35 11.2917 0 0 0 0 0.87
4.355 11.2831 0 0 0 0 0.871
4.36 11.2746 0 0 0 0 0.872
4.365 11.266 0 0 0 0 0.873
4.37 11.2575 0 0 0 0 0.874
4.375 11.2489 0 0 0 0 0.875
4.38 11.2403 0 0 0 0 0.876
4.385 11.2317 0 0 0 0 0.877
4.39 11.2231 0 0 0 0 0.878
4.395 11.2145 0 0 0 0 0.879
4.4 11.2059 0 0 0 0 0.88
4.405 11.1973 0 0 0 0 0.881
4.41 11.1886 0 0 0 0 0.882
4.415 11.18 0 0 0 0 0.883
4.42 11.1713 0 0 0 0 0.884
4.425 11.1626 0 0 0 0 0.885
4.43 11.1539 0 0 0 0 0.886
4.435 11.1452 0 0 0 0 0.887
4.44 11.1365 0 0 0 0 0.888
4.445 11.1278 0 0 0 0 0.889
4.45 11.1191 0 0 0 0 0.89
4.455 11.1104 0 0 0 0 0.891
4.46 11.1016 0 0 0 0 0.892
4.465 11.0929 0 0 0 0 0.893
4.47 11.0841 0 0 0 0 0.894
4.475 11.0754 0 0 0 0 0.895
4.48 11.0666 0 0 0 0 0.896
4.485 11.0578 0 0 0 0 0.897
4.49 11.049 0 0 0 0 0.898
4.495 11.0402 0 0 0 0 0.899
4.5 11.0314 0 0 0 0 0.9
4.505 11.0225 0 0 0 0 0.901
4.51 11.0137 0 0 0 0 0.902
4.515 11.0048 0 0 0 0 0.903
4.52 10.996 0 0 0 0 0.904
4.525 10.9871 0 0 0 0 0.905
4.53 10.9782 0 0 0 0 0.906
4.535 10.9694 0 0 0 0 0.907
4.54 10.9605 0 0 0 0 0.908
4.545 10.9516 0 0 0 0 0.909
4.55 10.9426 0 0 0 0 0.91
4.555 10.9337 0 0 0 0 0.911
4.56 10.9248 0 0 0 0 0.912
4.565 10.9158 0 0 0 0 0.913
4.57 10.9069 0 0 0 0 0.914
4.575 10.8979 0 0 0 0 0.915
4.58 10.8889 0 0 0 0 0.916
4.585 10.8799 0 0 0 0 0.917
4.59 10.8709 0 0 0 0 0.918
4.595 10.8619 0 0 0 0 0.919
4.6 10.8529 0 0 0 0 0.92
4.605 10.8439 0 0 0 0 0.921
4.61 10.8349 0 0 0 0 0.922
4.615 10.8258 0 0 0 0 0.923
4.62 10.8168 0 0 0 0 0.924
4.625 10.8077 0 0 0 0 0.925
4.63 10.7986 0 0 0 0 0.926
4.635 10.7895 0 0 0 0 0.927
4.64 10.7804 0 0 0 0 0.928
4.645 10.7713 0 0 0 0 0.929
4.65 10.7622 0 0 0 0 0.93
4.655 10.7531 0 0 0 0 0.931
4.66 10.744 0 0 0 0 0.932
4.665 10.7348 0 0 0 0 0.933
4.67 10.7257 0 0 0 0 0.934
4.675 10.7165 0 0 0 0 0.935
4.68 10.7073 0 0 0 0 0.936
4.685 10.6982 0 0 0 0 0.937
4.69 10.689 0 0 0 0 0.938
4.695 10.6798 0 0 0 0 0.939
4.7 10.6706 0 0 0 0 0.94
4.705 10.6613 0 0 0 0 0.941
4.71 10.6521 0 0 0 0 0.942
4.715 10.6429 0 0 0 0 0.943
4.72 10.6336 0 0 0 0 0.944
4.725 10.6243 0 0 0 0 0.945
4.73 10.6151 0 0 0 0 0.946
4.735 10.6058 0 0 0 0 0.947
4.74 10.5965 0 0 0 0 0.948
4.745 10.5872 0 0 0 0 0.949
4.75 10.5779 0 0 0 0 0.95
4.755 10.5686 0 0 0 0 0.951
4.76 10.5592 0 0 0 0 0.952
4.765 10.5499 0 0 0 0 0.953
4.77 10.5406 0 0 0 0 0.954
4.775 10.5312 0 0 0 0 0.955
4.78 10.5218 0 0 0 0 0.956
4.785 10.5125 0 0 0 0 0.957
4.79 10.5031 0 0 0 0 0.958
4.795 10.4937 0 0 0 0 0.959
4.8 10.4843 0 0 0 0 0.96
4.805 10.4748 0 0 0 0 0.961
4.81 10.4654 0 0 0 0 0.962
4.815 10.456 0 0 0 0 0.963
4.82 10.4465 0 0 0 0 0.964
4.825 10.4371 0 0 0 0 0.965
4.83 10.4276 0 0 0 0 0.966
4.835 10.4181 0 0 0 0 0.967
4.84 10.4086 0 0 0 0 0.968
4.845 10.3991 0 0 0 0 0.969
4.85 10.3896 0 0 0 0 0.97
4.855 10.3801 0 0 0 0 0.971
4.86 10.3706 0 0 0 0 0.972
4.865 10.3611 0 0 0 0 0.973
4.87 10.3515 0 0 0 0 0.974
4.875 10.342 0 0 0 0 0.975
4.88 10.3324 0 0 0 0 0.976
4.885 10.3228 0 0 0 0 0.977
4.89 10.3132 0 0 0 0 0.978
4.895 10.3036 0 0 0 0 0.979
4.9 10.294 0 0 0 0 0.98
4.905 10.2844 0 0 0 0 0.981
4.91 10.2748 0 0 0 0 0.982
4.915 10.2652 0 0 0 0 0.983
4.92 10.2555 0 0 0 0 0.984
4.925 10.2459 0 0 0 0 0.985
4.93 10.2362 0 0 0 0 0.986
4.935 10.2265 0 0 0 0 0.987
4.94 10.2169 0 0 0 0 0.988
4.945 10.2072 0 0 0 0 0.989
4.95 10.1975 0 0 0 0 0.99
4.955 10.1878 0 0 0 0 0.991
4.96 10.178 0 0 0 0 0.992
4.965 10.1683 0 0 0 0 0.993
4.97 10.1586 0 0 0 0 0.994
4.975 10.1488 0 0 0 0 0.995
4.98 10.139 0 0 0 0 0.996
4.985 10.1293 0 0 0 0 0.997
4.99 10.1195 0 0 0 0 0.998
4.995 10.1097 0 0 0 0 0.999
5 10.0999 0 0 0 0 1
5.005 10.0901 0 0 0 0 1.001
5.01 10.0803 0 0 0 0 1.002
5.015 10.0704 0 0 0 0 1.003
5.02 10.0606 0 0 0 0 1.004
5.025 10.0508 0 0 0 0 1.005
5.03 10.0409 0 0 0 0 1.006
5.035 10.031 0 0 0 0 1.007
5.04 10.0212 0 0 0 0 1.008
5.045 10.0113 0 0 0 0 1.009
5.05 10.0014 0 0 0 0 1.01
5.055 9.99146 0 0 0 0 1.011
5.06 9.98154 0 0 0 0 1.012
5.065 9.97161 0 0 0 0 1.013
5.07 9.96167 0 0 0 0 1.014
5.075 9.95172 0 0 0 0 1.015
5.08 9.94177 0 0 0 0 1.016
5.085 9.9318 0 0 0 0 1.017
5.09 9.92182 0 0 0 0 1.018
5.095 9.91184 0 0 0 0 1.019
5.1 9.90184 0 0 0 0 1.02
5.105 9.89183 0 0 0 0 1.021
5.11 9.88182 0 0 0 0 1.022
5.115 9.87179 0 0 0 0 1.023
5.12 9.86176 0 0 0 0 1.024
5.125 9.85171 0 0 0 0 1.025
5.13 9.84166 0 0 0 0 1.026
5.135 9.83159 0 0 0 0 1.027
5.14 9.82152 0 0 0 0 1.028
5.145 9.81143 0 0 0 0 1.029
5.15 9.80134 0 0 0 0 1.03
5.155 9.79123 0 0 0 0 1.031
5.16 9.78112 0 0 0 0 1.032
5.165 9.771 0 0 0 0 1.033
5.17 9.76086 0 0 0 0 1.034
5.175 9.75072 0 0 0 0 1.035
5.18 9.74056 0 0 0 0 1.036
5.185 9.7304 0 0 0 0 1.037
5.19 9.72023 0 0 0 0 1.038
5.195 9.71005 0 0 0 0 1.039
5.2 9.69985 0 0 0 0 1.04
5.205 9.68965 0 0 0 0 1.041
5.21 9.67944 0 0 0 0 1.042
5.215 9.66922 0 0 0 0 1.043
5.22 9.65898 0 0 0 0 1.044
5.225 9.64874 0 0 0 0 1.045
5.23 9.63849 0 0 0 0 1.046
5.235 9.62823 0 0 0 0 1.047
5.24 9.61796 0 0 0 0 1.048
5.245 9.60768 0 0 0 0 1.049
5.25 9.59739 0 0 0 0 1.05
5.255 9.58709 0 0 0 0 1.051
5.26 9.57678 0 0 0 0 1.052
5.265 9.56646 0 0 0 0 1.053
5.27 9.55613 0 0 0 0 1.054
5.275 9.54579 0 0 0 0 1.055
5.28 9.53544 0 0 0 0 1.056
5.285 9.52508 0 0 0 0 1.057
5.29 9.51471 0 0 0 0 1.058
5.295 9.50433 0 0 0 0 1.059
5.3 9.49394 0 0 0 0 1.06
5.305 9.48354 0 0 0 0 1.061
5.31 9.47313 0 0 0 0 1.062
5.315 9.46272 0 0 0 0 1.063
5.32 9.45229 0 0 0 0 1.064
5.325 9.44185 0 0 0 0 1.065
5.33 9.4314 0 0 0 0 1.066
5.335 9.42095 0 0 0 0 1.067
5.34 9.41048 0 0 0 0 1.068
5.345 9.4 0 0 0 0 1.069
5.35 9.38951 0 0 0 0 1.07
5.355 9.37902 0 0 0 0 1.071
5.36 9.36851 0 0 0 0 1.072
5.365 9.35799 0 0 0 0 1.073
5.37 9.34747 0 0 0 0 1.074
5.375 9.33693 0 0 0 0 1.075
5.38 9.32639 0 0 0 0 1.076
5.385 9.31583 0 0 0 0 1.077
5.39 9.30527 0 0 0 0 1.078
5.395 9.29469 0 0 0 0 1.079
5.4 9.28411 0 0 0 0 1.08
5.405 9.27351 0 0 0 0 1.081
5.41 9.26291 0 0 0 0 1.082
5.415 9.25229 0 0 0 0 1.083
5.42 9.24167 0 0 0 0 1.084
5.425 9.23103 0 0 0 0 1.085
5.43 9.22039 0 0 0 0 1.086
5.435 9.20974 0 0 0 0 1.087
5.44 9.19907 0 0 0 0 1.088
5.445 9.1884 0 0 0 0 1.089
5.45 9.17772 0 0 0 0 1.09
5.455 9.16702 0 0 0 0 1.091
5.46 9.15632 0 0 0 0 1.092
5.465 9.14561 0 0 0 0 1.093
5.47 9.13489 0 0 0 0 1.094
5.475 9.12415 0 0 0 0 1.095
5.48 9.11341 0 0 0 0 1.096
5.485 9.10266 0 0 0 0 1.097
5.49 9.0919 0 0 0 0 1.098
5.495 9.08113 0 0 0 0 1.099
5.5 9.07035 0 0 0 0 1.1
5.505 9.05955 0 0 0 0 1.101
5.51 9.04875 0 0 0 0 1.102
5.515 9.03794 0 0 0 0 1.103
5.52 9.02712 0 0 0 0 1.104
5.525 9.01629 0 0 0 0 1.105
5.53 9.00545 0 0 0 0 1.106
5.535 8.9946 0 0 0 0 1.107
5.54 8.98374 0 0 0 0 1.108
5.545 8.97287 0 0 0 0 1.109
5.55 8.96199 0 0 0 0 1.11
5.555 8.9511 0 0 0 0 1.111
5.56 8.94021 0 0 0 0 1.112
5.565 8.9293 0 0 0 0 1.113
5.57 8.91838 0 0 0 0 1.114
5.575 8.90745 0 0 0 0 1.115
5.58 8.89651 0 0 0 0 1.116
5.585 8.88556 0 0 0 0 1.117
5.59 8.87461 0 0 0 0 1.118
5.595 8.86364 0 0 0 0 1.119
5.6 8.85266 0 0 0 0 1.12
5.605 8.84167 0 0 0 0 1.121
5.61 8.83068 0 0 0 0 1.122
5.615 8.81967 0 0 0 0 1.123
5.62 8.80865 0 0 0 0 1.124
5.625 8.79763 0 0 0 0 1.125
5.63 8.78659 0 0 0 0 1.126
5.635 8.77555 0 0 0 0 1.127
5.64 8.76449 0 0 0 0 1.128
5.645 8.75342 0 0 0 0 1.129
5.65 8.74235 0 0 0 0 1.13
5.655 8.73126 0 0 0 0 1.131
5.66 8.72017 0 0 0 0 1.132
5.665 8.70906 0 0 0 0 1.133
5.67 8.69795 0 0 0 0 1.134
5.675 8.68682 0 0 0 0 1.135
5.68 8.67569 0 0 0 0 1.136
5.685 8.66455 0 0 0 0 1.137
5.69 8.65339 0 0 0 0 1.138
5.695 8.64223 0 0 0 0 1.139
5.7 8.63105 0 0 0 0 1.14
5.705 8.61987 0 0 0 0 1.141
5.71 8.60868 0 0 0 0 1.142
5.715 8.59747 0 0 0 0 1.143
5.72 8.58626 0 0 0 0 1.144
5.725 8.57504 0 0 0 0 1.145
5.73 8.56381 0 0 0 0 1.146
5.735 8.55256 0 0 0 0 1.147
5.74 8.54131 0 0 0 0 1.148
5.745 8.53005 0 0 0 0 1.149
5.75 8.51878 0 0 0 0 1.15
5.755 8.5075 0 0 0 0 1.151
5.76 8.49621 0 0 0 0 1.152
5.765 8.4849 0 0 0 0 1.153
5.77 8.47359 0 0 0 0 1.154
5.775 8.46227 0 0 0 0 1.155
5.78 8.45094 0 0 0 0 1.156
5.785 8.4396 0 0 0 0 1.157
5.79 8.42825 0 0 0 0 1.158
5.795 8.41689 0 0 0 0 1.159
5.8 8.40552 0 0 0 0 1.16
5.805 8.39414 0 0 0 0 1.161
5.81 8.38275 0 0 0 0 1.162
5.815 8.37135 0 0 0 0 1.163
5.82 8.35994 0 0 0 0 1.164
5.825 8.34853 0 0 0 0 1.165
5.83 8.3371 0 0 0 0 1.166
5.835 8.32566 0 0 0 0 1.167
5.84 8.31421 0 0 0 0 1.168
5.845 8.30275 0 0 0 0 1.169
5.85 8.29128 0 0 0 0 1.17
5.855 8.27981 0 0 0 0 1.171
5.86 8.26832 0 0 0 0 1.172
5.865 8.25682 0 0 0 0 1.173
5.87 8.24531 0 0 0 0 1.174
5.875 8.2338 0 0 0 0 1.175
5.88 8.22227 0 0 0 0 1.176
5.885 8.21073 0 0 0 0 1.177
5.89 8.19919 0 0 0 0 1.178
5.895 8.18763 0 0 0 0 1.179
5.9 8.17607 0 0 0 0 1.18
5.905 8.16449 0 0 0 0 1.181
5.91 8.1529 0 0 0 0 1.182
5.915 8.14131 0 0 0 0 1.183
5.92 8.1297 0 0 0 0 1.184
5.925 8.11809 0 0 0 0 1.185
5.93 8.10646 0 0 0 0 1.186
5.935 8.09483 0 0 0 0 1.187
5.94 8.08318 0 0 0 0 1.188
5.945 8.07153 0 0 0 0 1.189
5.95 8.05987 0 0 0 0 1.19
5.955 8.04819 0 0 0 0 1.191
5.96 8.03651 0 0 0 0 1.192
5.965 8.02482 0 0 0 0 1.193
5.97 8.01311 0 0 0 0 1.194
5.975 8.0014 0 0 0 0 1.195
5.98 7.98968 0 0 0 0 1.196
5.985 7.97794 0 0 0 0 1.197
5.99 7.9662 0 0 0 0 1.198
5.995 7.95445 0 0 0 0 1.199
6 7.94269 0 0 0 0 1.2
6.005 7.93091 0 0 0 0 1.201
6.01 7.91913 0 0 0 0 1.202
6.015 7.90734 0 0 0 0 1.203
6.02 7.89554 0 0 0 0 1.204
6.025 7.88373 0 0 0 0 1.205
6.03 7.87191 0 0 0 0 1.206
6.035 7.86008 0 0 0 0 1.207
6.04 7.84824 0 0 0 0 1.208
6.045 7.83638 0 0 0 0 1.209
6.05 7.82452 0 0 0 0 1.21
6.055 7.81265 0 0 0 0 1.211
6.06 7.80077 0 0 0 0 1.212
6.065 7.78888 0 0 0 0 1.213
6.07 7.77699 0 0 0 0 1.214
6.075 7.76508 0 0 0 0 1.215
6.08 7.75316 0 0 0 0 1.216
6.085 7.74123 0 0 0 0 1.217
6.09 7.72929 0 0 0 0 1.218
6.095 7.71734 0 0 0 0 1.219
6.1 7.70538 0 0 0 0 1.22
6.105 7.69341 0 0 0 0 1.221
6.11 7.68144 0 0 0 0 1.222
6.115 7.66945 0 0 0 0 1.223
6.12 7.65745 0 0 0 0 1.224
6.125 7.64544 0 0 0 0 1.225
6.13 7.63343 0 0 0 0 1.226
6.135 7.6214 0 0 0 0 1.227
6.14 7.60936 0 0 0 0 1.228
6.145 7.59732 0 0 0 0 1.229
6.15 7.58526 0 0 0 0 1.23
6.155 7.57319 0 0 0 0 1.231
6.16 7.56112 0 0 0 0 1.232
6.165 7.54903 0 0 0 0 1.233
6.17 7.53693 0 0 0 0 1.234
6.175 7.52483 0 0 0 0 1.235
6.18 7.51271 0 0 0 0 1.236
6.185 7.50059 0 0 0 0 1.237
6.19 7.48845 0 0 0 0 1.238
6.195 7.47631 0 0 0 0 1.239
6.2 7.46415 0 0 0 0 1.24
6.205 7.45199 0 0 0 0 1.241
6.21 7.43982 0 0 0 0 1.242
6.215 7.42763 0 0 0 0 1.243
6.22 7.41544 0 0 0 0 1.244
6.225 7.40323 0 0 0 0 1.245
6.23 7.39102 0 0 0 0 1.246
6.235 7.3788 0 0 0 0 1.247
6.24 7.36656 0 0 0 0 1.248
6.245 7.35432 0 0 0 0 1.249
6.25 7.34207 0 0 0 0 1.25
6.255 7.32981 0 0 0 0 1.251
6.26 7.31753 0 0 0 0 1.252
6.265 7.30525 0 0 0 0 1.253
6.27 7.29296 0 0 0 0 1.254
6.275 7.28066 0 0 0 0 1.255
6.28 7.26835 0 0 0 0 1.256
6.285 7.25603 0 0 0 0 1.257
6.29 7.24369 0 0 0 0 1.258
6.295 7.23135 0 0 0 0 1.259
6.3 7.219 0 0 0 0 1.26
6.305 7.20664 0 0 0 0 1.261
6.31 7.19427 0 0 0 0 1.262
6.315 7.18189 0 0 0 0 1.263
6.32 7.1695 0 0 0 0 1.264
6.325 7.1571 0 0 0 0 1.265
6.33 7.14469 0 0 0 0 1.266
6.335 7.13227 0 0 0 0 1.267
6.34 7.11984 0 0 0 0 1.268
6.345 7.1074 0 0 0 0 1.269
6.35 7.09495 0 0 0 0 1.27
6.355 7.0825 0 0 0 0 1.271
6.36 7.07003 0 0 0 0 1.272
6.365 7.05755 0 0 0 0 1.273
6.37 7.04506 0 0 0 0 1.274
6.375 7.03256 0 0 0 0 1.275
6.38 7.02006 0 0 0 0 1.276
6.385 7.00754 0 0 0 0 1.277
6.39 6.99501 0 0 0 0 1.278
6.395 6.98247 0 0 0 0 1.279
6.4 6.96993 0 0 0 0 1.28
6.405 6.95737 0 0 0 0 1.281
6.41 6.9448 0 0 0 0 1.282
6.415 6.93223 0 0 0 0 1.283
6.42 6.91964 0 0 0 0 1.284
6.425 6.90704 0 0 0 0 1.285
6.43 6.89444 0 0 0 0 1.286
6.435 6.88182 0 0 0 0 1.287
6.44 6.8692 0 0 0 0 1.288
6.445 6.85656 0 0 0 0 1.289
6.45 6.84392 0 0 0 0 1.29
6.455 6.83126 0 0 0 0 1.291
6.46 6.8186 0 0 0 0 1.292
6.465 6.80592 0 0 0 0 1.293
6.47 6.79324 0 0 0 0 1.294
6.475 6.78054 0 0 0 0 1.295
6.48 6.76784 0 0 0 0 1.296
6.485 6.75513 0 0 0 0 1.297
6.49 6.7424 0 0 0 0 1.298
6.495 6.72967 0 0 0 0 1.299
6.5 6.71693 0 0 0 0 1.3
6.505 6.70417 0 0 0 0 1.301
6.51 6.69141 0 0 0 0 1.302
6.515 6.67864 0 0 0 0 1.303
6.52 6.66586 0 0 0 0 1.304
6.525 6.65306 0 0 0 0 1.305
6.53 6.64026 0 0 0 0 1.306
6.535 6.62745 0 0 0 0 1.307
6.54 6.61463 0 0 0 0 1.308
6.545 6.6018 0 0 0 0 1.309
6.55 6.58896 0 0 0 0 1.31
6.555 6.5761 0 0 0 0 1.311
6.56 6.56324 0 0 0 0 1.312
6.565 6.55037 0 0 0 0 1.313
6.57 6.53749 0 0 0 0 1.314
6.575 6.5246 0 0 0 0 1.315
6.58 6.5117 0 0 0 0 1.316
6.585 6.49879 0 0 0 0 1.317
6.59 6.48587 0 0 0 0 1.318
6.595 6.47294 0 0 0 0 1.319
6.6 6.46 0 0 0 0 1.32
6.605 6.44705 0 0 0 0 1.321
6.61 6.43409 0 0 0 0 1.322
6.615 6.42113 0 0 0 0 1.323
6.62 6.40815 0 0 0 0 1.324
6.625 6.39516 0 0 0 0 1.325
6.63 6.38216 0 0 0 0 1.326
6.635 6.36915 0 0 0 0 1.327
6.64 6.35613 0 0 0 0 1.328
6.645 6.34311 0 0 0 0 1.329
6.65 6.33007 0 0 0 0 1.33
6.655 6.31702 0 0 0 0 1.331
6.66 6.30396 0 0 0 0 1.332
6.665 6.2909 0 0 0 0 1.333
6.67 6.27782 0 0 0 0 1.334
6.675 6.26473 0 0 0 0 1.335
6.68 6.25164 0 0 0 0 1.336
6.685 6.23853 0 0 0 0 1.337
6.69 6.22542 0 0 0 0 1.338
6.695 6.21229 0 0 0 0 1.339
6.7 6.19915 0 0 0 0 1.34
6.705 6.18601 0 0 0 0 1.341
6.71 6.17285 0 0 0 0 1.342
6.715 6.15969 0 0 0 0 1.343
6.72 6.14651 0 0 0 0 1.344
6.725 6.13333 0 0 0 0 1.345
6.73 6.12014 0 0 0 0 1.346
6.735 6.10693 0 0 0 0 1.347
6.74 6.09372 0 0 0 0 1.348
6.745 6.08049 0 0 0 0 1.349
6.75 6.06726 0 0 0 0 1.35
6.755 6.05402 0 0 0 0 1.351
6.76 6.04076 0 0 0 0 1.352
6.765 6.0275 0 0 0 0 1.353
6.77 6.01423 0 0 0 0 1.354
6.775 6.00094 0 0 0 0 1.355
6.78 5.98765 0 0 0 0 1.356
6.785 5.97435 0 0 0 0 1.357
6.79 5.96104 0 0 0 0 1.358
6.795 5.94771 0 0 0 0 1.359
6.8 5.93438 0 0 0 0 1.36
6.805 5.92104 0 0 0 0 1.361
6.81 5.90769 0 0 0 0 1.362
6.815 5.89433 0 0 0 0 1.363
6.82 5.88096 0 0 0 0 1.364
6.825 5.86758 0 0 0 0 1.365
6.83 5.85419 0 0 0 0 1.366
6.835 5.84079 0 0 0 0 1.367
6.84 5.82738 0 0 0 0 1.368
6.845 5.81396 0 0 0 0 1.369
6.85 5.80053 0 0 0 0 1.37
6.855 5.78709 0 0 0 0 1.371
6.86 5.77364 0 0 0 0 1.372
6.865 5.76018 0 0 0 0 1.373
6.87 5.74671 0 0 0 0 1.374
6.875 5.73323 0 0 0 0 1.375
6.88 5.71974 0 0 0 0 1.376
6.885 5.70624 0 0 0 0 1.377
6.89 5.69273 0 0 0 0 1.378
6.895 5.67921 0 0 0 0 1.379
6.9 5.66569 0 0 0 0 1.38
6.905 5.65215 0 0 0 0 1.381
6.91 5.6386 0 0 0 0 1.382
6.915 5.62504 0 0 0 0 1.383
6.92 5.61148 0 0 0 0 1.384
6.925 5.5979 0 0 0 0 1.385
6.93 5.58431 0 0 0 0 1.386
6.935 5.57072 0 0 0 0 1.387
6.94 5.55711 0 0 0 0 1.388
6.945 5.54349 0 0 0 0 1.389
6.95 5.52987 0 0 0 0 1.39
6.955 5.51623 0 0 0 0 1.391
6.96 5.50259 0 0 0 0 1.392
6.965 5.48893 0 0 0 0 1.393
6.97 5.47526 0 0 0 0 1.394
6.975 5.46159 0 0 0 0 1.395
6.98 5.4479 0 0 0 0 1.396
6.985 5.43421 0 0 0 0 1.397
6.99 5.42051 0 0 0 0 1.398
6.995 5.40679 0 0 0 0 1.399
7 5.39307 0 0 0 0 1.4
7.005 5.37933 0 0 0 0 1.401
7.01 5.36559 0 0 0 0 1.402
7.015 5.35184 0 0 0 0 1.403
7.02 5.33807 0 0 0 0 1.404
7.025 5.3243 0 0 0 0 1.405
7.03 5.31052 0 0 0 0 1.406
7.035 5.29672 0 0 0 0 1.407
7.04 5.28292 0 0 0 0 1.408
7.045 5.26911 0 0 0 0 1.409
7.05 5.25529 0 0 0 0 1.41
7.055 5.24145 0 0 0 0 1.411
7.06 5.22761 0 0 0 0 1.412
7.065 5.21376 0 0 0 0 1.413
7.07 5.1999 0 0 0 0 1.414
7.075 5.18603 0 0 0 0 1.415
7.08 5.17215 0 0 0 0 1.416
7.085 5.15825 0 0 0 0 1.417
7.09 5.14435 0 0 0 0 1.418
7.095 5.13044 0 0 0 0 1.419
7.1 5.11652 0 0 0 0 1.42
7.105 5.10259 0 0 0 0 1.421
7.11 5.08865 0 0 0 0 1.422
7.115 5.0747 0 0 0 0 1.423
7.12 5.06074 0 0 0 0 1.424
7.125 5.04677 0 0 0 0 1.425
7.13 5.03279 0 0 0 0 1.426
7.135 5.01881 0 0 0 0 1.427
7.14 5.00481 0 0 0 0 1.428
7.145 4.9908 0 0 0 0 1.429
7.15 4.97678 0 0 0 0 1.43
7.155 4.96275 0 0 0 0 1.431
7.16 4.94871 0 0 0 0 1.432
7.165 4.93467 0 0 0 0 1.433
7.17 4.92061 0 0 0 0 1.434
7.175 4.90654 0 0 0 0 1.435
7.18 4.89246 0 0 0 0 1.436
7.185 4.87838 0 0 0 0 1.437
7.19 4.86428 0 0 0 0 1.438
7.195 4.85017 0 0 0 0 1.439
7.2 4.83606 0 0 0 0 1.44
7.205 4.82193 0 0 0 0 1.441
7.21 4.80779 0 0 0 0 1.442
7.215 4.79365 0 0 0 0 1.443
7.22 4.77949 0 0 0 0 1.444
7.225 4.76533 0 0 0 0 1.445
7.23 4.75115 0 0 0 0 1.446
7.235 4.73696 0 0 0 0 1.447
7.24 4.72277 0 0 0 0 1.448
7.245 4.70856 0 0 0 0 1.449
7.25 4.69435 0 0 0 0 1.45
7.255 4.68013 0 0 0 0 1.451
7.26 4.66589 0 0 0 0 1.452
7.265 4.65165 0 0 0 0 1.453
7.27 4.63739 0 0 0 0 1.454
7.275 4.62313 0 0 0 0 1.455
7.28 4.60886 0 0 0 0 1.456
7.285 4.59457 0 0 0 0 1.457
7.29 4.58028 0 0 0 0 1.458
7.295 4.56598 0 0 0 0 1.459
7.3 4.55166 0 0 0 0 1.46
7.305 4.53734 0 0 0 0 1.461
7.31 4.52301 0 0 0 0 1.462
7.315 4.50867 0 0 0 0 1.463
7.32 4.49431 0 0 0 0 1.464
7.325 4.47995 0 0 0 0 1.465
7.33 4.46558 0 0 0 0 1.466
7.335 4.4512 0 0 0 0 1.467
7.34 4.43681 0 0 0 0 1.468
7.345 4.42241 0 0 0 0 1.469
7.35 4.408 0 0 0 0 1.47
7.355 4.39358 0 0 0 0 1.471
7.36 4.37914 0 0 0 0 1.472
7.365 4.3647 0 0 0 0 1.473
7.37 4.35025 0 0 0 0 1.474
7.375 4.33579 0 0 0 0 1.475
7.38 4.32132 0 0 0 0 1.476
7.385 4.30684 0 0 0 0 1.477
7.39 4.29236 0 0 0 0 1.478
7.395 4.27786 0 0 0 0 1.479
7.4 4.26335 0 0 0 0 1.48
7.405 4.24883 0 0 0 0 1.481
7.41 4.2343 0 0 0 0 1.482
7.415 4.21976 0 0 0 0 1.483
7.42 4.20521 0 0 0 0 1.484
7.425 4.19066 0 0 0 0 1.485
7.43 4.17609 0 0 0 0 1.486
7.435 4.16151 0 0 0 0 1.487
7.44 4.14692 0 0 0 0 1.488
7.445 4.13233 0 0 0 0 1.489
7.45 4.11772 0 0 0 0 1.49
7.455 4.1031 0 0 0 0 1.491
7.46 4.08847 0 0 0 0 1.492
7.465 4.07384 0 0 0 0 1.493
7.47 4.05919 0 0 0 0 1.494
7.475 4.04454 0 0 0 0 1.495
7.48 4.02987 0 0 0 0 1.496
7.485 4.01519 0 0 0 0 1.497
7.49 4.00051 0 0 0 0 1.498
7.495 3.98581 0 0 0 0 1.499
7.5 3.97111 0 0 0 0 1.5
7.505 3.95639 0 0 0 0 1.501
7.51 3.94167 0 0 0 0 1.502
7.515 3.92693 0 0 0 0 1.503
7.52 3.91219 0 0 0 0 1.504
7.525 3.89743 0 0 0 0 1.505
7.53 3.88267 0 0 0 0 1.506
7.535 3.8679 0 0 0 0 1.507
7.54 3.85311 0 0 0 0 1.508
7.545 3.83832 0 0 0 0 1.509
7.55 3.82352 0 0 0 0 1.51
7.555 3.8087 0 0 0 0 1.511
7.56 3.79388 0 0 0 0 1.512
7.565 3.77905 0 0 0 0 1.513
7.57 3.7642 0 0 0 0 1.514
7.575 3.74935 0 0 0 0 1.515
7.58 3.73449 0 0 0 0 1.516
7.585 3.71962 0 0 0 0 1.517
7.59 3.70474 0 0 0 0 1.518
7.595 3.68984 0 0 0 0 1.519
7.6 3.67494 0 0 0 0 1.52
7.605 3.66003 0 0 0 0 1.521
7.61 3.64511 0 0 0 0 1.522
7.615 3.63018 0 0 0 0 1.523
7.62 3.61524 0 0 0 0 1.524
7.625 3.60029 0 0 0 0 1.525
7.63 3.58533 0 0 0 0 1.526
7.635 3.57036 0 0 0 0 1.527
7.64 3.55538 0 0 0 0 1.528
7.645 3.54039 0 0 0 0 1.529
7.65 3.52539 0 0 0 0 1.53
7.655 3.51038 0 0 0 0 1.531
7.66 3.49536 0 0 0 0 1.532
7.665 3.48033 0 0 0 0 1.533
7.67 3.46529 0 0 0 0 1.534
7.675 3.45025 0 0 0 0 1.535
7.68 3.43519 0 0 0 0 1.536
7.685 3.42012 0 0 0 0 1.537
7.69 3.40504 0 0 0 0 1.538
7.695 3.38995 0 0 0 0 1.539
7.7 3.37486 0 0 0 0 1.54
7.705 3.35975 0 0 0 0 1.541
7.71 3.34463 0 0 0 0 1.542
7.715 3.3295 0 0 0 0 1.543
7.72 3.31437 0 0 0 0 1.544
7.725 3.29922 0 0 0 0 1.545
7.73 3.28406 0 0 0 0 1.546
7.735 3.2689 0 0 0 0 1.547
7.74 3.25372 0 0 0 0 1.548
7.745 3.23854 0 0 0 0 1.549
7.75 3.22334 0 0 0 0 1.55
7.755 3.20813 0 0 0 0 1.551
7.76 3.19292 0 0 0 0 1.552
7.765 3.17769 0 0 0 0 1.553
7.77 3.16246 0 0 0 0 1.554
7.775 3.14721 0 0 0 0 1.555
7.78 3.13196 0 0 0 0 1.556
7.785 3.1167 0 0 0 0 1.557
7.79 3.10142 0 0 0 0 1.558
7.795 3.08614 0 0 0 0 1.559
7.8 3.07084 0 0 0 0 1.56
7.805 3.05554 0 0 0 0 1.561
7.81 3.04023 0 0 0 0 1.562
7.815 3.0249 0 0 0 0 1.563
7.82 3.00957 0 0 0 0 1.564
7.825 2.99423 0 0 0 0 1.565
7.83 2.97888 0 0 0 0 1.566
7.835 2.96351 0 0 0 0 1.567
7.84 2.94814 0 0 0 0 1.568
7.845 2.93276 0 0 0 0 1.569
7.85 2.91737 0 0 0 0 1.57
7.855 2.90196 0 0 0 0 1.571
7.86 2.88655 0 0 0 0 1.572
7.865 2.87113 0 0 0 0 1.573
7.87 2.8557 0 0 0 0 1.574
7.875 2.84026 0 0 0 0 1.575
7.88 2.82481 0 0 0 0 1.576
7.885 2.80935 0 0 0 0 1.577
7.89 2.79388 0 0 0 0 1.578
7.895 2.7784 0 0 0 0 1.579
7.9 2.76291 0 0 0 0 1.58
7.905 2.74741 0 0 0 0 1.581
7.91 2.7319 0 0 0 0 1.582
7.915 2.71638 0 0 0 0 1.583
7.92 2.70085 0 0 0 0 1.584
7.925 2.68531 0 0 0 0 1.585
7.93 2.66976 0 0 0 0 1.586
7.935 2.6542 0 0 0 0 1.587
7.94 2.63863 0 0 0 0 1.588
7.945 2.62306 0 0 0 0 1.589
7.95 2.60747 0 0 0 0 1.59
7.955 2.59187 0 0 0 0 1.591
7.96 2.57626 0 0 0 0 1.592
7.965 2.56065 0 0 0 0 1.593
7.97 2.54502 0 0 0 0 1.594
7.975 2.52938 0 0 0 0 1.595
7.98 2.51373 0 0 0 0 1.596
7.985 2.49808 0 0 0 0 1.597
7.99 2.48241 0 0 0 0 1.598
7.995 2.46673 0 0 0 0 1.599
8 2.45105 0 0 0 0 1.6
8.005 2.43535 0 0 0 0 1.601
8.01 2.41965 0 0 0 0 1.602
8.015 2.40393 0 0 0 0 1.603
8.02 2.38821 0 0 0 0 1.604
8.025 2.37247 0 0 0 0 1.605
8.03 2.35672 0 0 0 0 1.606
8.035 2.34097 0 0 0 0 1.607
8.04 2.32521 0 0 0 0 1.608
8.045 2.30943 0 0 0 0 1.609
8.05 2.29365 0 0 0 0 1.61
8.055 2.27785 0 0 0 0 1.611
8.06 2.26205 0 0 0 0 1.612
8.065 2.24623 0 0 0 0 1.613
8.07 2.23041 0 0 0 0 1.614
8.075 2.21458 0 0 0 0 1.615
8.08 2.19873 0 0 0 0 1.616
8.085 2.18288 0 0 0 0 1.617
8.09 2.16702 0 0 0 0 1.618
8.095 2.15115 0 0 0 0 1.619
8.1 2.13526 0 0 0 0 1.62
8.105 2.11937 0 0 0 0 1.621
8.11 2.10347 0 0 0 0 1.622
8.115 2.08756 0 0 0 0 1.623
8.12 2.07164 0 0 0 0 1.624
8.125 2.05571 0 0 0 0 1.625
8.13 2.03976 0 0 0 0 1.626
8.135 2.02381 0 0 0 0 1.627
8.14 2.00785 0 0 0 0 1.628
8.145 1.99188 0 0 0 0 1.629
8.15 1.9759 0 0 0 0 1.63
8.155 1.95991 0 0 0 0 1.631
8.16 1.94391 0 0 0 0 1.632
8.165 1.9279 0 0 0 0 1.633
8.17 1.91188 0 0 0 0 1.634
8.175 1.89585 0 0 0 0 1.635
8.18 1.87981 0 0 0 0 1.636
8.185 1.86376 0 0 0 0 1.637
8.19 1.8477 0 0 0 0 1.638
8.195 1.83163 0 0 0 0 1.639
8.2 1.81556 0 0 0 0 1.64
8.205 1.79947 0 0 0 0 1.641
8.21 1.78337 0 0 0 0 1.642
8.215 1.76726 0 0 0 0 1.643
8.22 1.75114 0 0 0 0 1.644
8.225 1.73502 0 0 0 0 1.645
8.23 1.71888 0 0 0 0 1.646
8.235 1.70273 0 0 0 0 1.647
8.24 1.68657 0 0 0 0 1.648
8.245 1.67041 0 0 0 0 1.649
8.25 1.65423 0 0 0 0 1.65
8.255 1.63804 0 0 0 0 1.651
8.26 1.62185 0 0 0 0 1.652
8.265 1.60564 0 0 0 0 1.653
8.27 1.58943 0 0 0 0 1.654
8.275 1.5732 0 0 0 0 1.655
8.28 1.55696 0 0 0 0 1.656
8.285 1.54072 0 0 0 0 1.657
8.29 1.52446 0 0 0 0 1.658
8.295 1.5082 0 0 0 0 1.659
8.3 1.49192 0 0 0 0 1.66
8.305 1.47564 0 0 0 0 1.661
8.31 1.45935 0 0 0 0 1.662
8.315 1.44304 0 0 0 0 1.663
8.32 1.42673 0 0 0 0 1.664
8.325 1.4104 0 0 0 0 1.665
8.33 1.39407 0 0 0 0 1.666
8.335 1.37773 0 0 0 0 1.667
8.34 1.36137 0 0 0 0 1.668
8.345 1.34501 0 0 0 0 1.669
8.35 1.32864 0 0 0 0 1.67
8.355 1.31225 0 0 0 0 1.671
8.36 1.29586 0 0 0 0 1.672
8.365 1.27946 0 0 0 0 1.673
8.37 1.26305 0 0 0 0 1.674
8.375 1.24663 0 0 0 0 1.675
8.38 1.23019 0 0 0 0 1.676
8.385 1.21375 0 0 0 0 1.677
8.39 1.1973 0 0 0 0 1.678
8.395 1.18084 0 0 0 0 1.679
8.4 1.16437 0 0 0 0 1.68
8.405 1.14789 0 0 0 0 1.681
8.41 1.1314 0 0 0 0 1.682
8.415 1.1149 0 0 0 0 1.683
8.42 1.09839 0 0 0 0 1.684
8.425 1.08187 0 0 0 0 1.685
8.43 1.06534 0 0 0 0 1.686
8.435 1.0488 0 0 0 0 1.687
8.44 1.03225 0 0 0 0 1.688
8.445 1.01569 0 0 0 0 1.689
8.45 0.999119 0 0 0 0 1.69
8.455 0.98254 0 0 0 0 1.691
8.46 0.965951 0 0 0 0 1.692
8.465 0.949353 0 0 0 0 1.693
8.47 0.932744 0 0 0 0 1.694
8.475 0.916126 0 0 0 0 1.695
8.48 0.899498 0 0 0 0 1.696
8.485 0.882861 0 0 0 0 1.697
8.49 0.866213 0 0 0 0 1.698
8.495 0.849556 0 0 0 0 1.699
8.5 0.832889 0 0 0 0 1.7
8.505 0.816212 0 0 0 0 1.701
8.51 0.799525 0 0 0 0 1.702
8.515 0.782828 0 0 0 0 1.703
8.52 0.766122 0 0 0 0 1.704
8.525 0.749405 0 0 0 0 1.705
8.53 0.732679 0 0 0 0 1.706
8.535 0.715943 0 0 0 0 1.707
8.54 0.699198 0 0 0 0 1.708
8.545 0.682442 0 0 0 0 1.709
8.55 0.665677 0 0 0 0 1.71
8.555 0.648902 0 0 0 0 1.711
8.56 0.632117 0 0 0 0 1.712
8.565 0.615322 0 0 0 0 1.713
8.57 0.598518 0 0 0 0 1.714
8.575 0.581703 0 0 0 0 1.715
8.58 0.564879 0 0 0 0 1.716
8.585 0.548045 0 0 0 0 1.717
8.59 0.531202 0 0 0 0 1.718
8.595 0.514348 0 0 0 0 1.719
8.6 0.497485 0 0 0 0 1.72
8.605 0.480611 0 0 0 0 1.721
8.61 0.463728 0 0 0 0 1.722
8.615 0.446836 0 0 0 0 1.723
8.62 0.429933 0 0 0 0 1.724
8.625 0.413021 0 0 0 0 1.725
8.63 0.396098 0 0 0 0 1.726
8.635 0.379166 0 0 0 0 1.727
8.64 0.362224 0 0 0 0 1.728
8.645 0.345273 0 0 0 0 1.729
8.65 0.328311 0 0 0 0 1.73
8.655 0.31134 0 0 0 0 1.731
8.66 0.294359 0 0 0 0 1.732
8.665 0.277368 0 0 0 0 1.733
8.67 0.260367 0 0 0 0 1.734
8.675 0.243357 0 0 0 0 1.735
8.68 0.226336 0 0 0 0 1.736
8.685 0.209306 0 0 0 0 1.737
8.69 0.192266 0 0 0 0 1.738
8.695 0.175216 0 0 0 0 1.739
8.7 0.158157 0 0 0 0 1.74
8.705 0.141087 0 0 0 0 1.741
8.71 0.124008 0 0 0 0 1.742
8.715 0.106919 0 0 0 0 1.743
8.72 0.0898202 0 0 0 0 1.744
8.725 0.0727116 0 0 0 0 1.745
8.73 0.0555932 0 0 0 0 1.746
8.735 0.0384649 0 0 0 0 1.747
8.74 0.0213268 0 0 0 0 1.748
8.745 0.00417894 0 0 0 0 1.749
8.75 -0.0129787 0 0 0 0 1.75
8.755 -0.0301462 0 0 0 0 1.751
8.76 -0.0473236 0 0 0 0 1.752
8.765 -0.0645107 0 0 0 0 1.753
8.77 -0.0817076 0 0 0 0 1.754
8.775 -0.0989143 0 0 0 0 1.755
8.78 -0.116131 0 0 0 0 1.756
8.785 -0.133357 0 0 0 0 1.757
8.79 -0.150593 0 0 0 0 1.758
8.795 -0.167839 0 0 0 0 1.759
8.8 -0.185095 0 0 0 0 1.76
8.805 -0.202361 0 0 0 0 1.761
8.81 -0.219636 0 0 0 0 1.762
8.815 -0.236921 0 0 0 0 1.763
8.82 -0.254216 0 0 0 0 1.764
8.825 -0.271521 0 0 0 0 1.765
8.83 -0.288836 0 0 0 0 1.766
8.835 -0.30616 0 0 0 0 1.767
8.84 -0.323495 0 0 0 0 1.768
8.845 -0.340839 0 0 0 0 1.769
8.85 -0.358193 0 0 0 0 1.77
8.855 -0.375556 0 0 0 0 1.771
8.86 -0.39293 0 0 0 0 1.772
8.865 -0.410313 0 0 0 0 1.773
8.87 -0.427706 0 0 0 0 1.774
8.875 -0.445109 0 0 0 0 1.775
8.88 -0.462522 0 0 0 0 1.776
8.885 -0.479945 0 0 0 0 1.777
8.89 -0.497377 0 0 0 0 1.778
8.895 -0.514819 0 0 0 0 1.779
8.9 -0.532271 0 0 0 0 1.78
8.905 -0.549733 0 0 0 0 1.781
8.91 -0.567205 0 0 0 0 1.782
8.915 -0.584686 0 0 0 0 1.783
8.92 -0.602177 0 0 0 0 1.784
8.925 -0.619678 0 0 0 0 1.785
8.93 -0.637189 0 0 0 0 1.786
8.935 -0.65471 0 0 0 0 1.787
8.94 -0.67224 0 0 0 0 1.788
8.945 -0.68978 0 0 0 0 1.789
8.95 -0.707331 0 0 0 0 1.79
8.955 -0.72489 0 0 0 0 1.791
8.96 -0.74246 0 0 0 0 1.792
8.965 -0.76004 0 0 0 0 1.793
8.97 -0.777629 0 0 0 0 1.794
8.975 -0.795228 0 0 0 0 1.795
8.98 -0.812837 0 0 0 0 1.796
8.985 -0.830456 0 0 0 0 1.797
8.99 -0.848084 0 0 0 0 1.798
8.995 -0.865723 0 0 0 0 1.799
9 -0.883371 0 0 0 0 1.8
9.005 -0.901029 0 0 0 0 1.801
9.01 -0.918697 0 0 0 0 1.802
9.015 -0.936374 0 0 0 0 1.803
9.02 -0.954062 0 0 0 0 1.804
9.025 -0.971759 0 0 0 0 1.805
9.03 -0.989466 0 0 0 0 1.806
9.035 -1.00718 0 0 0 0 1.807
9.04 -1.02491 0 0 0 0 1.808
9.045 -1.04265 0 0 0 0 1.809
9.05 -1.06039 0 0 0 0 1.81
9.055 -1.07815 0 0 0 0 1.811
9.06 -1.09591 0 0 0 0 1.812
9.065 -1.11369 0 0 0 0 1.813
9.07 -1.13148 0 0 0 0 1.814
9.075 -1.14927 0 0 0 0 1.815
9.08 -1.16708 0 0 0 0 1.816
9.085 -1.18489 0 0 0 0 1.817
9.09 -1.20272 0 0 0 0 1.818
9.095 -1.22055 0 0 0 0 1.819
9.1 -1.23839 0 0 0 0 1.82
9.105 -1.25625 0 0 0 0 1.821
9.11 -1.27411 0 0 0 0 1.822
9.115 -1.29199 0 0 0 0 1.823
9.12 -1.30987 0 0 0 0 1.824
9.125 -1.32776 0 0 0 0 1.825
9.13 -1.34567 0 0 0 0 1.826
9.135 -1.36358 0 0 0 0 1.827
9.14 -1.3815 0 0 0 0 1.828
9.145 -1.39944 0 0 0 0 1.829
9.15 -1.41738 0 0 0 0 1.83
9.155 -1.43533 0 0 0 0 1.831
9.16 -1.45329 0 0 0 0 1.832
9.165 -1.47126 0 0 0 0 1.833
9.17 -1.48925 0 0 0 0 1.834
9.175 -1.50724 0 0 0 0 1.835
9.18 -1.52524 0 0 0 0 1.836
9.185 -1.54325 0 0 0 0 1.837
9.19 -1.56127 0 0 0 0 1.838
9.195 -1.5793 0 0 0 0 1.839
9.2 -1.59734 0 0 0 0 1.84
9.205 -1.61539 0 0 0 0 1.841
9.21 -1.63345 0 0 0 0 1.842
9.215 -1.65152 0 0 0 0 1.843
9.22 -1.6696 0 0 0 0 1.844
9.225 -1.68769 0 0 0 0 1.845
9.23 -1.70579 0 0 0 0 1.846
9.235 -1.7239 0 0 0 0 1.847
9.24 -1.74202 0 0 0 0 1.848
9.245 -1.76015 0 0 0 0 1.849
9.25 -1.77829 0 0 0 0 1.85
9.255 -1.79644 0 0 0 0 1.851
9.26 -1.8146 0 0 0 0 1.852
9.265 -1.83276 0 0 0 0 1.853
9.27 -1.85094 0 0 0 0 1.854
9.275 -1.86913 0 0 0 0 1.855
9.28 -1.88733 0 0 0 0 1.856
9.285 -1.90553 0 0 0 0 1.857
9.29 -1.92375 0 0 0 0 1.858
9.295 -1.94198 0 0 0 0 1.859
9.3 -1.96021 0 0 0 0 1.86
9.305 -1.97846 0 0 0 0 1.861
9.31 -1.99672 0 0 0 0 1.862
9.315 -2.01498 0 0 0 0 1.863
9.32 -2.03326 0 0 0 0 1.864
9.325 -2.05155 0 0 0 0 1.865
9.33 -2.06984 0 0 0 0 1.866
9.335 -2.08815 0 0 0 0 1.867
9.34 -2.10646 0 0 0 0 1.868
9.345 -2.12479 0 0 0 0 1.869
9.35 -2.14312 0 0 0 0 1.87
9.355 -2.16147 0 0 0 0 1.871
9.36 -2.17982 0 0 0 0 1.872
9.365 -2.19819 0 0 0 0 1.873
9.37 -2.21656 0 0 0 0 1.874
9.375 -2.23494 0 0 0 0 1.875
9.38 -2.25334 0 0 0 0 1.876
9.385 -2.27174 0 0 0 0 1.877
9.39 -2.29015 0 0 0 0 1.878
9.395 -2.30858 0 0 0 0 1.879
9.4 -2.32701 0 0 0 0 1.88
9.405 -2.34545 0 0 0 0 1.881
9.41 -2.36391 0 0 0 0 1.882
9.415 -2.38237 0 0 0 0 1.883
9.42 -2.40084 0 0 0 0 1.884
9.425 -2.41932 0 0 0 0 1.885
9.43 -2.43781 0 0 0 0 1.886
9.435 -2.45632 0 0 0 0 1.887
9.44 -2.47483 0 0 0 0 1.888
9.445 -2.49335 0 0 0 0 1.889
9.45 -2.51188 0 0 0 0 1.89
9.455 -2.53042 0 0 0 0 1.891
9.46 -2.54897 0 0 0 0 1.892
9.465 -2.56753 0 0 0 0 1.893
9.47 -2.5861 0 0 0 0 1.894
9.475 -2.60468 0 0 0 0 1.895
9.48 -2.62327 0 0 0 0 1.896
9.485 -2.64187 0 0 0 0 1.897
9.49 -2.66048 0 0 0 0 1.898
9.495 -2.6791 0 0 0 0 1.899
9.5 -2.69773 0 0 0 0 1.9
9.505 -2.71637 0 0 0 0 1.901
9.51 -2.73502 0 0 0 0 1.902
9.515 -2.75368 0 0 0 0 1.903
9.52 -2.77235 0 0 0 0 1.904
9.525 -2.79102 0 0 0 0 1.905
9.53 -2.80971 0 0 0 0 1.906
9.535 -2.82841 0 0 0 0 1.907
9.54 -2.84712 0 0 0 0 1.908
9.545 -2.86583 0 0 0 0 1.909
9.55 -2.88456 0 0 0 0 1.91
9.555 -2.9033 0 0 0 0 1.911
9.56 -2.92205 0 0 0 0 1.912
9.565 -2.9408 0 0 0 0 1.913
9.57 -2.95957 0 0 0 0 1.914
9.575 -2.97835 0 0 0 0 1.915
9.58 -2.99713 0 0 0 0 1.916
9.585 -3.01593 0 0 0 0 1.917
9.59 -3.03473 0 0 0 0 1.918
9.595 -3.05355 0 0 0 0 1.919
9.6 -3.07237 0 0 0 0 1.92
9.605 -3.09121 0 0 0 0 1.921
9.61 -3.11005 0 0 0 0 1.922
9.615 -3.12891 0 0 0 0 1.923
9.62 -3.14777 0 0 0 0 1.924
9.625 -3.16665 0 0 0 0 1.925
9.63 -3.18553 0 0 0 0 1.926
9.635 -3.20443 0 0 0 0 1.927
9.64 -3.22333 0 0 0 0 1.928
9.645 -3.24224 0 0 0 0 1.929
9.65 -3.26117 0 0 0 0 1.93
9.655 -3.2801 0 0 0 0 1.931
9.66 -3.29904 0 0 0 0 1.932
9.665 -3.318 0 0 0 0 1.933
9.67 -3.33696 0 0 0 0 1.934
9.675 -3.35593 0 0 0 0 1.935
9.68 -3.37491 0 0 0 0 1.936
9.685 -3.39391 0 0 0 0 1.937
9.69 -3.41291 0 0 0 0 1.938
9.695 -3.43192 0 0 0 0 1.939
9.7 -3.45094 0 0 0 0 1.94
9.705 -3.46997 0 0 0 0 1.941
9.71 -3.48901 0 0 0 0 1.942
9.715 -3.50807 0 0 0 0 1.943
9.72 -3.52713 0 0 0 0 1.944
9.725 -3.5462 0 0 0 0 1.945
9.73 -3.56528 0 0 0 0 1.946
9.735 -3.58437 0 0 0 0 1.947
9.74 -3.60347 0 0 0 0 1.948
9.745 -3.62258 0 0 0 0 1.949
9.75 -3.6417 0 0 0 0 1.95
9.755 -3.66083 0 0 0 0 1.951
9.76 -3.67997 0 0 0 0 1.952
9.765 -3.69912 0 0 0 0 1.953
9.77 -3.71827 0 0 0 0 1.954
9.775 -3.73744 0 0 0 0 1.955
9.78 -3.75662 0 0 0 0 1.956
9.785 -3.77581 0 0 0 0 1.957
9.79 -3.79501 0 0 0 0 1.958
9.795 -3.81422 0 0 0 0 1.959
9.8 -3.83343 0 0 0 0 1.96
9.805 -3.85266 0 0 0 0 1.961
9.81 -3.8719 0 0 0 0 1.962
9.815 -3.89115 0 0 0 0 1.963
9.82 -3.9104 0 0 0 0 1.964
9.825 -3.92967 0 0 0 0 1.965
9.83 -3.94895 0 0 0 0 1.966
9.835 -3.96823 0 0 0 0 1.967
9.84 -3.98753 0 0 0 0 1.968
9.845 -4.00684 0 0 0 0 1.969
9.85 -4.02615 0 0 0 0 1.97
9.855 -4.04548 0 0 0 0 1.971
9.86 -4.06481 0 0 0 0 1.972
9.865 -4.08416 0 0 0 0 1.973
9.87 -4.10351 0 0 0 0 1.974
9.875 -4.12288 0 0 0 0 1.975
9.88 -4.14225 0 0 0 0 1.976
9.885 -4.16164 0 0 0 0 1.977
9.89 -4.18103 0 0 0 0 1.978
9.895 -4.20044 0 0 0 0 1.979
9.9 -4.21985 0 0 0 0 1.98
9.905 -4.23927 0 0 0 0 1.981
9.91 -4.25871 0 0 0 0 1.982
9.915 -4.27815 0 0 0 0 1.983
9.92 -4.2976 0 0 0 0 1.984
9.925 -4.31707 0 0 0 0 1.985
9.93 -4.33654 0 0 0 0 1.986
9.935 -4.35602 0 0 0 0 1.987
9.94 -4.37552 0 0 0 0 1.988
9.945 -4.39502 0 0 0 0 1.989
9.95 -4.41453 0 0 0 0 1.99
9.955 -4.43405 0 0 0 0 1.991
9.96 -4.45358 0 0 0 0 1.992
9.965 -4.47312 0 0 0 0 1.993
9.97 -4.49268 0 0 0 0 1.994
9.975 -4.51224 0 0 0 0 1.995
9.98 -4.53181 0 0 0 0 1.996
9.985 -4.55139 0 0 0 0 1.997
9.99 -4.57098 0 0 0 0 1.998
9.995 -4.59058 0 0 0 0 1.999
10 -4.61019 0 0 0 0 2
10.005 -4.62981 0 0 0 0 2.001
10.01 -4.64944 0 0 0 0 2.002
10.015 -4.66908 0 0 0 0 2.003
10.02 -4.68873 0 0 0 0 2.004
10.025 -4.70839 0 0 0 0 2.005
10.03 -4.72806 0 0 0 0 2.006
10.035 -4.74774 0 0 0 0 2.007
10.04 -4.76742 0 0 0 0 2.008
10.045 -4.78712 0 0 0 0 2.009
10.05 -4.80683 0 0 0 0 2.01
10.055 -4.82655 0 0 0 0 2.011
10.06 -4.84628 0 0 0 0 2.012
10.065 -4.86602 0 0 0 0 2.013
10.07 -4.88576 0 0 0 0 2.014
10.075 -4.90552 0 0 0 0 2.015
10.08 -4.92529 0 0 0 0 2.016
10.085 -4.94506 0 0 0 0 2.017
10.09 -4.96485 0 0 0 0 2.018
10.095 -4.98465 0 0 0 0 2.019
10.1 -5.00445 0 0 0 0 2.02
10.105 -5.02427 0 0 0 0 2.021
10.11 -5.0441 0 0 0 0 2.022
10.115 -5.06393 0 0 0 0 2.023
10.12 -5.08378 0 0 0 0 2.024
10.125 -5.10363 0 0 0 0 2.025
10.13 -5.1235 0 0 0 0 2.026
10.135 -5.14337 0 0 0 0 2.027
10.14 -5.16326 0 0 0 0 2.028
10.145 -5.18315 0 0 0 0 2.029
10.15 -5.20306 0 0 0 0 2.03
10.155 -5.22297 0 0 0 0 2.031
10.16 -5.2429 0 0 0 0 2.032
10.165 -5.26283 0 0 0 0 2.033
10.17 -5.28277 0 0 0 0 2.034
10.175 -5.30273 0 0 0 0 2.035
10.18 -5.32269 0 0 0 0 2.036
10.185 -5.34266 0 0 0 0 2.037
10.19 -5.36265 0 0 0 0 2.038
10.195 -5.38264 0 0 0 0 2.039
10.2 -5.40264 0 0 0 0 2.04
10.205 -5.42265 0 0 0 0 2.041
10.21 -5.44268 0 0 0 0 2.042
10.215 -5.46271 0 0 0 0 2.043
10.22 -5.48275 0 0 0 0 2.044
10.225 -5.5028 0 0 0 0 2.045
10.23 -5.52286 0 0 0 0 2.046
10.235 -5.54293 0 0 0 0 2.047
10.24 -5.56302 0 0 0 0 2.048
10.245 -5.58311 0 0 0 0 2.049
10.25 -5.60321 0 0 0 0 2.05
10.255 -5.62332 0 0 0 0 2.051
10.26 -5.64344 0 0 0 0 2.052
10.265 -5.66357 0 0 0 0 2.053
10.27 -5.68371 0 0 0 0 2.054
10.275 -5.70386 0 0 0 0 2.055
10.28 -5.72402 0 0 0 0 2.056
10.285 -5.74419 0 0 0 0 2.057
10.29 -5.76437 0 0 0 0 2.058
10.295 -5.78455 0 0 0 0 2.059
10.3 -5.80475 0 0 0 0 2.06
10.305 -5.82496 0 0 0 0 2.061
10.31 -5.84518 0 0 0 0 2.062
10.315 -5.86541 0 0 0 0 2.063
10.32 -5.88565 0 0 0 0 2.064
10.325 -5.90589 0 0 0 0 2.065
10.33 -5.92615 0 0 0 0 2.066
10.335 -5.94642 0 0 0 0 2.067
10.34 -5.9667 0 0 0 0 2.068
10.345 -5.98698 0 0 0 0 2.069
10.35 -6.00728 0 0 0 0 2.07
10.355 -6.02759 0 0 0 0 2.071
10.36 -6.0479 0 0 0 0 2.072
10.365 -6.06823 0 0 0 0 2.073
10.37 -6.08857 0 0 0 0 2.074
10.375 -6.10891 0 0 0 0 2.075
10.38 -6.12927 0 0 0 0 2.076
10.385 -6.14963 0 0 0 0 2.077
10.39 -6.17001 0 0 0 0 2.078
10.395 -6.19039 0 0 0 0 2.079
10.4 -6.21079 0 0 0 0 2.08
10.405 -6.23119 0 0 0 0 2.081
10.41 -6.25161 0 0 0 0 2.082
10.415 -6.27203 0 0 0 0 2.083
10.42 -6.29247 0 0 0 0 2.084
10.425 -6.31291 0 0 0 0 2.085
10.43 -6.33337 0 0 0 0 2.086
10.435 -6.35383 0 0 0 0 2.087
10.44 -6.3743 0 0 0 0 2.088
10.445 -6.39479 0 0 0 0 2.089
10.45 -6.41528 0 0 0 0 2.09
10.455 -6.43578 0 0 0 0 2.091
10.46 -6.45629 0 0 0 0 2.092
10.465 -6.47682 0 0 0 0 2.093
10.47 -6.49735 0 0 0 0 2.094
10.475 -6.51789 0 0 0 0 2.095
10.48 -6.53844 0 0 0 0 2.096
10.485 -6.55901 0 0 0 0 2.097
10.49 -6.57958 0 0 0 0 2.098
10.495 -6.60016 0 0 0 0 2.099
10.5 -6.62075 0 0 0 0 2.1
10.505 -6.64135 0 0 0 0 2.101
10.51 -6.66196 0 0 0 0 2.102
10.515 -6.68258 0 0 0 0 2.103
10.52 -6.70321 0 0 0 0 2.104
10.525 -6.72385 0 0 0 0 2.105
10.53 -6.7445 0 0 0 0 2.106
10.535 -6.76516 0 0 0 0 2.107
10.54 -6.78583 0 0 0 0 2.108
10.545 -6.80651 0 0 0 0 2.109
10.55 -6.8272 0 0 0 0 2.11
10.555 -6.8479 0 0 0 0 2.111
10.56 -6.86861 0 0 0 0 2.112
10.565 -6.88933 0 0 0 0 2.113
10.57 -6.91006 0 0 0 0 2.114
10.575 -6.93079 0 0 0 0 2.115
10.58 -6.95154 0 0 0 0 2.116
10.585 -6.9723 0 0 0 0 2.117
10.59 -6.99307 0 0 0 0 2.118
10.595 -7.01385 0 0 0 0 2.119
10.6 -7.03463 0 0 0 0 2.12
10.605 -7.05543 0 0 0 0 2.121
10.61 -7.07624 0 0 0 0 2.122
10.615 -7.09705 0 0 0 0 2.123
10.62 -7.11788 0 0 0 0 2.124
10.625 -7.13872 0 0 0 0 2.125
10.63 -7.15956 0 0 0 0 2.126
10.635 -7.18042 0 0 0 0 2.127
10.64 -7.20129 0 0 0 0 2.128
10.645 -7.22216 0 0 0 0 2.129
10.65 -7.24305 0 0 0 0 2.13
10.655 -7.26394 0 0 0 0 2.131
10.66 -7.28485 0 0 0 0 2.132
10.665 -7.30576 0 0 0 0 2.133
10.67 -7.32669 0 0 0 0 2.134
10.675 -7.34762 0 0 0 0 2.135
10.68 -7.36857 0 0 0 0 2.136
10.685 -7.38952 0 0 0 0 2.137
10.69 -7.41048 0 0 0 0 2.138
10.695 -7.43146 0 0 0 0 2.139
10.7 -7.45244 0 0 0 0 2.14
10.705 -7.47343 0 0 0 0 2.141
10.71 -7.49444 0 0 0 0 2.142
10.715 -7.51545 0 0 0 0 2.143
10.72 -7.53647 0 0 0 0 2.144
10.725 -7.55751 0 0 0 0 2.145
10.73 -7.57855 0 0 0 0 2.146
10.735 -7.5996 0 0 0 0 2.147
10.74 -7.62066 0 0 0 0 2.148
10.745 -7.64174 0 0 0 0 2.149
10.75 -7.66282 0 0 0 0 2.15
10.755 -7.68391 0 0 0 0 2.151
10.76 -7.70501 0 0 0 0 2.152
10.765 -7.72612 0 0 0 0 2.153
10.77 -7.74724 0 0 0 0 2.154
10.775 -7.76837 0 0 0 0 2.155
10.78 -7.78951 0 0 0 0 2.156
10.785 -7.81066 0 0 0 0 2.157
10.79 -7.83182 0 0 0 0 2.158
10.795 -7.85299 0 0 0 0 2.159
10.8 -7.87417 0 0 0 0 2.16
10.805 -7.89536 0 0 0 0 2.161
10.81 -7.91656 0 0 0 0 2.162
10.815 -7.93777 0 0 0 0 2.163
10.82 -7.95899 0 0 0 0 2.164
10.825 -7.98022 0 0 0 0 2.165
10.83 -8.00146 0 0 0 0 2.166
10.835 -8.02271 0 0 0 0 2.167
10.84 -8.04396 0 0 0 0 2.168
10.845 -8.06523 0 0 0 0 2.169
10.85 -8.08651 0 0 0 0 2.17
10.855 -8.1078 0 0 0 0 2.171
10.86 -8.1291 0 0 0 0 2.172
10.865 -8.1504 0 0 0 0 2.173
10.87 -8.17172 0 0 0 0 2.174
10.875 -8.19305 0 0 0 0 2.175
10.88 -8.21438 0 0 0 0 2.176
10.885 -8.23573 0 0 0 0 2.177
10.89 -8.25709 0 0 0 0 2.178
10.895 -8.27845 0 0 0 0 2.179
10.9 -8.29983 0 0 0 0 2.18
10.905 -8.32121 0 0 0 0 2.181
10.91 -8.34261 0 0 0 0 2.182
10.915 -8.36402 0 0 0 0 2.183
10.92 -8.38543 0 0 0 0 2.184
10.925 -8.40686 0 0 0 0 2.185
10.93 -8.42829 0 0 0 0 2.186
10.935 -8.44974 0 0 0 0 2.187
10.94 -8.47119 0 0 0 0 2.188
10.945 -8.49265 0 0 0 0 2.189
10.95 -8.51413 0 0 0 0 2.19
10.955 -8.53561 0 0 0 0 2.191
10.96 -8.55711 0 0 0 0 2.192
10.965 -8.57861 0 0 0 0 2.193
10.97 -8.60012 0 0 0 0 2.194
10.975 -8.62165 0 0 0 0 2.195
10.98 -8.64318 0 0 0 0 2.196
10.985 -8.66472 0 0 0 0 2.197
10.99 -8.68627 0 0 0 0 2.198
10.995 -8.70784 0 0 0 0 2.199
11 -8.72941 0 0 0 0 2.2
11.005 -8.75099 0 0 0 0 2.201
11.01 -8.77258 0 0 0 0 2.202
11.015 -8.79418 0 0 0 0 2.203
11.02 -8.8158 0 0 0 0 2.204
11.025 -8.83742 0 0 0 0 2.205
11.03 -8.85905 0 0 0 0 2.206
11.035 -8.88069 0 0 0 0 2.207
11.04 -8.90234 0 0 0 0 2.208
11.045 -8.924 0 0 0 0 2.209
11.05 -8.94567 0 0 0 0 2.21
11.055 -8.96735 0 0 0 0 2.211
11.06 -8.98904 0 0 0 0 2.212
11.065 -9.01074 0 0 0 0 2.213
11.07 -9.03245 0 0 0 0 2.214
11.075 -9.05417 0 0 0 0 2.215
11.08 -9.0759 0 0 0 0 2.216
11.085 -9.09764 0 0 0 0 2.217
11.09 -9.11939 0 0 0 0 2.218
11.095 -9.14114 0 0 0 0 2.219
11.1 -9.16291 0 0 0 0 2.22
11.105 -9.18469 0 0 0 0 2.221
11.11 -9.20648 0 0 0 0 2.222
11.115 -9.22828 0 0 0 0 2.223
11.12 -9.25008 0 0 0 0 2.224
11.125 -9.2719 0 0 0 0 2.225
11.13 -9.29373 0 0 0 0 2.226
11.135 -9.31557 0 0 0 0 2.227
11.14 -9.33741 0 0 0 0 2.228
11.145 -9.35927 0 0 0 0 2.229
11.15 -9.38114 0 0 0 0 2.23
11.155 -9.40301 0 0 0 0 2.231
11.16 -9.4249 0 0 0 0 2.232
11.165 -9.44679 0 0 0 0 2.233
11.17 -9.4687 0 0 0 0 2.234
11.175 -9.49062 0 0 0 0 2.235
11.18 -9.51254 0 0 0 0 2.236
11.185 -9.53448 0 0 0 0 2.237
11.19 -9.55642 0 0 0 0 2.238
11.195 -9.57838 0 0 0 0 2.239
11.2 -9.60034 0 0 0 0 2.24
11.205 -9.62232 0 0 0 0 2.241
11.21 -9.6443 0 0 0 0 2.242
11.215 -9.66629 0 0 0 0 2.243
11.22 -9.6883 0 0 0 0 2.244
11.225 -9.71031 0 0 0 0 2.245
11.23 -9.73233 0 0 0 0 2.246
11.235 -9.75437 0 0 0 0 2.247
11.24 -9.77641 0 0 0 0 2.248
11.245 -9.79846 0 0 0 0 2.249
11.25 -9.82053 0 0 0 0 2.25
11.255 -9.8426 0 0 0 0 2.251
11.26 -9.86468 0 0 0 0 2.252
11.265 -9.88677 0 0 0 0 2.253
11.27 -9.90888 0 0 0 0 2.254
11.275 -9.93099 0 0 0 0 2.255
11.28 -9.95311 0 0 0 0 2.256
11.285 -9.97524 0 0 0 0 2.257
11.29 -9.99738 0 0 0 0 2.258
11.295 -9.995 0 -3.23544e-20 0 0 2.259
11.3 -9.99501 0 -3.23544e-20 0 0 2.26
11.305 -9.995 -7.94416e-41 -3.24177e-20 0 0 2.261
11.31 -9.995 -2.13544e-40 -3.24177e-20 0 0 2.262
11.315 -9.995 -3.05621e-40 -3.24177e-20 0 0 2.263
11.32 -9.995 -4.71487e-40 -3.24177e-20 0 0 2.264
11.325 -9.995 -6.46331e-40 -3.24177e-20 0 0 2.265
11.33 -9.995 -8.40941e-40 -3.24177e-20 0 0 2.266
11.335 -9.995 -1.09384e-39 -3.25471e-20 0 0 2.267
11.34 -9.995 -1.41149e-39 -3.25471e-20 0 0 2.268
11.345 -9.995 -1.65637e-39 -3.25471e-20 0 0 2.269
11.35 -9.995 -1.8944e-39 -3.25471e-20 0 0 2.27
11.355 -9.995 -2.13486e-39 -3.25471e-20 0 0 2.271
11.36 -9.995 -2.42479e-39 -3.25471e-20 0 0 2.272
11.365 -9.995 -2.7176e-39 -3.25471e-20 0 0 2.273
11.37 -9.995 -2.98595e-39 -3.25471e-20 0 0 2.274
11.375 -9.995 -3.22177e-39 -3.25471e-20 0 0 2.275
11.38 -9.995 -3.47327e-39 -3.26765e-20 0 0 2.276
11.385 -9.995 -3.78782e-39 -3.25471e-20 0 0 2.277
11.39 -9.995 -4.02953e-39 -3.25471e-20 0 0 2.278
11.395 -9.995 -4.30243e-39 -3.25471e-20 0 0 2.279
11.4 -9.995 -4.52446e-39 -3.25471e-20 0 0 2.28
11.405 -9.995 -4.72649e-39 -3.22883e-20 0 0 2.281
11.41 -9.995 -4.89249e-39 -3.24177e-20 0 0 2.282
11.415 -9.995 -5.01821e-39 -3.25471e-20 0 0 2.283
11.42 -9.995 -5.01168e-39 -3.25471e-20 0 0 2.284
11.425 -9.995 -5.0936e-39 -3.25471e-20 0 0 2.285
11.43 -9.995 -5.14606e-39 -3.25471e-20 0 0 2.286
11.435 -9.995 -5.33367e-39 -3.25471e-20 0 0 2.287
11.44 -9.995 -5.53892e-39 -3.28059e-20 0 0 2.288
11.445 -9.995 -5.69875e-39 -3.29353e-20 0 0 2.289
11.45 -9.995 -5.76253e-39 -3.29353e-20 0 0 2.29
11.455 -9.995 -5.877e-39 -3.30648e-20 0 0 2.291
11.46 -9.995 -5.93742e-39 -3.31942e-20 0 0 2.292
11.465 -9.995 -6.10611e-39 -3.31942e-20 0 0 2.293
11.47 -9.995 -6.38106e-39 -3.33236e-20 0 0 2.294
11.475 -9.995 -6.67958e-39 -3.31942e-20 0 0 2.295
11.48 -9.995 -6.98867e-39 -3.31942e-20 0 0 2.296
11.485 -9.995 -7.3831e-39 -3.31942e-20 0 0 2.297
11.49 -9.995 -7.85976e-39 -3.31942e-20 0 0 2.298
11.495 -9.995 -8.30039e-39 -3.31942e-20 0 0 2.299
11.5 -9.995 -8.78642e-39 -3.3453e-20 0 0 2.3
11.505 -9.995 -9.13691e-39 -3.33236e-20 0 0 2.301
11.51 -9.995 -9.44431e-39 -3.31942e-20 0 0 2.302
11.515 -9.995 -9.59335e-39 -3.33236e-20 0 0 2.303
11.52 -9.995 -9.78089e-39 -3.3453e-20 0 0 2.304
11.525 -9.995 -9.98941e-39 -3.33236e-20 0 0 2.305
11.53 -9.995 -1.0179e-38 -3.31942e-20 0 0 2.306
11.535 -9.995 -1.03745e-38 -3.33236e-20 0 0 2.307
11.54 -9.995 -1.06786e-38 -3.3453e-20 0 0 2.308
11.545 -9.995 -1.09422e-38 -3.33236e-20 0 0 2.309
11.55 -9.995 -1.12254e-38 -3.31942e-20 0 0 2.31
11.555 -9.995 -1.14819e-38 -3.31942e-20 0 0 2.311
11.56 -9.995 -1.17408e-38 -3.33236e-20 0 0 2.312
11.565 -9.995 -1.19546e-38 -3.3453e-20 0 0 2.313
11.57 -9.995 -1.21219e-38 -3.35824e-20 0 0 2.314
11.575 -9.995 -1.22617e-38 -3.37118e-20 0 0 2.315
11.58 -9.995 -1.22938e-38 -3.38413e-20 0 0 2.316
11.585 -9.995 -1.22907e-38 -3.39707e-20 0 0 2.317
11.59 -9.995 -1.2348e-38 -3.42295e-20 0 0 2.318
11.595 -9.995 -1.23942e-38 -3.43589e-20 0 0 2.319
11.6 -9.995 -1.25224e-38 -3.44883e-20 0 0 2.32
11.605 -9.995 -1.25912e-38 -3.46178e-20 0 0 2.321
11.61 -9.995 -1.27565e-38 -3.46178e-20 0 0 2.322
11.615 -9.995 -1.28148e-38 -3.46178e-20 0 0 2.323
11.62 -9.995 -1.29093e-38 -3.44883e-20 0 0 2.324
11.625 -9.995 -1.30545e-38 -3.44883e-20 0 0 2.325
11.63 -9.995 -1.3169e-38 -3.44883e-20 0 0 2.326
11.635 -9.995 -1.32608e-38 -3.44883e-20 0 0 2.327
11.64 -9.995 -1.3374e-38 -3.44883e-20 0 0 2.328
11.645 -9.995 -1.34546e-38 -3.47472e-20 0 0 2.329
11.65 -9.995 -1.35618e-38 -3.48766e-20 0 0 2.33
11.655 -9.995 -1.36923e-38 -3.5006e-20 0 0 2.331
11.66 -9.995 -1.37872e-38 -3.51354e-20 0 0 2.332
11.665 -9.995 -1.38774e-38 -3.52648e-20 0 0 2.333
11.67 -9.995 -1.4074e-38 -3.53943e-20 0 0 2.334
11.675 -9.995 -1.42452e-38 -3.53943e-20 0 0 2.335
11.68 -9.995 -1.44099e-38 -3.55237e-20 0 0 2.336
11.685 -9.995 -1.46673e-38 -3.55237e-20 0 0 2.337
11.69 -9.995 -1.48912e-38 -3.55237e-20 0 0 2.338
11.695 -9.995 -1.51006e-38 -3.55237e-20 0 0 2.339
11.7 -9.995 -1.52787e-38 -3.55237e-20 0 0 2.34
11.705 -9.995 -1.55969e-38 -3.55237e-20 0 0 2.341
11.71 -9.995 -1.59756e-38 -3.55237e-20 0 0 2.342
11.715 -9.995 -1.63647e-38 -3.55237e-20 0 0 2.343
11.72 -9.995 -1.66801e-38 -3.56531e-20 0 0 2.344
11.725 -9.995 -1.68844e-38 -3.57825e-20 0 0 2.345
11.73 -9.995 -1.70657e-38 -3.57825e-20 0 0 2.346
11.735 -9.995 -1.71996e-38 -3.57825e-20 0 0 2.347
11.74 -9.995 -1.72997e-38 -3.57825e-20 0 0 2.348
11.745 -9.995 -1.72945e-38 -3.57825e-20 0 0 2.349
11.75 -9.995 -1.72479e-38 -3.59119e-20 0 0 2.35
11.755 -9.995 -1.72294e-38 -3.59119e-20 0 0 2.351
11.76 -9.995 -1.72345e-38 -3.59119e-20 0 0 2.352
11.765 -9.995 -1.71432e-38 -3.60413e-20 0 0 2.353
11.77 -9.995 -1.70095e-38 -3.61708e-20 0 0 2.354
11.775 -9.995 -1.68674e-38 -3.63002e-20 0 0 2.355
11.78 -9.995 -1.65734e-38 -3.6559e-20 0 0 2.356
11.785 -9.995 -1.63364e-38 -3.64296e-20 0 0 2.357
11.79 -9.995 -1.60248e-38 -3.64296e-20 0 0 2.358
11.795 -9.995 -1.58309e-38 -3.63002e-20 0 0 2.359
11.8 -9.995 -1.56673e-38 -3.63002e-20 0 0 2.36
11.805 -9.995 -1.53355e-38 -3.6559e-20 0 0 2.361
11.81 -9.995 -1.48415e-38 -3.6559e-20 0 0 2.362
11.815 -9.995 -1.43417e-38 -3.66884e-20 0 0 2.363
11.82 -9.995 -1.38877e-38 -3.68179e-20 0 0 2.364
11.825 -9.995 -1.33347e-38 -3.69473e-20 0 0 2.365
11.83 -9.995 -1.28185e-38 -3.70767e-20 0 0 2.366
11.835 -9.995 -1.22934e-38 -3.72061e-20 0 0 2.367
11.84 -9.995 -1.16567e-38 -3.73355e-20 0 0 2.368
11.845 -9.995 -1.08868e-38 -3.73355e-20 0 0 2.369
11.85 -9.995 -1.00779e-38 -3.73355e-20 0 0 2.37
11.855 -9.995 -9.29698e-39 -3.73355e-20 0 0 2.371
11.86 -9.995 -8.62308e-39 -3.73355e-20 0 0 2.372
11.865 -9.995 -7.97201e-39 -3.73355e-20 0 0 2.373
11.87 -9.995 -7.24658e-39 -3.73355e-20 0 0 2.374
11.875 -9.995 -6.43305e-39 -3.73355e-20 0 0 2.375
11.88 -9.995 -5.51709e-39 -3.74649e-20 0 0 2.376
11.885 -9.995 -4.57408e-39 -3.75944e-20 0 0 2.377
11.89 -9.995 -3.54283e-39 -3.77238e-20 0 0 2.378
11.895 -9.995 -2.58842e-39 -3.79826e-20 0 0 2.379
11.9 -9.995 -1.54657e-39 -3.8112e-20 0 0 2.38
11.905 -9.995 -6.052e-40 -3.82414e-20 0 0 2.381
11.91 -9.995 2.68225e-40 -3.82414e-20 0 0 2.382
11.915 -9.995 1.09476e-39 -3.85003e-20 0 0 2.383
11.92 -9.995 1.924e-39 -3.83709e-20 0 0 2.384
11.925 -9.995 2.80344e-39 -3.83709e-20 0 0 2.385
11.93 -9.995 3.62594e-39 -3.83709e-20 0 0 2.386
11.935 -9.995 4.41033e-39 -3.83709e-20 0 0 2.387
11.94 -9.995 5.25601e-39 -3.85003e-20 0 0 2.388
11.945 -9.995 6.10248e-39 -3.83709e-20 0 0 2.389
11.95 -9.995 7.00982e-39 -3.85003e-20 0 0 2.39
11.955 -9.995 7.85989e-39 -3.86297e-20 0 0 2.391
11.96 -9.995 8.76667e-39 -3.86297e-20 0 0 2.392
11.965 -9.995 9.70673e-39 -3.86297e-20 0 0 2.393
11.97 -9.995 1.06915e-38 -3.86297e-20 0 0 2.394
11.975 -9.995 1.15949e-38 -3.85003e-20 0 0 2.395
11.98 -9.995 1.25391e-38 -3.85003e-20 0 0 2.396
11.985 -9.995 1.35311e-38 -3.85003e-20 0 0 2.397
11.99 -9.995 1.46197e-38 -3.85003e-20 0 0 2.398
11.995 -9.995 1.55889e-38 -3.85003e-20 0 0 2.399
12 -9.995 1.64256e-38 -3.82414e-20 0 0 2.4
12.005 -9.995 1.74034e-38 -3.8112e-20 0 0 2.401
12.01 -9.995 1.8316e-38 -3.82414e-20 0 0 2.402
12.015 -9.995 1.92843e-38 -3.83709e-20 0 0 2.403
12.02 -9.995 2.0235e-38 -3.85003e-20 0 0 2.404
12.025 -9.995 2.11645e-38 -3.85003e-20 0 0 2.405
12.03 -9.995 2.21569e-38 -3.85003e-20 0 0 2.406
12.035 -9.995 2.32606e-38 -3.83709e-20 0 0 2.407
12.04 -9.995 2.43391e-38 -3.85003e-20 0 0 2.408
12.045 -9.995 2.53509e-38 -3.86297e-20 0 0 2.409
12.05 -9.995 2.63694e-38 -3.88885e-20 0 0 2.41
12.055 -9.995 2.743e-38 -3.87591e-20 0 0 2.411
12.06 -9.995 2.85e-38 -3.86297e-20 0 0 2.412
12.065 -9.995 2.96166e-38 -3.86297e-20 0 0 2.413
12.07 -9.995 3.08606e-38 -3.87591e-20 0 0 2.414
12.075 -9.995 3.19808e-38 -3.87591e-20 0 0 2.415
12.08 -9.995 3.32417e-38 -3.87591e-20 0 0 2.416
12.085 -9.995 3.43892e-38 -3.87591e-20 0 0 2.417
12.09 -9.995 3.54373e-38 -3.88885e-20 0 0 2.418
12.095 -9.995 3.66033e-38 -3.87591e-20 0 0 2.419
12.1 -9.995 3.77484e-38 -3.88885e-20 0 0 2.42
12.105 -9.995 3.8946e-38 -3.90179e-20 0 0 2.421
12.11 -9.995 4.00593e-38 -3.91474e-20 0 0 2.422
12.115 -9.995 4.11133e-38 -3.92768e-20 0 0 2.423
12.12 -9.995 4.20357e-38 -3.91474e-20 0 0 2.424
12.125 -9.995 4.29096e-38 -3.92768e-20 0 0 2.425
12.13 -9.995 4.37104e-38 -3.91474e-20 0 0 2.426
12.135 -9.995 4.45826e-38 -3.91474e-20 0 0 2.427
12.14 -9.995 4.55072e-38 -3.91474e-20 0 0 2.428
12.145 -9.995 4.63579e-38 -3.92768e-20 0 0 2.429
12.15 -9.995 4.71489e-38 -3.94062e-20 0 0 2.43
12.155 -9.995 4.79155e-38 -3.95356e-20 0 0 2.431
12.16 -9.995 4.86566e-38 -3.97944e-20 0 0 2.432
12.165 -9.995 4.94546e-38 -3.9665e-20 0 0 2.433
12.17 -9.995 5.02436e-38 -3.9665e-20 0 0 2.434
12.175 -9.995 5.10107e-38 -3.9665e-20 0 0 2.435
12.18 -9.995 5.16935e-38 -3.99239e-20 0 0 2.436
12.185 -9.995 5.23075e-38 -3.97944e-20 0 0 2.437
12.19 -9.995 5.295e-38 -3.97944e-20 0 0 2.438
12.195 -9.995 5.35929e-38 -3.97944e-20 0 0 2.439
12.2 -9.995 5.42623e-38 -3.97944e-20 0 0 2.44
12.205 -9.995 5.49402e-38 -3.97944e-20 0 0 2.441
12.21 -9.995 5.56895e-38 -3.97944e-20 0 0 2.442
12.215 -9.995 5.64411e-38 -3.97944e-20 0 0 2.443
12.22 -9.995 5.72007e-38 -3.99239e-20 0 0 2.444
12.225 -9.995 5.78972e-38 -3.99239e-20 0 0 2.445
12.23 -9.995 5.84299e-38 -3.99239e-20 0 0 2.446
12.235 -9.995 5.90361e-38 -3.99239e-20 0 0 2.447
12.24 -9.995 5.9608e-38 -4.01827e-20 0 0 2.448
12.245 -9.995 6.02076e-38 -4.01827e-20 0 0 2.449
12.25 -9.995 6.06792e-38 -4.01827e-20 0 0 2.45
12.255 -9.995 6.11411e-38 -4.00533e-20 0 0 2.451
12.26 -9.995 6.14882e-38 -4.00533e-20 0 0 2.452
12.265 -9.995 6.18103e-38 -4.01827e-20 0 0 2.453
12.27 -9.995 6.21963e-38 -4.00533e-20 0 0 2.454
12.275 -9.995 6.25661e-38 -4.00533e-20 0 0 2.455
12.28 -9.995 6.29796e-38 -4.00533e-20 0 0 2.456
12.285 -9.995 6.3319e-38 -4.00533e-20 0 0 2.457
12.29 -9.995 6.36791e-38 -4.00533e-20 0 0 2.458
12.295 -9.995 6.40682e-38 -4.00533e-20 0 0 2.459
12.3 -9.995 6.44088e-38 -4.00533e-20 0 0 2.46
12.305 -9.995 6.48526e-38 -4.00533e-20 0 0 2.461
12.31 -9.995 6.53338e-38 -4.00533e-20 0 0 2.462
12.315 -9.995 6.5881e-38 -4.00533e-20 0 0 2.463
12.32 -9.995 6.64447e-38 -4.00533e-20 0 0 2.464
12.325 -9.995 6.69752e-38 -4.00533e-20 0 0 2.465
12.33 -9.995 6.7517e-38 -4.00533e-20 0 0 2.466
12.335 -9.995 6.80816e-38 -4.00533e-20 0 0 2.467
12.34 -9.995 6.86962e-38 -4.01827e-20 0 0 2.468
12.345 -9.995 6.93076e-38 -4.00533e-20 0 0 2.469
12.35 -9.995 7.00763e-38 -3.99239e-20 0 0 2.47
12.355 -9.995 7.08411e-38 -3.99239e-20 0 0 2.471
12.36 -9.995 7.14928e-38 -4.00533e-20 0 0 2.472
12.365 -9.995 7.21705e-38 -4.01827e-20 0 0 2.473
12.37 -9.995 7.276e-38 -4.01827e-20 0 0 2.474
12.375 -9.995 7.32262e-38 -4.01827e-20 0 0 2.475
12.38 -9.995 7.37069e-38 -4.01827e-20 0 0 2.476
12.385 -9.995 7.42425e-38 -4.01827e-20 0 0 2.477
12.39 -9.995 7.48369e-38 -4.01827e-20 0 0 2.478
12.395 -9.995 7.5345e-38 -4.03121e-20 0 0 2.479
12.4 -9.995 7.58514e-38 -4.01827e-20 0 0 2.48
12.405 -9.995 7.62605e-38 -4.01827e-20 0 0 2.481
12.41 -9.995 7.66593e-38 -4.01827e-20 0 0 2.482
12.415 -9.995 7.70565e-38 -4.01827e-20 0 0 2.483
12.42 -9.995 7.74151e-38 -4.03121e-20 0 0 2.484
12.425 -9.995 7.78424e-38 -4.04415e-20 0 0 2.485
12.43 -9.995 7.82685e-38 -4.05709e-20 0 0 2.486
12.435 -9.995 7.87211e-38 -4.07004e-20 0 0 2.487
12.44 -9.995 7.92067e-38 -4.08298e-20 0 0 2.488
12.445 -9.995 7.97205e-38 -4.09592e-20 0 0 2.489
12.45 -9.995 8.022e-38 -4.10886e-20 0 0 2.49
12.455 -9.995 8.06309e-38 -4.13474e-20 0 0 2.491
12.46 -9.995 8.10167e-38 -4.14769e-20 0 0 2.492
12.465 -9.995 8.13663e-38 -4.16063e-20 0 0 2.493
12.47 -9.995 8.18244e-38 -4.17357e-20 0 0 2.494
12.475 -9.995 8.2274e-38 -4.18651e-20 0 0 2.495
12.48 -9.995 8.2813e-38 -4.17357e-20 0 0 2.496
12.485 -9.995 8.34538e-38 -4.16063e-20 0 0 2.497
12.49 -9.995 8.41369e-38 -4.14769e-20 0 0 2.498
12.495 -9.995 8.4711e-38 -4.13474e-20 0 0 2.499
12.5 -9.995 8.5324e-38 -4.13474e-20 0 0 2.5
12.505 -9.995 8.59694e-38 -4.13474e-20 0 0 2.501
12.51 -9.995 8.67709e-38 -4.13474e-20 0 0 2.502
12.515 -9.995 8.75098e-38 -4.13474e-20 0 0 2.503
12.52 -9.995 8.83194e-38 -4.13474e-20 0 0 2.504
12.525 -9.995 8.91314e-38 -4.13474e-20 0 0 2.505
12.53 -9.995 9.00802e-38 -4.13474e-20 0 0 2.506
12.535 -9.995 9.10131e-38 -4.16063e-20 0 0 2.507
12.54 -9.995 9.2035e-38 -4.14769e-20 0 0 2.508
12.545 -9.995 9.30661e-38 -4.14769e-20 0 0 2.509
12.55 -9.995 9.41127e-38 -4.16063e-20 0 0 2.51
12.555 -9.995 9.51184e-38 -4.17357e-20 0 0 2.511
12.56 -9.995 9.61041e-38 -4.18651e-20 0 0 2.512
12.565 -9.995 9.70529e-38 -4.19945e-20 0 0 2.513
12.57 -9.995 9.80267e-38 -4.2124e-20 0 0 2.514
12.575 -9.995 9.89532e-38 -4.22534e-20 0 0 2.515
12.58 -9.995 9.99278e-38 -4.23828e-20 0 0 2.516
12.585 -9.995 1.00791e-37 -4.23828e-20 0 0 2.517
12.59 -9.995 1.01627e-37 -4.23828e-20 0 0 2.518
12.595 -9.995 1.02441e-37 -4.23828e-20 0 0 2.519
12.6 -9.995 1.03288e-37 -4.25122e-20 0 0 2.52
12.605 -9.995 1.04235e-37 -4.26416e-20 0 0 2.521
12.61 -9.995 1.05117e-37 -4.26416e-20 0 0 2.522
12.615 -9.995 1.05954e-37 -4.26416e-20 0 0 2.523
12.62 -9.995 1.06732e-37 -4.26416e-20 0 0 2.524
12.625 -9.995 1.07384e-37 -4.2771e-20 0 0 2.525
12.63 -9.995 1.0802e-37 -4.29005e-20 0 0 2.526
12.635 -9.995 1.08697e-37 -4.29005e-20 0 0 2.527
12.64 -9.995 1.09253e-37 -4.29005e-20 0 0 2.528
12.645 -9.995 1.09793e-37 -4.30299e-20 0 0 2.529
12.65 -9.995 1.10505e-37 -4.31593e-20 0 0 2.53
12.655 -9.995 1.11291e-37 -4.32887e-20 0 0 2.531
12.66 -9.995 1.12075e-37 -4.32887e-20 0 0 2.532
12.665 -9.995 1.12963e-37 -4.32887e-20 0 0 2.533
12.67 -9.995 1.13857e-37 -4.32887e-20 0 0 2.534
12.675 -9.995 1.14942e-37 -4.32887e-20 0 0 2.535
12.68 -9.995 1.16155e-37 -4.32887e-20 0 0 2.536
12.685 -9.995 1.1725e-37 -4.32887e-20 0 0 2.537
12.69 -9.995 1.18277e-37 -4.34181e-20 0 0 2.538
12.695 -9.995 1.19159e-37 -4.34181e-20 0 0 2.539
12.7 -9.995 1.20121e-37 -4.34181e-20 0 0 2.54
12.705 -9.995 1.21114e-37 -4.34181e-20 0 0 2.541
12.71 -9.995 1.21938e-37 -4.32887e-20 0 0 2.542
12.715 -9.995 1.22604e-37 -4.31593e-20 0 0 2.543
12.72 -9.995 1.23271e-37 -4.31593e-20 0 0 2.544
12.725 -9.995 1.23875e-37 -4.32887e-20 0 0 2.545
12.73 -9.995 1.24479e-37 -4.32887e-20 0 0 2.546
12.735 -9.995 1.25185e-37 -4.32887e-20 0 0 2.547
12.74 -9.995 1.26086e-37 -4.32887e-20 0 0 2.548
12.745 -9.995 1.27063e-37 -4.32887e-20 0 0 2.549
12.75 -9.995 1.28169e-37 -4.32887e-20 0 0 2.55
12.755 -9.995 1.29363e-37 -4.31593e-20 0 0 2.551
12.76 -9.995 1.3056e-37 -4.31593e-20 0 0 2.552
12.765 -9.995 1.31832e-37 -4.32887e-20 0 0 2.553
12.77 -9.995 1.33287e-37 -4.34181e-20 0 0 2.554
12.775 -9.995 1.34756e-37 -4.35475e-20 0 0 2.555
12.78 -9.995 1.36452e-37 -4.3677e-20 0 0 2.556
12.785 -9.995 1.38062e-37 -4.3677e-20 0 0 2.557
12.79 -9.995 1.39695e-37 -4.3677e-20 0 0 2.558
12.795 -9.995 1.41485e-37 -4.39358e-20 0 0 2.559
12.8 -9.995 1.43291e-37 -4.39358e-20 0 0 2.56
12.805 -9.995 1.45073e-37 -4.39358e-20 0 0 2.561
12.81 -9.995 1.46979e-37 -4.39358e-20 0 0 2.562
12.815 -9.995 1.48812e-37 -4.40652e-20 0 0 2.563
12.82 -9.995 1.50877e-37 -4.40652e-20 0 0 2.564
12.825 -9.995 1.53083e-37 -4.40652e-20 0 0 2.565
12.83 -9.995 1.55388e-37 -4.41946e-20 0 0 2.566
12.835 -9.995 1.57766e-37 -4.4324e-20 0 0 2.567
12.84 -9.995 1.60223e-37 -4.44535e-20 0 0 2.568
12.845 -9.995 1.62562e-37 -4.44535e-20 0 0 2.569
12.85 -9.995 1.6464e-37 -4.44535e-20 0 0 2.57
12.855 -9.995 1.66774e-37 -4.45829e-20 0 0 2.571
12.86 -9.995 1.68919e-37 -4.45829e-20 0 0 2.572
12.865 -9.995 1.71014e-37 -4.45829e-20 0 0 2.573
12.87 -9.995 1.73172e-37 -4.45829e-20 0 0 2.574
12.875 -9.995 1.75095e-37 -4.45829e-20 0 0 2.575
12.88 -9.995 1.7708e-37 -4.45829e-20 0 0 2.576
12.885 -9.995 1.7911e-37 -4.47123e-20 0 0 2.577
12.89 -9.995 1.81134e-37 -4.48417e-20 0 0 2.578
12.895 -9.995 1.83127e-37 -4.49711e-20 0 0 2.579
12.9 -9.995 1.85186e-37 -4.51005e-20 0 0 2.58
12.905 -9.995 1.87296e-37 -4.523e-20 0 0 2.581
12.91 -9.995 1.89429e-37 -4.523e-20 0 0 2.582
12.915 -9.995 1.9164e-37 -4.523e-20 0 0 2.583
12.92 -9.995 1.9392e-37 -4.523e-20 0 0 2.584
12.925 -9.995 1.96235e-37 -4.523e-20 0 0 2.585
12.93 -9.995 1.98483e-37 -4.53594e-20 0 0 2.586
12.935 -9.995 2.0058e-37 -4.54888e-20 0 0 2.587
12.94 -9.995 2.02726e-37 -4.57476e-20 0 0 2.588
12.945 -9.995 2.04863e-37 -4.56182e-20 0 0 2.589
12.95 -9.995 2.06721e-37 -4.56182e-20 0 0 2.59
12.955 -9.995 2.08743e-37 -4.56182e-20 0 0 2.591
12.96 -9.995 2.10873e-37 -4.5877e-20 0 0 2.592
12.965 -9.995 2.12978e-37 -4.60065e-20 0 0 2.593
12.97 -9.995 2.1517e-37 -4.61359e-20 0 0 2.594
12.975 -9.995 2.17496e-37 -4.61359e-20 0 0 2.595
12.98 -9.995 2.19893e-37 -4.61359e-20 0 0 2.596
12.985 -9.995 2.22283e-37 -4.61359e-20 0 0 2.597
12.99 -9.995 2.24748e-37 -4.63947e-20 0 0 2.598
12.995 -9.995 2.26992e-37 -4.65241e-20 0 0 2.599
13 -9.995 2.29197e-37 -4.66536e-20 0 0 2.6
13.005 -9.995 2.31626e-37 -4.6783e-20 0 0 2.601
13.01 -9.995 2.3415e-37 -4.6783e-20 0 0 2.602
13.015 -9.995 2.36607e-37 -4.6783e-20 0 0 2.603
13.02 -9.995 2.38894e-37 -4.69124e-20 0 0 2.604
13.025 -9.995 2.41209e-37 -4.70418e-20 0 0 2.605
13.03 -9.995 2.43581e-37 -4.71712e-20 0 0 2.606
13.035 -9.995 2.46023e-37 -4.73006e-20 0 0 2.607
13.04 -9.995 2.48233e-37 -4.74301e-20 0 0 2.608
13.045 -9.995 2.50563e-37 -4.74301e-20 0 0 2.609
13.05 -9.995 2.52805e-37 -4.74301e-20 0 0 2.61
13.055 -9.995 2.549e-37 -4.75595e-20 0 0 2.611
13.06 -9.995 2.56943e-37 -4.75595e-20 0 0 2.612
13.065 -9.995 2.59132e-37 -4.75595e-20 0 0 2.613
13.07 -9.995 2.61329e-37 -4.78183e-20 0 0 2.614
13.075 -9.995 2.63472e-37 -4.79477e-20 0 0 2.615
13.08 -9.995 2.65496e-37 -4.79477e-20 0 0 2.616
13.085 -9.995 2.67808e-37 -4.82066e-20 0 0 2.617
13.09 -9.995 2.70041e-37 -4.8336e-20 0 0 2.618
13.095 -9.995 2.7233e-37 -4.87242e-20 0 0 2.619
13.1 -9.995 2.74552e-37 -4.89831e-20 0 0 2.62
13.105 -9.995 2.7681e-37 -4.91125e-20 0 0 2.621
13.11 -9.995 2.79151e-37 -4.92419e-20 0 0 2.622
13.115 -9.995 2.81322e-37 -4.92419e-20 0 0 2.623
13.12 -9.995 2.83722e-37 -4.92419e-20 0 0 2.624
13.125 -9.995 2.86379e-37 -4.92419e-20 0 0 2.625
13.13 -9.995 2.88981e-37 -4.92419e-20 0 0 2.626
13.135 -9.995 2.91539e-37 -4.92419e-20 0 0 2.627
13.14 -9.995 2.94247e-37 -4.95007e-20 0 0 2.628
13.145 -9.995 2.96855e-37 -4.95007e-20 0 0 2.629
13.15 -9.995 2.9928e-37 -4.95007e-20 0 0 2.63
13.155 -9.995 3.01745e-37 -4.95007e-20 0 0 2.631
13.16 -9.995 3.0428e-37 -4.95007e-20 0 0 2.632
13.165 -9.995 3.0687e-37 -4.95007e-20 0 0 2.633
13.17 -9.995 3.09617e-37 -4.95007e-20 0 0 2.634
13.175 -9.995 3.12344e-37 -4.95007e-20 0 0 2.635
13.18 -9.995 3.14866e-37 -4.95007e-20 0 0 2.636
13.185 -9.995 3.17406e-37 -4.95007e-20 0 0 2.637
13.19 -9.995 3.19993e-37 -4.97596e-20 0 0 2.638
13.195 -9.995 3.2255e-37 -4.9889e-20 0 0 2.639
13.2 -9.995 3.25257e-37 -4.9889e-20 0 0 2.64
13.205 -9.995 3.27931e-37 -4.9889e-20 0 0 2.641
13.21 -9.995 3.30556e-37 -4.9889e-20 0 0 2.642
13.215 -9.995 3.3306e-37 -4.96301e-20 0 0 2.643
13.22 -9.995 3.35312e-37 -4.97596e-20 0 0 2.644
13.225 -9.995 3.37555e-37 -4.9889e-20 0 0 2.645
13.23 -9.995 3.39787e-37 -4.9889e-20 0 0 2.646
13.235 -9.995 3.42079e-37 -4.97596e-20 0 0 2.647
13.24 -9.995 3.44308e-37 -5.00184e-20 0 0 2.648
13.245 -9.995 3.46533e-37 -5.00184e-20 0 0 2.649
13.25 -9.995 3.48688e-37 -5.02772e-20 0 0 2.65
13.255 -9.995 3.50615e-37 -5.04066e-20 0 0 2.651
13.26 -9.995 3.5248e-37 -5.04066e-20 0 0 2.652
13.265 -9.995 3.5445e-37 -5.05361e-20 0 0 2.653
13.27 -9.995 3.56295e-37 -5.05361e-20 0 0 2.654
13.275 -9.995 3.5821e-37 -5.05361e-20 0 0 2.655
13.28 -9.995 3.6016e-37 -5.05361e-20 0 0 2.656
13.285 -9.995 3.62086e-37 -5.05361e-20 0 0 2.657
13.29 -9.995 3.63939e-37 -5.06655e-20 0 0 2.658
13.295 -9.995 3.65675e-37 -5.07949e-20 0 0 2.659
13.3 -9.995 3.67273e-37 -5.09243e-20 0 0 2.66
13.305 -9.995 3.68738e-37 -5.10537e-20 0 0 2.661
13.31 -9.995 3.7035e-37 -5.09243e-20 0 0 2.662
13.315 -9.995 3.72007e-37 -5.09243e-20 0 0 2.663
13.32 -9.995 3.73849e-37 -5.09243e-20 0 0 2.664
13.325 -9.995 3.75932e-37 -5.10537e-20 0 0 2.665
13.33 -9.995 3.77929e-37 -5.10537e-20 0 0 2.666
13.335 -9.995 3.8012e-37 -5.10537e-20 0 0 2.667
13.34 -9.995 3.82342e-37 -5.09243e-20 0 0 2.668
13.345 -9.995 3.84807e-37 -5.07949e-20 0 0 2.669
13.35 -9.995 3.87081e-37 -5.07949e-20 0 0 2.67
13.355 -9.995 3.89225e-37 -5.07949e-20 0 0 2.671
13.36 -9.995 3.91243e-37 -5.07949e-20 0 0 2.672
13.365 -9.995 3.93437e-37 -5.09243e-20 0 0 2.673
13.37 -9.995 3.9555e-37 -5.09243e-20 0 0 2.674
13.375 -9.995 3.97504e-37 -5.09243e-20 0 0 2.675
13.38 -9.995 3.99469e-37 -5.07949e-20 0 0 2.676
13.385 -9.995 4.01373e-37 -5.07949e-20 0 0 2.677
13.39 -9.995 4.03142e-37 -5.07949e-20 0 0 2.678
13.395 -9.995 4.04788e-37 -5.07949e-20 0 0 2.679
13.4 -9.995 4.06522e-37 -5.07949e-20 0 0 2.68
13.405 -9.995 4.08181e-37 -5.07949e-20 0 0 2.681
13.41 -9.995 4.09917e-37 -5.07949e-20 0 0 2.682
13.415 -9.995 4.11446e-37 -5.07949e-20 0 0 2.683
13.42 -9.995 4.13048e-37 -5.07949e-20 0 0 2.684
13.425 -9.995 4.14613e-37 -5.07949e-20 0 0 2.685
13.43 -9.995 4.16115e-37 -5.07949e-20 0 0 2.686
13.435 -9.995 4.17653e-37 -5.09243e-20 0 0 2.687
13.44 -9.995 4.19314e-37 -5.10537e-20 0 0 2.688
13.445 -9.995 4.20921e-37 -5.11831e-20 0 0 2.689
13.45 -9.995 4.22495e-37 -5.13126e-20 0 0 2.69
13.455 -9.995 4.24061e-37 -5.13126e-20 0 0 2.691
13.46 -9.995 4.25547e-37 -5.15714e-20 0 0 2.692
13.465 -9.995 4.27103e-37 -5.1442e-20 0 0 2.693
13.47 -9.995 4.28612e-37 -5.15714e-20 0 0 2.694
13.475 -9.995 4.29965e-37 -5.17008e-20 0 0 2.695
13.48 -9.995 4.31348e-37 -5.17008e-20 0 0 2.696
13.485 -9.995 4.32645e-37 -5.1442e-20 0 0 2.697
13.49 -9.995 4.33987e-37 -5.15714e-20 0 0 2.698
13.495 -9.995 4.35418e-37 -5.17008e-20 0 0 2.699
13.5 -9.995 4.36982e-37 -5.17008e-20 0 0 2.7
13.505 -9.995 4.38574e-37 -5.17008e-20 0 0 2.701
13.51 -9.995 4.40314e-37 -5.17008e-20 0 0 2.702
13.515 -9.995 4.42165e-37 -5.17008e-20 0 0 2.703
13.52 -9.995 4.44065e-37 -5.17008e-20 0 0 2.704
13.525 -9.995 4.46074e-37 -5.17008e-20 0 0 2.705
13.53 -9.995 4.48065e-37 -5.18302e-20 0 0 2.706
13.535 -9.995 4.49896e-37 -5.18302e-20 0 0 2.707
13.54 -9.995 4.51639e-37 -5.18302e-20 0 0 2.708
13.545 -9.995 4.53307e-37 -5.18302e-20 0 0 2.709
13.55 -9.995 4.5497e-37 -5.18302e-20 0 0 2.71
13.555 -9.995 4.56466e-37 -5.19597e-20 0 0 2.711
13.56 -9.995 4.57973e-37 -5.20891e-20 0 0 2.712
13.565 -9.995 4.59264e-37 -5.22185e-20 0 0 2.713
13.57 -9.995 4.60604e-37 -5.23479e-20 0 0 2.714
13.575 -9.995 4.61988e-37 -5.24773e-20 0 0 2.715
13.58 -9.995 4.63377e-37 -5.24773e-20 0 0 2.716
13.585 -9.995 4.6463e-37 -5.24773e-20 0 0 2.717
13.59 -9.995 4.6601e-37 -5.26067e-20 0 0 2.718
13.595 -9.995 4.6747e-37 -5.26067e-20 0 0 2.719
13.6 -9.995 4.68838e-37 -5.24773e-20 0 0 2.72
13.605 -9.995 4.70154e-37 -5.26067e-20 0 0 2.721
13.61 -9.995 4.71468e-37 -5.27362e-20 0 0 2.722
13.615 -9.995 4.7279e-37 -5.2995e-20 0 0 2.723
13.62 -9.995 4.74126e-37 -5.28656e-20 0 0 2.724
13.625 -9.995 4.75506e-37 -5.28656e-20 0 0 2.725
13.63 -9.995 4.76806e-37 -5.28656e-20 0 0 2.726
13.635 -9.995 4.78321e-37 -5.2995e-20 0 0 2.727
13.64 -9.995 4.79881e-37 -5.31244e-20 0 0 2.728
13.645 -9.995 4.81461e-37 -5.33832e-20 0 0 2.729
13.65 -9.995 4.83112e-37 -5.35127e-20 0 0 2.73
13.655 -9.995 4.84783e-37 -5.36421e-20 0 0 2.731
13.66 -9.995 4.86465e-37 -5.37715e-20 0 0 2.732
13.665 -9.995 4.88174e-37 -5.39009e-20 0 0 2.733
13.67 -9.995 4.89867e-37 -5.40303e-20 0 0 2.734
13.675 -9.995 4.91442e-37 -5.40303e-20 0 0 2.735
13.68 -9.995 4.9285e-37 -5.40303e-20 0 0 2.736
13.685 -9.995 4.94064e-37 -5.40303e-20 0 0 2.737
13.69 -9.995 4.95059e-37 -5.40303e-20 0 0 2.738
13.695 -9.995 4.9611e-37 -5.41597e-20 0 0 2.739
13.7 -9.995 4.97408e-37 -5.42892e-20 0 0 2.74
13.705 -9.995 4.98561e-37 -5.42892e-20 0 0 2.741
13.71 -9.995 4.99802e-37 -5.42892e-20 0 0 2.742
13.715 -9.995 5.00997e-37 -5.42892e-20 0 0 2.743
13.72 -9.995 5.02201e-37 -5.42892e-20 0 0 2.744
13.725 -9.995 5.03183e-37 -5.42892e-20 0 0 2.745
13.73 -9.995 5.04092e-37 -5.42892e-20 0 0 2.746
13.735 -9.995 5.05072e-37 -5.42892e-20 0 0 2.747
13.74 -9.995 5.05988e-37 -5.42892e-20 0 0 2.748
13.745 -9.995 5.06891e-37 -5.4548e-20 0 0 2.749
13.75 -9.995 5.07876e-37 -5.4548e-20 0 0 2.75
13.755 -9.995 5.08855e-37 -5.4548e-20 0 0 2.751
13.76 -9.995 5.09762e-37 -5.4548e-20 0 0 2.752
13.765 -9.995 5.10719e-37 -5.4548e-20 0 0 2.753
13.77 -9.995 5.11545e-37 -5.46774e-20 0 0 2.754
13.775 -9.995 5.1236e-37 -5.46774e-20 0 0 2.755
13.78 -9.995 5.13013e-37 -5.46774e-20 0 0 2.756
13.785 -9.995 5.13554e-37 -5.46774e-20 0 0 2.757
13.79 -9.995 5.14214e-37 -5.48068e-20 0 0 2.758
13.795 -9.995 5.14994e-37 -5.49362e-20 0 0 2.759
13.8 -9.995 5.15795e-37 -5.49362e-20 0 0 2.76
13.805 -9.995 5.1659e-37 -5.49362e-20 0 0 2.761
13.81 -9.995 5.17312e-37 -5.49362e-20 0 0 2.762
13.815 -9.995 5.18024e-37 -5.49362e-20 0 0 2.763
13.82 -9.995 5.18796e-37 -5.50657e-20 0 0 2.764
13.825 -9.995 5.19535e-37 -5.49362e-20 0 0 2.765
13.83 -9.995 5.20225e-37 -5.48068e-20 0 0 2.766
13.835 -9.995 5.21023e-37 -5.46774e-20 0 0 2.767
13.84 -9.995 5.21573e-37 -5.46774e-20 0 0 2.768
13.845 -9.995 5.22101e-37 -5.46774e-20 0 0 2.769
13.85 -9.995 5.22524e-37 -5.46774e-20 0 0 2.77
13.855 -9.995 5.22947e-37 -5.46774e-20 0 0 2.771
13.86 -9.995 5.23252e-37 -5.46774e-20 0 0 2.772
13.865 -9.995 5.23731e-37 -5.46774e-20 0 0 2.773
13.87 -9.995 5.24456e-37 -5.46774e-20 0 0 2.774
13.875 -9.995 5.2528e-37 -5.46774e-20 0 0 2.775
13.88 -9.995 5.26052e-37 -5.49362e-20 0 0 2.776
13.885 -9.995 5.26945e-37 -5.48068e-20 0 0 2.777
13.89 -9.995 5.27968e-37 -5.48068e-20 0 0 2.778
13.895 -9.995 5.29095e-37 -5.48068e-20 0 0 2.779
13.9 -9.995 5.30317e-37 -5.48068e-20 0 0 2.78
13.905 -9.995 5.31681e-37 -5.48068e-20 0 0 2.781
13.91 -9.995 5.32998e-37 -5.48068e-20 0 0 2.782
13.915 -9.995 5.34311e-37 -5.48068e-20 0 0 2.783
13.92 -9.995 5.35532e-37 -5.48068e-20 0 0 2.784
13.925 -9.995 5.36712e-37 -5.48068e-20 0 0 2.785
13.93 -9.995 5.37808e-37 -5.49362e-20 0 0 2.786
13.935 -9.995 5.38769e-37 -5.50657e-20 0 0 2.787
13.94 -9.995 5.39987e-37 -5.50657e-20 0 0 2.788
13.945 -9.995 5.41295e-37 -5.50657e-20 0 0 2.789
13.95 -9.995 5.42568e-37 -5.50657e-20 0 0 2.79
13.955 -9.995 5.43876e-37 -5.53245e-20 0 0 2.791
13.96 -9.995 5.4535e-37 -5.53245e-20 0 0 2.792
13.965 -9.995 5.46826e-37 -5.54539e-20 0 0 2.793
13.97 -9.995 5.48307e-37 -5.53245e-20 0 0 2.794
13.975 -9.995 5.49781e-37 -5.53245e-20 0 0 2.795
13.98 -9.995 5.5125e-37 -5.53245e-20 0 0 2.796
13.985 -9.995 5.5254e-37 -5.54539e-20 0 0 2.797
13.99 -9.995 5.53713e-37 -5.55833e-20 0 0 2.798
13.995 -9.995 5.54868e-37 -5.57127e-20 0 0 2.799
14 -9.995 5.56137e-37 -5.57127e-20 0 0 2.8
14.005 -9.995 5.57409e-37 -5.58422e-20 0 0 2.801
14.01 -9.995 5.58831e-37 -5.59716e-20 0 0 2.802
14.015 -9.995 5.60251e-37 -5.59716e-20 0 0 2.803
14.02 -9.995 5.61571e-37 -5.59716e-20 0 0 2.804
14.025 -9.995 5.62732e-37 -5.59716e-20 0 0 2.805
14.03 -9.995 5.63681e-37 -5.58422e-20 0 0 2.806
14.035 -9.995 5.64599e-37 -5.57127e-20 0 0 2.807
14.04 -9.995 5.6554e-37 -5.57127e-20 0 0 2.808
14.045 -9.995 5.66676e-37 -5.59716e-20 0 0 2.809
14.05 -9.995 5.6776e-37 -5.58422e-20 0 0 2.81
14.055 -9.995 5.68987e-37 -5.58422e-20 0 0 2.811
14.06 -9.995 5.70257e-37 -5.58422e-20 0 0 2.812
14.065 -9.995 5.71889e-37 -5.59716e-20 0 0 2.813
14.07 -9.995 5.73547e-37 -5.59716e-20 0 0 2.814
14.075 -9.995 5.75315e-37 -5.59716e-20 0 0 2.815
14.08 -9.995 5.76955e-37 -5.59716e-20 0 0 2.816
14.085 -9.995 5.78615e-37 -5.59716e-20 0 0 2.817
14.09 -9.995 5.80254e-37 -5.59716e-20 0 0 2.818
14.095 -9.995 5.81811e-37 -5.59716e-20 0 0 2.819
14.1 -9.995 5.83497e-37 -5.58422e-20 0 0 2.82
14.105 -9.995 5.85287e-37 -5.57127e-20 0 0 2.821
14.11 -9.995 5.87358e-37 -5.58422e-20 0 0 2.822
14.115 -9.995 5.89289e-37 -5.57127e-20 0 0 2.823
14.12 -9.995 5.91392e-37 -5.55833e-20 0 0 2.824
14.125 -9.995 5.93401e-37 -5.55833e-20 0 0 2.825
14.13 -9.995 5.95314e-37 -5.55833e-20 0 0 2.826
14.135 -9.995 5.97272e-37 -5.55833e-20 0 0 2.827
14.14 -9.995 5.9902e-37 -5.53245e-20 0 0 2.828
14.145 -9.995 6.00725e-37 -5.51951e-20 0 0 2.829
14.15 -9.995 6.02559e-37 -5.50657e-20 0 0 2.83
14.155 -9.995 6.0435e-37 -5.50657e-20 0 0 2.831
14.16 -9.995 6.06056e-37 -5.53245e-20 0 0 2.832
14.165 -9.995 6.07576e-37 -5.51951e-20 0 0 2.833
14.17 -9.995 6.09103e-37 -5.53245e-20 0 0 2.834
14.175 -9.995 6.10648e-37 -5.54539e-20 0 0 2.835
14.18 -9.995 6.12236e-37 -5.55833e-20 0 0 2.836
14.185 -9.995 6.13864e-37 -5.57127e-20 0 0 2.837
14.19 -9.995 6.15497e-37 -5.58422e-20 0 0 2.838
14.195 -9.995 6.17043e-37 -5.59716e-20 0 0 2.839
14.2 -9.995 6.18422e-37 -5.6101e-20 0 0 2.84
14.205 -9.995 6.19612e-37 -5.6101e-20 0 0 2.841
14.21 -9.995 6.20702e-37 -5.6101e-20 0 0 2.842
14.215 -9.995 6.21816e-37 -5.6101e-20 0 0 2.843
14.22 -9.995 6.22912e-37 -5.6101e-20 0 0 2.844
14.225 -9.995 6.23972e-37 -5.62304e-20 0 0 2.845
14.23 -9.995 6.2525e-37 -5.63598e-20 0 0 2.846
14.235 -9.995 6.26355e-37 -5.64892e-20 0 0 2.847
14.24 -9.995 6.27618e-37 -5.66187e-20 0 0 2.848
14.245 -9.995 6.28946e-37 -5.66187e-20 0 0 2.849
14.25 -9.995 6.30301e-37 -5.66187e-20 0 0 2.85
14.255 -9.995 6.31632e-37 -5.66187e-20 0 0 2.851
14.26 -9.995 6.3295e-37 -5.68775e-20 0 0 2.852
14.265 -9.995 6.34224e-37 -5.70069e-20 0 0 2.853
14.27 -9.995 6.35629e-37 -5.71363e-20 0 0 2.854
14.275 -9.995 6.36937e-37 -5.71363e-20 0 0 2.855
14.28 -9.995 6.38413e-37 -5.71363e-20 0 0 2.856
14.285 -9.995 6.39982e-37 -5.72658e-20 0 0 2.857
14.29 -9.995 6.41519e-37 -5.72658e-20 0 0 2.858
14.295 -9.995 6.43117e-37 -5.72658e-20 0 0 2.859
14.3 -9.995 6.44607e-37 -5.72658e-20 0 0 2.86
14.305 -9.995 6.45949e-37 -5.75246e-20 0 0 2.861
14.31 -9.995 6.47225e-37 -5.75246e-20 0 0 2.862
14.315 -9.995 6.48512e-37 -5.75246e-20 0 0 2.863
14.32 -9.995 6.50101e-37 -5.75246e-20 0 0 2.864
14.325 -9.995 6.51532e-37 -5.7654e-20 0 0 2.865
14.33 -9.995 6.53248e-37 -5.7654e-20 0 0 2.866
14.335 -9.995 6.54854e-37 -5.7654e-20 0 0 2.867
14.34 -9.995 6.56569e-37 -5.7654e-20 0 0 2.868
14.345 -9.995 6.58236e-37 -5.7654e-20 0 0 2.869
14.35 -9.995 6.60087e-37 -5.7654e-20 0 0 2.87
14.355 -9.995 6.61973e-37 -5.7654e-20 0 0 2.871
14.36 -9.995 6.64147e-37 -5.7654e-20 0 0 2.872
14.365 -9.995 6.66461e-37 -5.7654e-20 0 0 2.873
14.37 -9.995 6.68781e-37 -5.73952e-20 0 0 2.874
14.375 -9.995 6.70913e-37 -5.73952e-20 0 0 2.875
14.38 -9.995 6.72849e-37 -5.73952e-20 0 0 2.876
14.385 -9.995 6.74722e-37 -5.73952e-20 0 0 2.877
14.39 -9.995 6.76665e-37 -5.73952e-20 0 0 2.878
14.395 -9.995 6.78488e-37 -5.75246e-20 0 0 2.879
14.4 -9.995 6.80413e-37 -5.75246e-20 0 0 2.88
14.405 -9.995 6.82124e-37 -5.7654e-20 0 0 2.881
14.41 -9.995 6.83991e-37 -5.77834e-20 0 0 2.882
14.415 -9.995 6.85689e-37 -5.79128e-20 0 0 2.883
14.42 -9.995 6.87364e-37 -5.80423e-20 0 0 2.884
14.425 -9.995 6.88981e-37 -5.79128e-20 0 0 2.885
14.43 -9.995 6.90756e-37 -5.77834e-20 0 0 2.886
14.435 -9.995 6.92525e-37 -5.77834e-20 0 0 2.887
14.44 -9.995 6.94364e-37 -5.77834e-20 0 0 2.888
14.445 -9.995 6.96199e-37 -5.79128e-20 0 0 2.889
14.45 -9.995 6.98125e-37 -5.77834e-20 0 0 2.89
14.455 -9.995 7.00104e-37 -5.7654e-20 0 0 2.891
14.46 -9.995 7.02313e-37 -5.7654e-20 0 0 2.892
14.465 -9.995 7.046e-37 -5.77834e-20 0 0 2.893
14.47 -9.995 7.06705e-37 -5.79128e-20 0 0 2.894
14.475 -9.995 7.08742e-37 -5.80423e-20 0 0 2.895
14.48 -9.995 7.10785e-37 -5.81717e-20 0 0 2.896
14.485 -9.995 7.12742e-37 -5.83011e-20 0 0 2.897
14.49 -9.995 7.14631e-37 -5.84305e-20 0 0 2.898
14.495 -9.995 7.16575e-37 -5.85599e-20 0 0 2.899
14.5 -9.995 7.1829e-37 -5.85599e-20 0 0 2.9
14.505 -9.995 7.20034e-37 -5.85599e-20 0 0 2.901
14.51 -9.995 7.21565e-37 -5.84305e-20 0 0 2.902
14.515 -9.995 7.23249e-37 -5.86893e-20 0 0 2.903
14.52 -9.995 7.24819e-37 -5.86893e-20 0 0 2.904
14.525 -9.995 7.26291e-37 -5.86893e-20 0 0 2.905
14.53 -9.995 7.27868e-37 -5.86893e-20 0 0 2.906
14.535 -9.995 7.29607e-37 -5.86893e-20 0 0 2.907
14.54 -9.995 7.31512e-37 -5.88188e-20 0 0 2.908
14.545 -9.995 7.33269e-37 -5.89482e-20 0 0 2.909
14.55 -9.995 7.34934e-37 -5.9207e-20 0 0 2.91
14.555 -9.995 7.36822e-37 -5.9207e-20 0 0 2.911
14.56 -9.995 7.38797e-37 -5.94658e-20 0 0 2.912
14.565 -9.995 7.40986e-37 -5.95953e-20 0 0 2.913
14.57 -9.995 7.43171e-37 -5.97247e-20 0 0 2.914
14.575 -9.995 7.45421e-37 -5.98541e-20 0 0 2.915
14.58 -9.995 7.47676e-37 -5.99835e-20 0 0 2.916
14.585 -9.995 7.49721e-37 -5.98541e-20 0 0 2.917
14.59 -9.995 7.52015e-37 -5.98541e-20 0 0 2.918
14.595 -9.995 7.54236e-37 -5.98541e-20 0 0 2.919
14.6 -9.995 7.56658e-37 -5.98541e-20 0 0 2.92
14.605 -9.995 7.58899e-37 -5.98541e-20 0 0 2.921
14.61 -9.995 7.61201e-37 -6.01129e-20 0 0 2.922
14.615 -9.995 7.63389e-37 -6.02423e-20 0 0 2.923
14.62 -9.995 7.65698e-37 -5.99835e-20 0 0 2.924
14.625 -9.995 7.67858e-37 -5.99835e-20 0 0 2.925
14.63 -9.995 7.70042e-37 -5.99835e-20 0 0 2.926
14.635 -9.995 7.72235e-37 -5.99835e-20 0 0 2.927
14.64 -9.995 7.74586e-37 -6.01129e-20 0 0 2.928
14.645 -9.995 7.76763e-37 -6.02423e-20 0 0 2.929
14.65 -9.995 7.79018e-37 -6.02423e-20 0 0 2.93
14.655 -9.995 7.81167e-37 -6.03718e-20 0 0 2.931
14.66 -9.995 7.83352e-37 -6.05012e-20 0 0 2.932
14.665 -9.995 7.85711e-37 -6.05012e-20 0 0 2.933
14.67 -9.995 7.881e-37 -6.05012e-20 0 0 2.934
14.675 -9.995 7.90633e-37 -6.05012e-20 0 0 2.935
14.68 -9.995 7.92883e-37 -6.06306e-20 0 0 2.936
14.685 -9.995 7.95077e-37 -6.06306e-20 0 0 2.937
14.69 -9.995 7.97067e-37 -6.08894e-20 0 0 2.938
14.695 -9.995 7.99119e-37 -6.10188e-20 0 0 2.939
14.7 -9.995 8.01171e-37 -6.11483e-20 0 0 2.94
14.705 -9.995 8.0331e-37 -6.10188e-20 0 0 2.941
14.71 -9.995 8.05479e-37 -6.10188e-20 0 0 2.942
14.715 -9.995 8.07641e-37 -6.10188e-20 0 0 2.943
14.72 -9.995 8.09481e-37 -6.10188e-20 0 0 2.944
14.725 -9.995 8.11644e-37 -6.076e-20 0 0 2.945
14.73 -9.995 8.13888e-37 -6.08894e-20 0 0 2.946
14.735 -9.995 8.16283e-37 -6.08894e-20 0 0 2.947
14.74 -9.995 8.18772e-37 -6.10188e-20 0 0 2.948
14.745 -9.995 8.2115e-37 -6.11483e-20 0 0 2.949
14.75 -9.995 8.23467e-37 -6.12777e-20 0 0 2.95
14.755 -9.995 8.25771e-37 -6.16659e-20 0 0 2.951
14.76 -9.995 8.27885e-37 -6.17953e-20 0 0 2.952
14.765 -9.995 8.30004e-37 -6.19248e-20 0 0 2.953
14.77 -9.995 8.32094e-37 -6.17953e-20 0 0 2.954
14.775 -9.995 8.33904e-37 -6.16659e-20 0 0 2.955
14.78 -9.995 8.35886e-37 -6.16659e-20 0 0 2.956
14.785 -9.995 8.3796e-37 -6.16659e-20 0 0 2.957
14.79 -9.995 8.39834e-37 -6.15365e-20 0 0 2.958
14.795 -9.995 8.41545e-37 -6.15365e-20 0 0 2.959
14.8 -9.995 8.4321e-37 -6.15365e-20 0 0 2.96
14.805 -9.995 8.45077e-37 -6.15365e-20 0 0 2.961
14.81 -9.995 8.4662e-37 -6.17953e-20 0 0 2.962
14.815 -9.995 8.48276e-37 -6.17953e-20 0 0 2.963
14.82 -9.995 8.499e-37 -6.17953e-20 0 0 2.964
14.825 -9.995 8.51834e-37 -6.17953e-20 0 0 2.965
14.83 -9.995 8.53637e-37 -6.17953e-20 0 0 2.966
14.835 -9.995 8.55595e-37 -6.17953e-20 0 0 2.967
14.84 -9.995 8.57268e-37 -6.17953e-20 0 0 2.968
14.845 -9.995 8.58726e-37 -6.17953e-20 0 0 2.969
14.85 -9.995 8.60335e-37 -6.17953e-20 0 0 2.97
14.855 -9.995 8.6203e-37 -6.17953e-20 0 0 2.971
14.86 -9.995 8.638e-37 -6.17953e-20 0 0 2.972
14.865 -9.995 8.65634e-37 -6.19248e-20 0 0 2.973
14.87 -9.995 8.67749e-37 -6.20542e-20 0 0 2.974
14.875 -9.995 8.69741e-37 -6.20542e-20 0 0 2.975
14.88 -9.995 8.71777e-37 -6.20542e-20 0 0 2.976
14.885 -9.995 8.7353e-37 -6.20542e-20 0 0 2.977
14.89 -9.995 8.75213e-37 -6.20542e-20 0 0 2.978
14.895 -9.995 8.76984e-37 -6.20542e-20 0 0 2.979
14.9 -9.995 8.78759e-37 -6.20542e-20 0 0 2.98
14.905 -9.995 8.80405e-37 -6.20542e-20 0 0 2.981
14.91 -9.995 8.82001e-37 -6.20542e-20 0 0 2.982
14.915 -9.995 8.83766e-37 -6.2313e-20 0 0 2.983
14.92 -9.995 8.85568e-37 -6.2313e-20 0 0 2.984
14.925 -9.995 8.87493e-37 -6.2313e-20 0 0 2.985
14.93 -9.995 8.89388e-37 -6.21836e-20 0 0 2.986
14.935 -9.995 8.91193e-37 -6.2313e-20 0 0 2.987
14.94 -9.995 8.92895e-37 -6.2313e-20 0 0 2.988
14.945 -9.995 8.94767e-37 -6.2313e-20 0 0 2.989
14.95 -9.995 8.96635e-37 -6.2313e-20 0 0 2.99
14.955 -9.995 8.9847e-37 -6.2313e-20 0 0 2.991
14.96 -9.995 9.00314e-37 -6.2313e-20 0 0 2.992
14.965 -9.995 9.02082e-37 -6.2313e-20 0 0 2.993
14.97 -9.995 9.03815e-37 -6.2313e-20 0 0 2.994
14.975 -9.995 9.05571e-37 -6.2313e-20 0 0 2.995
14.98 -9.995 9.07272e-37 -6.2313e-20 0 0 2.996
14.985 -9.995 9.08882e-37 -6.2313e-20 0 0 2.997
14.99 -9.995 9.104e-37 -6.2313e-20 0 0 2.998
14.995 -9.995 9.12108e-37 -6.25719e-20 0 0 2.999
15 -9.995 9.13635e-37 -6.25719e-20 0 0 3
15.005 -9.995 9.15203e-37 -6.27013e-20 0 0 3.001
