0.001 [0, 15, 0, 0, 0, 0, 1] 
0.002 [0, 14.99999, 0, 0, 0, 0, 1] 
0.003 [0, 14.999971, 0, 0, 0, 0, 1] 
0.004 [0, 14.999941, 0, 0, 0, 0, 1] 
0.005 [0, 14.999902, 0, 0, 0, 0, 1] 
0.006 [0, 14.999853, 0, 0, 0, 0, 1] 
0.007 [0, 14.999794, 0, 0, 0, 0, 1] 
0.008 [0, 14.999725, 0, 0, 0, 0, 1] 
0.009 [0, 14.999647, 0, 0, 0, 0, 1] 
0.01 [0, 14.999559, 0, 0, 0, 0, 1] 
0.011 [0, 14.99946, 0, 0, 0, 0, 1] 
0.012 [0, 14.999353, 0, 0, 0, 0, 1] 
0.013 [0, 14.999235, 0, 0, 0, 0, 1] 
0.014 [0, 14.999107, 0, 0, 0, 0, 1] 
0.015 [0, 14.99897, 0, 0, 0, 0, 1] 
0.016 [0, 14.998823, 0, 0, 0, 0, 1] 
0.017 [0, 14.998666, 0, 0, 0, 0, 1] 
0.018 [0, 14.998499, 0, 0, 0, 0, 1] 
0.019 [0, 14.998322, 0, 0, 0, 0, 1] 
0.02 [0, 14.998136, 0, 0, 0, 0, 1] 
0.021 [0, 14.99794, 0, 0, 0, 0, 1] 
0.022 [0, 14.997734, 0, 0, 0, 0, 1] 
0.023 [0, 14.997518, 0, 0, 0, 0, 1] 
0.024 [0, 14.997292, 0, 0, 0, 0, 1] 
0.025 [0, 14.997057, 0, 0, 0, 0, 1] 
0.026 [0, 14.996812, 0, 0, 0, 0, 1] 
0.027 [0, 14.996557, 0, 0, 0, 0, 1] 
0.028 [0, 14.996292, 0, 0, 0, 0, 1] 
0.029 [0, 14.996017, 0, 0, 0, 0, 1] 
0.03 [0, 14.995733, 0, 0, 0, 0, 1] 
0.031 [0, 14.995438, 0, 0, 0, 0, 1] 
0.032 [0, 14.995134, 0, 0, 0, 0, 1] 
0.033 [0, 14.99482, 0, 0, 0, 0, 1] 
0.034 [0, 14.994497, 0, 0, 0, 0, 1] 
0.035 [0, 14.994163, 0, 0, 0, 0, 1] 
0.036 [0, 14.99382, 0, 0, 0, 0, 1] 
0.037 [0, 14.993467, 0, 0, 0, 0, 1] 
0.038 [0, 14.993104, 0, 0, 0, 0, 1] 
0.039 [0, 14.992731, 0, 0, 0, 0, 1] 
0.04 [0, 14.992348, 0, 0, 0, 0, 1] 
0.041 [0, 14.991956, 0, 0, 0, 0, 1] 
0.042 [0, 14.991554, 0, 0, 0, 0, 1] 
0.043 [0, 14.991142, 0, 0, 0, 0, 1] 
0.044 [0, 14.99072, 0, 0, 0, 0, 1] 
0.045 [0, 14.990288, 0, 0, 0, 0, 1] 
0.046 [0, 14.989847, 0, 0, 0, 0, 1] 
0.047 [0, 14.989395, 0, 0, 0, 0, 1] 
0.048 [0, 14.988934, 0, 0, 0, 0, 1] 
0.049 [0, 14.988463, 0, 0, 0, 0, 1] 
0.05 [0, 14.987983, 0, 0, 0, 0, 1] 
0.051 [0, 14.987492, 0, 0, 0, 0, 1] 
0.052 [0, 14.986992, 0, 0, 0, 0, 1] 
0.053 [0, 14.986482, 0, 0, 0, 0, 1] 
0.054 [0, 14.985962, 0, 0, 0, 0, 1] 
0.055 [0, 14.985432, 0, 0, 0, 0, 1] 
0.056 [0, 14.984893, 0, 0, 0, 0, 1] 
0.057 [0, 14.984343, 0, 0, 0, 0, 1] 
0.058 [0, 14.983784, 0, 0, 0, 0, 1] 
0.059 [0, 14.983215, 0, 0, 0, 0, 1] 
0.06 [0, 14.982636, 0, 0, 0, 0, 1] 
0.061 [0, 14.982048, 0, 0, 0, 0, 1] 
0.062 [0, 14.981449, 0, 0, 0, 0, 1] 
0.063 [0, 14.980841, 0, 0, 0, 0, 1] 
0.064 [0, 14.980223, 0, 0, 0, 0, 1] 
0.065 [0, 14.979595, 0, 0, 0, 0, 1] 
0.066 [0, 14.978958, 0, 0, 0, 0, 1] 
0.067 [0, 14.97831, 0, 0, 0, 0, 1] 
0.068 [0, 14.977653, 0, 0, 0, 0, 1] 
0.069 [0, 14.976986, 0, 0, 0, 0, 1] 
0.07 [0, 14.976309, 0, 0, 0, 0, 1] 
0.071 [0, 14.975622, 0, 0, 0, 0, 1] 
0.072 [0, 14.974926, 0, 0, 0, 0, 1] 
0.073 [0, 14.974219, 0, 0, 0, 0, 1] 
0.074 [0, 14.973503, 0, 0, 0, 0, 1] 
0.075 [0, 14.972777, 0, 0, 0, 0, 1] 
0.076 [0, 14.972041, 0, 0, 0, 0, 1] 
0.077 [0, 14.971296, 0, 0, 0, 0, 1] 
0.078 [0, 14.970541, 0, 0, 0, 0, 1] 
0.079 [0, 14.969775, 0, 0, 0, 0, 1] 
0.08 [0, 14.969, 0, 0, 0, 0, 1] 
0.081 [0, 14.968216, 0, 0, 0, 0, 1] 
0.082 [0, 14.967421, 0, 0, 0, 0, 1] 
0.083 [0, 14.966617, 0, 0, 0, 0, 1] 
0.084 [0, 14.965802, 0, 0, 0, 0, 1] 
0.085 [0, 14.964978, 0, 0, 0, 0, 1] 
0.086 [0, 14.964144, 0, 0, 0, 0, 1] 
0.087 [0, 14.963301, 0, 0, 0, 0, 1] 
0.088 [0, 14.962447, 0, 0, 0, 0, 1] 
0.089 [0, 14.961584, 0, 0, 0, 0, 1] 
0.09 [0, 14.960711, 0, 0, 0, 0, 1] 
0.091 [0, 14.959828, 0, 0, 0, 0, 1] 
0.092 [0, 14.958935, 0, 0, 0, 0, 1] 
0.093 [0, 14.958033, 0, 0, 0, 0, 1] 
0.094 [0, 14.95712, 0, 0, 0, 0, 1] 
0.095 [0, 14.956198, 0, 0, 0, 0, 1] 
0.096 [0, 14.955266, 0, 0, 0, 0, 1] 
0.097 [0, 14.954325, 0, 0, 0, 0, 1] 
0.098 [0, 14.953373, 0, 0, 0, 0, 1] 
0.099 [0, 14.952412, 0, 0, 0, 0, 1] 
0.1 [0, 14.951441, 0, 0, 0, 0, 1] 
0.101 [0, 14.95046, 0, 0, 0, 0, 1] 
0.102 [0, 14.949469, 0, 0, 0, 0, 1] 
0.103 [0, 14.948468, 0, 0, 0, 0, 1] 
0.104 [0, 14.947458, 0, 0, 0, 0, 1] 
0.105 [0, 14.946437, 0, 0, 0, 0, 1] 
0.106 [0, 14.945407, 0, 0, 0, 0, 1] 
0.107 [0, 14.944367, 0, 0, 0, 0, 1] 
0.108 [0, 14.943318, 0, 0, 0, 0, 1] 
0.109 [0, 14.942258, 0, 0, 0, 0, 1] 
0.11 [0, 14.941189, 0, 0, 0, 0, 1] 
0.111 [0, 14.94011, 0, 0, 0, 0, 1] 
0.112 [0, 14.939021, 0, 0, 0, 0, 1] 
0.113 [0, 14.937922, 0, 0, 0, 0, 1] 
0.114 [0, 14.936814, 0, 0, 0, 0, 1] 
0.115 [0, 14.935695, 0, 0, 0, 0, 1] 
0.116 [0, 14.934567, 0, 0, 0, 0, 1] 
0.117 [0, 14.933429, 0, 0, 0, 0, 1] 
0.118 [0, 14.932282, 0, 0, 0, 0, 1] 
0.119 [0, 14.931124, 0, 0, 0, 0, 1] 
0.12 [0, 14.929957, 0, 0, 0, 0, 1] 
0.121 [0, 14.928779, 0, 0, 0, 0, 1] 
0.122 [0, 14.927592, 0, 0, 0, 0, 1] 
0.123 [0, 14.926396, 0, 0, 0, 0, 1] 
0.124 [0, 14.925189, 0, 0, 0, 0, 1] 
0.125 [0, 14.923972, 0, 0, 0, 0, 1] 
0.126 [0, 14.922746, 0, 0, 0, 0, 1] 
0.127 [0, 14.92151, 0, 0, 0, 0, 1] 
0.128 [0, 14.920264, 0, 0, 0, 0, 1] 
0.129 [0, 14.919009, 0, 0, 0, 0, 1] 
0.13 [0, 14.917743, 0, 0, 0, 0, 1] 
0.131 [0, 14.916468, 0, 0, 0, 0, 1] 
0.132 [0, 14.915183, 0, 0, 0, 0, 1] 
0.133 [0, 14.913888, 0, 0, 0, 0, 1] 
0.134 [0, 14.912583, 0, 0, 0, 0, 1] 
0.135 [0, 14.911269, 0, 0, 0, 0, 1] 
0.136 [0, 14.909944, 0, 0, 0, 0, 1] 
0.137 [0, 14.90861, 0, 0, 0, 0, 1] 
0.138 [0, 14.907266, 0, 0, 0, 0, 1] 
0.139 [0, 14.905912, 0, 0, 0, 0, 1] 
0.14 [0, 14.904549, 0, 0, 0, 0, 1] 
0.141 [0, 14.903175, 0, 0, 0, 0, 1] 
0.142 [0, 14.901792, 0, 0, 0, 0, 1] 
0.143 [0, 14.900399, 0, 0, 0, 0, 1] 
0.144 [0, 14.898996, 0, 0, 0, 0, 1] 
0.145 [0, 14.897584, 0, 0, 0, 0, 1] 
0.146 [0, 14.896161, 0, 0, 0, 0, 1] 
0.147 [0, 14.894729, 0, 0, 0, 0, 1] 
0.148 [0, 14.893287, 0, 0, 0, 0, 1] 
0.149 [0, 14.891835, 0, 0, 0, 0, 1] 
0.15 [0, 14.890373, 0, 0, 0, 0, 1] 
0.151 [0, 14.888902, 0, 0, 0, 0, 1] 
0.152 [0, 14.88742, 0, 0, 0, 0, 1] 
0.153 [0, 14.885929, 0, 0, 0, 0, 1] 
0.154 [0, 14.884428, 0, 0, 0, 0, 1] 
0.155 [0, 14.882918, 0, 0, 0, 0, 1] 
0.156 [0, 14.881397, 0, 0, 0, 0, 1] 
0.157 [0, 14.879867, 0, 0, 0, 0, 1] 
0.158 [0, 14.878327, 0, 0, 0, 0, 1] 
0.159 [0, 14.876777, 0, 0, 0, 0, 1] 
0.16 [0, 14.875217, 0, 0, 0, 0, 1] 
0.161 [0, 14.873647, 0, 0, 0, 0, 1] 
0.162 [0, 14.872068, 0, 0, 0, 0, 1] 
0.163 [0, 14.870479, 0, 0, 0, 0, 1] 
0.164 [0, 14.86888, 0, 0, 0, 0, 1] 
0.165 [0, 14.867271, 0, 0, 0, 0, 1] 
0.166 [0, 14.865652, 0, 0, 0, 0, 1] 
0.167 [0, 14.864024, 0, 0, 0, 0, 1] 
0.168 [0, 14.862385, 0, 0, 0, 0, 1] 
0.169 [0, 14.860737, 0, 0, 0, 0, 1] 
0.17 [0, 14.859079, 0, 0, 0, 0, 1] 
0.171 [0, 14.857412, 0, 0, 0, 0, 1] 
0.172 [0, 14.855734, 0, 0, 0, 0, 1] 
0.173 [0, 14.854047, 0, 0, 0, 0, 1] 
0.174 [0, 14.85235, 0, 0, 0, 0, 1] 
0.175 [0, 14.850643, 0, 0, 0, 0, 1] 
0.176 [0, 14.848926, 0, 0, 0, 0, 1] 
0.177 [0, 14.847199, 0, 0, 0, 0, 1] 
0.178 [0, 14.845463, 0, 0, 0, 0, 1] 
0.179 [0, 14.843717, 0, 0, 0, 0, 1] 
0.18 [0, 14.841961, 0, 0, 0, 0, 1] 
0.181 [0, 14.840195, 0, 0, 0, 0, 1] 
0.182 [0, 14.838419, 0, 0, 0, 0, 1] 
0.183 [0, 14.836634, 0, 0, 0, 0, 1] 
0.184 [0, 14.834839, 0, 0, 0, 0, 1] 
0.185 [0, 14.833034, 0, 0, 0, 0, 1] 
0.186 [0, 14.831219, 0, 0, 0, 0, 1] 
0.187 [0, 14.829394, 0, 0, 0, 0, 1] 
0.188 [0, 14.82756, 0, 0, 0, 0, 1] 
0.189 [0, 14.825716, 0, 0, 0, 0, 1] 
0.19 [0, 14.823861, 0, 0, 0, 0, 1] 
0.191 [0, 14.821998, 0, 0, 0, 0, 1] 
0.192 [0, 14.820124, 0, 0, 0, 0, 1] 
0.193 [0, 14.81824, 0, 0, 0, 0, 1] 
0.194 [0, 14.816347, 0, 0, 0, 0, 1] 
0.195 [0, 14.814444, 0, 0, 0, 0, 1] 
0.196 [0, 14.812531, 0, 0, 0, 0, 1] 
0.197 [0, 14.810608, 0, 0, 0, 0, 1] 
0.198 [0, 14.808676, 0, 0, 0, 0, 1] 
0.199 [0, 14.806733, 0, 0, 0, 0, 1] 
0.2 [0, 14.804781, 0, 0, 0, 0, 1] 
0.201 [0, 14.802819, 0, 0, 0, 0, 1] 
0.202 [0, 14.800847, 0, 0, 0, 0, 1] 
0.203 [0, 14.798866, 0, 0, 0, 0, 1] 
0.204 [0, 14.796874, 0, 0, 0, 0, 1] 
0.205 [0, 14.794873, 0, 0, 0, 0, 1] 
0.206 [0, 14.792862, 0, 0, 0, 0, 1] 
0.207 [0, 14.790841, 0, 0, 0, 0, 1] 
0.208 [0, 14.78881, 0, 0, 0, 0, 1] 
0.209 [0, 14.78677, 0, 0, 0, 0, 1] 
0.21 [0, 14.78472, 0, 0, 0, 0, 1] 
0.211 [0, 14.782659, 0, 0, 0, 0, 1] 
0.212 [0, 14.78059, 0, 0, 0, 0, 1] 
0.213 [0, 14.77851, 0, 0, 0, 0, 1] 
0.214 [0, 14.77642, 0, 0, 0, 0, 1] 
0.215 [0, 14.774321, 0, 0, 0, 0, 1] 
0.216 [0, 14.772212, 0, 0, 0, 0, 1] 
0.217 [0, 14.770093, 0, 0, 0, 0, 1] 
0.218 [0, 14.767964, 0, 0, 0, 0, 1] 
0.219 [0, 14.765825, 0, 0, 0, 0, 1] 
0.22 [0, 14.763677, 0, 0, 0, 0, 1] 
0.221 [0, 14.761519, 0, 0, 0, 0, 1] 
0.222 [0, 14.759351, 0, 0, 0, 0, 1] 
0.223 [0, 14.757173, 0, 0, 0, 0, 1] 
0.224 [0, 14.754985, 0, 0, 0, 0, 1] 
0.225 [0, 14.752788, 0, 0, 0, 0, 1] 
0.226 [0, 14.750581, 0, 0, 0, 0, 1] 
0.227 [0, 14.748364, 0, 0, 0, 0, 1] 
0.228 [0, 14.746137, 0, 0, 0, 0, 1] 
0.229 [0, 14.7439, 0, 0, 0, 0, 1] 
0.23 [0, 14.741654, 0, 0, 0, 0, 1] 
0.231 [0, 14.739397, 0, 0, 0, 0, 1] 
0.232 [0, 14.737131, 0, 0, 0, 0, 1] 
0.233 [0, 14.734855, 0, 0, 0, 0, 1] 
0.234 [0, 14.73257, 0, 0, 0, 0, 1] 
0.235 [0, 14.730274, 0, 0, 0, 0, 1] 
0.236 [0, 14.727969, 0, 0, 0, 0, 1] 
0.237 [0, 14.725654, 0, 0, 0, 0, 1] 
0.238 [0, 14.723329, 0, 0, 0, 0, 1] 
0.239 [0, 14.720994, 0, 0, 0, 0, 1] 
0.24 [0, 14.718649, 0, 0, 0, 0, 1] 
0.241 [0, 14.716295, 0, 0, 0, 0, 1] 
0.242 [0, 14.713931, 0, 0, 0, 0, 1] 
0.243 [0, 14.711557, 0, 0, 0, 0, 1] 
0.244 [0, 14.709173, 0, 0, 0, 0, 1] 
0.245 [0, 14.706779, 0, 0, 0, 0, 1] 
0.246 [0, 14.704376, 0, 0, 0, 0, 1] 
0.247 [0, 14.701962, 0, 0, 0, 0, 1] 
0.248 [0, 14.699539, 0, 0, 0, 0, 1] 
0.249 [0, 14.697106, 0, 0, 0, 0, 1] 
0.25 [0, 14.694664, 0, 0, 0, 0, 1] 
0.251 [0, 14.692211, 0, 0, 0, 0, 1] 
0.252 [0, 14.689749, 0, 0, 0, 0, 1] 
0.253 [0, 14.687277, 0, 0, 0, 0, 1] 
0.254 [0, 14.684795, 0, 0, 0, 0, 1] 
0.255 [0, 14.682303, 0, 0, 0, 0, 1] 
0.256 [0, 14.679802, 0, 0, 0, 0, 1] 
0.257 [0, 14.67729, 0, 0, 0, 0, 1] 
0.258 [0, 14.674769, 0, 0, 0, 0, 1] 
0.259 [0, 14.672238, 0, 0, 0, 0, 1] 
0.26 [0, 14.669697, 0, 0, 0, 0, 1] 
0.261 [0, 14.667147, 0, 0, 0, 0, 1] 
0.262 [0, 14.664586, 0, 0, 0, 0, 1] 
0.263 [0, 14.662016, 0, 0, 0, 0, 1] 
0.264 [0, 14.659436, 0, 0, 0, 0, 1] 
0.265 [0, 14.656846, 0, 0, 0, 0, 1] 
0.266 [0, 14.654247, 0, 0, 0, 0, 1] 
0.267 [0, 14.651637, 0, 0, 0, 0, 1] 
0.268 [0, 14.649018, 0, 0, 0, 0, 1] 
0.269 [0, 14.646389, 0, 0, 0, 0, 1] 
0.27 [0, 14.64375, 0, 0, 0, 0, 1] 
0.271 [0, 14.641101, 0, 0, 0, 0, 1] 
0.272 [0, 14.638443, 0, 0, 0, 0, 1] 
0.273 [0, 14.635774, 0, 0, 0, 0, 1] 
0.274 [0, 14.633096, 0, 0, 0, 0, 1] 
0.275 [0, 14.630408, 0, 0, 0, 0, 1] 
0.276 [0, 14.62771, 0, 0, 0, 0, 1] 
0.277 [0, 14.625003, 0, 0, 0, 0, 1] 
0.278 [0, 14.622286, 0, 0, 0, 0, 1] 
0.279 [0, 14.619558, 0, 0, 0, 0, 1] 
0.28 [0, 14.616821, 0, 0, 0, 0, 1] 
0.281 [0, 14.614075, 0, 0, 0, 0, 1] 
0.282 [0, 14.611318, 0, 0, 0, 0, 1] 
0.283 [0, 14.608552, 0, 0, 0, 0, 1] 
0.284 [0, 14.605775, 0, 0, 0, 0, 1] 
0.285 [0, 14.602989, 0, 0, 0, 0, 1] 
0.286 [0, 14.600193, 0, 0, 0, 0, 1] 
0.287 [0, 14.597388, 0, 0, 0, 0, 1] 
0.288 [0, 14.594572, 0, 0, 0, 0, 1] 
0.289 [0, 14.591747, 0, 0, 0, 0, 1] 
0.29 [0, 14.588912, 0, 0, 0, 0, 1] 
0.291 [0, 14.586067, 0, 0, 0, 0, 1] 
0.292 [0, 14.583212, 0, 0, 0, 0, 1] 
0.293 [0, 14.580348, 0, 0, 0, 0, 1] 
0.294 [0, 14.577473, 0, 0, 0, 0, 1] 
0.295 [0, 14.574589, 0, 0, 0, 0, 1] 
0.296 [0, 14.571695, 0, 0, 0, 0, 1] 
0.297 [0, 14.568792, 0, 0, 0, 0, 1] 
0.298 [0, 14.565878, 0, 0, 0, 0, 1] 
0.299 [0, 14.562955, 0, 0, 0, 0, 1] 
0.3 [0, 14.560021, 0, 0, 0, 0, 1] 
0.301 [0, 14.557078, 0, 0, 0, 0, 1] 
0.302 [0, 14.554126, 0, 0, 0, 0, 1] 
0.303 [0, 14.551163, 0, 0, 0, 0, 1] 
0.304 [0, 14.548191, 0, 0, 0, 0, 1] 
0.305 [0, 14.545208, 0, 0, 0, 0, 1] 
0.306 [0, 14.542216, 0, 0, 0, 0, 1] 
0.307 [0, 14.539214, 0, 0, 0, 0, 1] 
0.308 [0, 14.536203, 0, 0, 0, 0, 1] 
0.309 [0, 14.533181, 0, 0, 0, 0, 1] 
0.31 [0, 14.53015, 0, 0, 0, 0, 1] 
0.311 [0, 14.527109, 0, 0, 0, 0, 1] 
0.312 [0, 14.524058, 0, 0, 0, 0, 1] 
0.313 [0, 14.520997, 0, 0, 0, 0, 1] 
0.314 [0, 14.517927, 0, 0, 0, 0, 1] 
0.315 [0, 14.514846, 0, 0, 0, 0, 1] 
0.316 [0, 14.511756, 0, 0, 0, 0, 1] 
0.317 [0, 14.508656, 0, 0, 0, 0, 1] 
0.318 [0, 14.505547, 0, 0, 0, 0, 1] 
0.319 [0, 14.502427, 0, 0, 0, 0, 1] 
0.32 [0, 14.499298, 0, 0, 0, 0, 1] 
0.321 [0, 14.496158, 0, 0, 0, 0, 1] 
0.322 [0, 14.493009, 0, 0, 0, 0, 1] 
0.323 [0, 14.489851, 0, 0, 0, 0, 1] 
0.324 [0, 14.486682, 0, 0, 0, 0, 1] 
0.325 [0, 14.483504, 0, 0, 0, 0, 1] 
0.326 [0, 14.480315, 0, 0, 0, 0, 1] 
0.327 [0, 14.477117, 0, 0, 0, 0, 1] 
0.328 [0, 14.473909, 0, 0, 0, 0, 1] 
0.329 [0, 14.470692, 0, 0, 0, 0, 1] 
0.33 [0, 14.467464, 0, 0, 0, 0, 1] 
0.331 [0, 14.464227, 0, 0, 0, 0, 1] 
0.332 [0, 14.46098, 0, 0, 0, 0, 1] 
0.333 [0, 14.457723, 0, 0, 0, 0, 1] 
0.334 [0, 14.454456, 0, 0, 0, 0, 1] 
0.335 [0, 14.45118, 0, 0, 0, 0, 1] 
0.336 [0, 14.447893, 0, 0, 0, 0, 1] 
0.337 [0, 14.444597, 0, 0, 0, 0, 1] 
0.338 [0, 14.441291, 0, 0, 0, 0, 1] 
0.339 [0, 14.437975, 0, 0, 0, 0, 1] 
0.34 [0, 14.43465, 0, 0, 0, 0, 1] 
0.341 [0, 14.431314, 0, 0, 0, 0, 1] 
0.342 [0, 14.427969, 0, 0, 0, 0, 1] 
0.343 [0, 14.424614, 0, 0, 0, 0, 1] 
0.344 [0, 14.421249, 0, 0, 0, 0, 1] 
0.345 [0, 14.417875, 0, 0, 0, 0, 1] 
0.346 [0, 14.41449, 0, 0, 0, 0, 1] 
0.347 [0, 14.411096, 0, 0, 0, 0, 1] 
0.348 [0, 14.407692, 0, 0, 0, 0, 1] 
0.349 [0, 14.404278, 0, 0, 0, 0, 1] 
0.35 [0, 14.400854, 0, 0, 0, 0, 1] 
0.351 [0, 14.397421, 0, 0, 0, 0, 1] 
0.352 [0, 14.393977, 0, 0, 0, 0, 1] 
0.353 [0, 14.390524, 0, 0, 0, 0, 1] 
0.354 [0, 14.387061, 0, 0, 0, 0, 1] 
0.355 [0, 14.383589, 0, 0, 0, 0, 1] 
0.356 [0, 14.380106, 0, 0, 0, 0, 1] 
0.357 [0, 14.376614, 0, 0, 0, 0, 1] 
0.358 [0, 14.373112, 0, 0, 0, 0, 1] 
0.359 [0, 14.3696, 0, 0, 0, 0, 1] 
0.36 [0, 14.366078, 0, 0, 0, 0, 1] 
0.361 [0, 14.362546, 0, 0, 0, 0, 1] 
0.362 [0, 14.359005, 0, 0, 0, 0, 1] 
0.363 [0, 14.355454, 0, 0, 0, 0, 1] 
0.364 [0, 14.351893, 0, 0, 0, 0, 1] 
0.365 [0, 14.348322, 0, 0, 0, 0, 1] 
0.366 [0, 14.344741, 0, 0, 0, 0, 1] 
0.367 [0, 14.341151, 0, 0, 0, 0, 1] 
0.368 [0, 14.33755, 0, 0, 0, 0, 1] 
0.369 [0, 14.33394, 0, 0, 0, 0, 1] 
0.37 [0, 14.33032, 0, 0, 0, 0, 1] 
0.371 [0, 14.326691, 0, 0, 0, 0, 1] 
0.372 [0, 14.323051, 0, 0, 0, 0, 1] 
0.373 [0, 14.319402, 0, 0, 0, 0, 1] 
0.374 [0, 14.315743, 0, 0, 0, 0, 1] 
0.375 [0, 14.312074, 0, 0, 0, 0, 1] 
0.376 [0, 14.308395, 0, 0, 0, 0, 1] 
0.377 [0, 14.304706, 0, 0, 0, 0, 1] 
0.378 [0, 14.301008, 0, 0, 0, 0, 1] 
0.379 [0, 14.2973, 0, 0, 0, 0, 1] 
0.38 [0, 14.293582, 0, 0, 0, 0, 1] 
0.381 [0, 14.289854, 0, 0, 0, 0, 1] 
0.382 [0, 14.286116, 0, 0, 0, 0, 1] 
0.383 [0, 14.282369, 0, 0, 0, 0, 1] 
0.384 [0, 14.278612, 0, 0, 0, 0, 1] 
0.385 [0, 14.274845, 0, 0, 0, 0, 1] 
0.386 [0, 14.271068, 0, 0, 0, 0, 1] 
0.387 [0, 14.267281, 0, 0, 0, 0, 1] 
0.388 [0, 14.263485, 0, 0, 0, 0, 1] 
0.389 [0, 14.259679, 0, 0, 0, 0, 1] 
0.39 [0, 14.255862, 0, 0, 0, 0, 1] 
0.391 [0, 14.252037, 0, 0, 0, 0, 1] 
0.392 [0, 14.248201, 0, 0, 0, 0, 1] 
0.393 [0, 14.244355, 0, 0, 0, 0, 1] 
0.394 [0, 14.2405, 0, 0, 0, 0, 1] 
0.395 [0, 14.236635, 0, 0, 0, 0, 1] 
0.396 [0, 14.23276, 0, 0, 0, 0, 1] 
0.397 [0, 14.228875, 0, 0, 0, 0, 1] 
0.398 [0, 14.224981, 0, 0, 0, 0, 1] 
0.399 [0, 14.221076, 0, 0, 0, 0, 1] 
0.4 [0, 14.217162, 0, 0, 0, 0, 1] 
0.401 [0, 14.213238, 0, 0, 0, 0, 1] 
0.402 [0, 14.209304, 0, 0, 0, 0, 1] 
0.403 [0, 14.205361, 0, 0, 0, 0, 1] 
0.404 [0, 14.201407, 0, 0, 0, 0, 1] 
0.405 [0, 14.197444, 0, 0, 0, 0, 1] 
0.406 [0, 14.193471, 0, 0, 0, 0, 1] 
0.407 [0, 14.189488, 0, 0, 0, 0, 1] 
0.408 [0, 14.185495, 0, 0, 0, 0, 1] 
0.409 [0, 14.181493, 0, 0, 0, 0, 1] 
0.41 [0, 14.177481, 0, 0, 0, 0, 1] 
0.411 [0, 14.173458, 0, 0, 0, 0, 1] 
0.412 [0, 14.169427, 0, 0, 0, 0, 1] 
0.413 [0, 14.165385, 0, 0, 0, 0, 1] 
0.414 [0, 14.161333, 0, 0, 0, 0, 1] 
0.415 [0, 14.157272, 0, 0, 0, 0, 1] 
0.416 [0, 14.153201, 0, 0, 0, 0, 1] 
0.417 [0, 14.14912, 0, 0, 0, 0, 1] 
0.418 [0, 14.145029, 0, 0, 0, 0, 1] 
0.419 [0, 14.140928, 0, 0, 0, 0, 1] 
0.42 [0, 14.136818, 0, 0, 0, 0, 1] 
0.421 [0, 14.132698, 0, 0, 0, 0, 1] 
0.422 [0, 14.128568, 0, 0, 0, 0, 1] 
0.423 [0, 14.124428, 0, 0, 0, 0, 1] 
0.424 [0, 14.120278, 0, 0, 0, 0, 1] 
0.425 [0, 14.116119, 0, 0, 0, 0, 1] 
0.426 [0, 14.11195, 0, 0, 0, 0, 1] 
0.427 [0, 14.107771, 0, 0, 0, 0, 1] 
0.428 [0, 14.103582, 0, 0, 0, 0, 1] 
0.429 [0, 14.099383, 0, 0, 0, 0, 1] 
0.43 [0, 14.095175, 0, 0, 0, 0, 1] 
0.431 [0, 14.090956, 0, 0, 0, 0, 1] 
0.432 [0, 14.086728, 0, 0, 0, 0, 1] 
0.433 [0, 14.08249, 0, 0, 0, 0, 1] 
0.434 [0, 14.078243, 0, 0, 0, 0, 1] 
0.435 [0, 14.073985, 0, 0, 0, 0, 1] 
0.436 [0, 14.069718, 0, 0, 0, 0, 1] 
0.437 [0, 14.065441, 0, 0, 0, 0, 1] 
0.438 [0, 14.061154, 0, 0, 0, 0, 1] 
0.439 [0, 14.056857, 0, 0, 0, 0, 1] 
0.44 [0, 14.05255, 0, 0, 0, 0, 1] 
0.441 [0, 14.048234, 0, 0, 0, 0, 1] 
0.442 [0, 14.043908, 0, 0, 0, 0, 1] 
0.443 [0, 14.039572, 0, 0, 0, 0, 1] 
0.444 [0, 14.035226, 0, 0, 0, 0, 1] 
0.445 [0, 14.03087, 0, 0, 0, 0, 1] 
0.446 [0, 14.026505, 0, 0, 0, 0, 1] 
0.447 [0, 14.022129, 0, 0, 0, 0, 1] 
0.448 [0, 14.017744, 0, 0, 0, 0, 1] 
0.449 [0, 14.013349, 0, 0, 0, 0, 1] 
0.45 [0, 14.008945, 0, 0, 0, 0, 1] 
0.451 [0, 14.00453, 0, 0, 0, 0, 1] 
0.452 [0, 14.000106, 0, 0, 0, 0, 1] 
0.453 [0, 13.995672, 0, 0, 0, 0, 1] 
0.454 [0, 13.991228, 0, 0, 0, 0, 1] 
0.455 [0, 13.986774, 0, 0, 0, 0, 1] 
0.456 [0, 13.982311, 0, 0, 0, 0, 1] 
0.457 [0, 13.977837, 0, 0, 0, 0, 1] 
0.458 [0, 13.973354, 0, 0, 0, 0, 1] 
0.459 [0, 13.968861, 0, 0, 0, 0, 1] 
0.46 [0, 13.964358, 0, 0, 0, 0, 1] 
0.461 [0, 13.959846, 0, 0, 0, 0, 1] 
0.462 [0, 13.955323, 0, 0, 0, 0, 1] 
0.463 [0, 13.950791, 0, 0, 0, 0, 1] 
0.464 [0, 13.946249, 0, 0, 0, 0, 1] 
0.465 [0, 13.941697, 0, 0, 0, 0, 1] 
0.466 [0, 13.937136, 0, 0, 0, 0, 1] 
0.467 [0, 13.932564, 0, 0, 0, 0, 1] 
0.468 [0, 13.927983, 0, 0, 0, 0, 1] 
0.469 [0, 13.923392, 0, 0, 0, 0, 1] 
0.47 [0, 13.918791, 0, 0, 0, 0, 1] 
0.471 [0, 13.91418, 0, 0, 0, 0, 1] 
0.472 [0, 13.90956, 0, 0, 0, 0, 1] 
0.473 [0, 13.904929, 0, 0, 0, 0, 1] 
0.474 [0, 13.900289, 0, 0, 0, 0, 1] 
0.475 [0, 13.895639, 0, 0, 0, 0, 1] 
0.476 [0, 13.89098, 0, 0, 0, 0, 1] 
0.477 [0, 13.88631, 0, 0, 0, 0, 1] 
0.478 [0, 13.881631, 0, 0, 0, 0, 1] 
0.479 [0, 13.876941, 0, 0, 0, 0, 1] 
0.48 [0, 13.872242, 0, 0, 0, 0, 1] 
0.481 [0, 13.867534, 0, 0, 0, 0, 1] 
0.482 [0, 13.862815, 0, 0, 0, 0, 1] 
0.483 [0, 13.858087, 0, 0, 0, 0, 1] 
0.484 [0, 13.853348, 0, 0, 0, 0, 1] 
0.485 [0, 13.8486, 0, 0, 0, 0, 1] 
0.486 [0, 13.843842, 0, 0, 0, 0, 1] 
0.487 [0, 13.839075, 0, 0, 0, 0, 1] 
0.488 [0, 13.834297, 0, 0, 0, 0, 1] 
0.489 [0, 13.82951, 0, 0, 0, 0, 1] 
0.49 [0, 13.824713, 0, 0, 0, 0, 1] 
0.491 [0, 13.819906, 0, 0, 0, 0, 1] 
0.492 [0, 13.815089, 0, 0, 0, 0, 1] 
0.493 [0, 13.810263, 0, 0, 0, 0, 1] 
0.494 [0, 13.805426, 0, 0, 0, 0, 1] 
0.495 [0, 13.80058, 0, 0, 0, 0, 1] 
0.496 [0, 13.795724, 0, 0, 0, 0, 1] 
0.497 [0, 13.790859, 0, 0, 0, 0, 1] 
0.498 [0, 13.785983, 0, 0, 0, 0, 1] 
0.499 [0, 13.781098, 0, 0, 0, 0, 1] 
0.5 [0, 13.776203, 0, 0, 0, 0, 1] 
0.501 [0, 13.771298, 0, 0, 0, 0, 1] 
0.502 [0, 13.766383, 0, 0, 0, 0, 1] 
0.503 [0, 13.761458, 0, 0, 0, 0, 1] 
0.504 [0, 13.756524, 0, 0, 0, 0, 1] 
0.505 [0, 13.751579, 0, 0, 0, 0, 1] 
0.506 [0, 13.746625, 0, 0, 0, 0, 1] 
0.507 [0, 13.741661, 0, 0, 0, 0, 1] 
0.508 [0, 13.736688, 0, 0, 0, 0, 1] 
0.509 [0, 13.731704, 0, 0, 0, 0, 1] 
0.51 [0, 13.726711, 0, 0, 0, 0, 1] 
0.511 [0, 13.721708, 0, 0, 0, 0, 1] 
0.512 [0, 13.716695, 0, 0, 0, 0, 1] 
0.513 [0, 13.711672, 0, 0, 0, 0, 1] 
0.514 [0, 13.70664, 0, 0, 0, 0, 1] 
0.515 [0, 13.701597, 0, 0, 0, 0, 1] 
0.516 [0, 13.696545, 0, 0, 0, 0, 1] 
0.517 [0, 13.691483, 0, 0, 0, 0, 1] 
0.518 [0, 13.686412, 0, 0, 0, 0, 1] 
0.519 [0, 13.68133, 0, 0, 0, 0, 1] 
0.52 [0, 13.676239, 0, 0, 0, 0, 1] 
0.521 [0, 13.671137, 0, 0, 0, 0, 1] 
0.522 [0, 13.666026, 0, 0, 0, 0, 1] 
0.523 [0, 13.660906, 0, 0, 0, 0, 1] 
0.524 [0, 13.655775, 0, 0, 0, 0, 1] 
0.525 [0, 13.650635, 0, 0, 0, 0, 1] 
0.526 [0, 13.645484, 0, 0, 0, 0, 1] 
0.527 [0, 13.640324, 0, 0, 0, 0, 1] 
0.528 [0, 13.635154, 0, 0, 0, 0, 1] 
0.529 [0, 13.629975, 0, 0, 0, 0, 1] 
0.53 [0, 13.624785, 0, 0, 0, 0, 1] 
0.531 [0, 13.619586, 0, 0, 0, 0, 1] 
0.532 [0, 13.614377, 0, 0, 0, 0, 1] 
0.533 [0, 13.609158, 0, 0, 0, 0, 1] 
0.534 [0, 13.603929, 0, 0, 0, 0, 1] 
0.535 [0, 13.598691, 0, 0, 0, 0, 1] 
0.536 [0, 13.593442, 0, 0, 0, 0, 1] 
0.537 [0, 13.588184, 0, 0, 0, 0, 1] 
0.538 [0, 13.582916, 0, 0, 0, 0, 1] 
0.539 [0, 13.577638, 0, 0, 0, 0, 1] 
0.54 [0, 13.572351, 0, 0, 0, 0, 1] 
0.541 [0, 13.567053, 0, 0, 0, 0, 1] 
0.542 [0, 13.561746, 0, 0, 0, 0, 1] 
0.543 [0, 13.556429, 0, 0, 0, 0, 1] 
0.544 [0, 13.551102, 0, 0, 0, 0, 1] 
0.545 [0, 13.545766, 0, 0, 0, 0, 1] 
0.546 [0, 13.540419, 0, 0, 0, 0, 1] 
0.547 [0, 13.535063, 0, 0, 0, 0, 1] 
0.548 [0, 13.529697, 0, 0, 0, 0, 1] 
0.549 [0, 13.524321, 0, 0, 0, 0, 1] 
0.55 [0, 13.518935, 0, 0, 0, 0, 1] 
0.551 [0, 13.51354, 0, 0, 0, 0, 1] 
0.552 [0, 13.508134, 0, 0, 0, 0, 1] 
0.553 [0, 13.502719, 0, 0, 0, 0, 1] 
0.554 [0, 13.497294, 0, 0, 0, 0, 1] 
0.555 [0, 13.49186, 0, 0, 0, 0, 1] 
0.556 [0, 13.486415, 0, 0, 0, 0, 1] 
0.557 [0, 13.480961, 0, 0, 0, 0, 1] 
0.558 [0, 13.475497, 0, 0, 0, 0, 1] 
0.559 [0, 13.470023, 0, 0, 0, 0, 1] 
0.56 [0, 13.464539, 0, 0, 0, 0, 1] 
0.561 [0, 13.459045, 0, 0, 0, 0, 1] 
0.562 [0, 13.453542, 0, 0, 0, 0, 1] 
0.563 [0, 13.448029, 0, 0, 0, 0, 1] 
0.564 [0, 13.442506, 0, 0, 0, 0, 1] 
0.565 [0, 13.436973, 0, 0, 0, 0, 1] 
0.566 [0, 13.43143, 0, 0, 0, 0, 1] 
0.567 [0, 13.425878, 0, 0, 0, 0, 1] 
0.568 [0, 13.420315, 0, 0, 0, 0, 1] 
0.569 [0, 13.414743, 0, 0, 0, 0, 1] 
0.57 [0, 13.409161, 0, 0, 0, 0, 1] 
0.571 [0, 13.40357, 0, 0, 0, 0, 1] 
0.572 [0, 13.397968, 0, 0, 0, 0, 1] 
0.573 [0, 13.392357, 0, 0, 0, 0, 1] 
0.574 [0, 13.386736, 0, 0, 0, 0, 1] 
0.575 [0, 13.381105, 0, 0, 0, 0, 1] 
0.576 [0, 13.375464, 0, 0, 0, 0, 1] 
0.577 [0, 13.369813, 0, 0, 0, 0, 1] 
0.578 [0, 13.364153, 0, 0, 0, 0, 1] 
0.579 [0, 13.358483, 0, 0, 0, 0, 1] 
0.58 [0, 13.352803, 0, 0, 0, 0, 1] 
0.581 [0, 13.347113, 0, 0, 0, 0, 1] 
0.582 [0, 13.341413, 0, 0, 0, 0, 1] 
0.583 [0, 13.335704, 0, 0, 0, 0, 1] 
0.584 [0, 13.329985, 0, 0, 0, 0, 1] 
0.585 [0, 13.324256, 0, 0, 0, 0, 1] 
0.586 [0, 13.318517, 0, 0, 0, 0, 1] 
0.587 [0, 13.312768, 0, 0, 0, 0, 1] 
0.588 [0, 13.30701, 0, 0, 0, 0, 1] 
0.589 [0, 13.301242, 0, 0, 0, 0, 1] 
0.59 [0, 13.295463, 0, 0, 0, 0, 1] 
0.591 [0, 13.289676, 0, 0, 0, 0, 1] 
0.592 [0, 13.283878, 0, 0, 0, 0, 1] 
0.593 [0, 13.27807, 0, 0, 0, 0, 1] 
0.594 [0, 13.272253, 0, 0, 0, 0, 1] 
0.595 [0, 13.266426, 0, 0, 0, 0, 1] 
0.596 [0, 13.260589, 0, 0, 0, 0, 1] 
0.597 [0, 13.254742, 0, 0, 0, 0, 1] 
0.598 [0, 13.248886, 0, 0, 0, 0, 1] 
0.599 [0, 13.243019, 0, 0, 0, 0, 1] 
0.6 [0, 13.237143, 0, 0, 0, 0, 1] 
0.601 [0, 13.231257, 0, 0, 0, 0, 1] 
0.602 [0, 13.225361, 0, 0, 0, 0, 1] 
0.603 [0, 13.219456, 0, 0, 0, 0, 1] 
0.604 [0, 13.21354, 0, 0, 0, 0, 1] 
0.605 [0, 13.207615, 0, 0, 0, 0, 1] 
0.606 [0, 13.20168, 0, 0, 0, 0, 1] 
0.607 [0, 13.195735, 0, 0, 0, 0, 1] 
0.608 [0, 13.18978, 0, 0, 0, 0, 1] 
0.609 [0, 13.183816, 0, 0, 0, 0, 1] 
0.61 [0, 13.177842, 0, 0, 0, 0, 1] 
0.611 [0, 13.171857, 0, 0, 0, 0, 1] 
0.612 [0, 13.165864, 0, 0, 0, 0, 1] 
0.613 [0, 13.15986, 0, 0, 0, 0, 1] 
0.614 [0, 13.153846, 0, 0, 0, 0, 1] 
0.615 [0, 13.147823, 0, 0, 0, 0, 1] 
0.616 [0, 13.14179, 0, 0, 0, 0, 1] 
0.617 [0, 13.135747, 0, 0, 0, 0, 1] 
0.618 [0, 13.129694, 0, 0, 0, 0, 1] 
0.619 [0, 13.123631, 0, 0, 0, 0, 1] 
0.62 [0, 13.117559, 0, 0, 0, 0, 1] 
0.621 [0, 13.111477, 0, 0, 0, 0, 1] 
0.622 [0, 13.105385, 0, 0, 0, 0, 1] 
0.623 [0, 13.099283, 0, 0, 0, 0, 1] 
0.624 [0, 13.093171, 0, 0, 0, 0, 1] 
0.625 [0, 13.08705, 0, 0, 0, 0, 1] 
0.626 [0, 13.080919, 0, 0, 0, 0, 1] 
0.627 [0, 13.074778, 0, 0, 0, 0, 1] 
0.628 [0, 13.068627, 0, 0, 0, 0, 1] 
0.629 [0, 13.062466, 0, 0, 0, 0, 1] 
0.63 [0, 13.056296, 0, 0, 0, 0, 1] 
0.631 [0, 13.050115, 0, 0, 0, 0, 1] 
0.632 [0, 13.043925, 0, 0, 0, 0, 1] 
0.633 [0, 13.037725, 0, 0, 0, 0, 1] 
0.634 [0, 13.031516, 0, 0, 0, 0, 1] 
0.635 [0, 13.025296, 0, 0, 0, 0, 1] 
0.636 [0, 13.019067, 0, 0, 0, 0, 1] 
0.637 [0, 13.012828, 0, 0, 0, 0, 1] 
0.638 [0, 13.006579, 0, 0, 0, 0, 1] 
0.639 [0, 13.00032, 0, 0, 0, 0, 1] 
0.64 [0, 12.994051, 0, 0, 0, 0, 1] 
0.641 [0, 12.987773, 0, 0, 0, 0, 1] 
0.642 [0, 12.981485, 0, 0, 0, 0, 1] 
0.643 [0, 12.975187, 0, 0, 0, 0, 1] 
0.644 [0, 12.968879, 0, 0, 0, 0, 1] 
0.645 [0, 12.962561, 0, 0, 0, 0, 1] 
0.646 [0, 12.956234, 0, 0, 0, 0, 1] 
0.647 [0, 12.949896, 0, 0, 0, 0, 1] 
0.648 [0, 12.943549, 0, 0, 0, 0, 1] 
0.649 [0, 12.937192, 0, 0, 0, 0, 1] 
0.65 [0, 12.930826, 0, 0, 0, 0, 1] 
0.651 [0, 12.924449, 0, 0, 0, 0, 1] 
0.652 [0, 12.918063, 0, 0, 0, 0, 1] 
0.653 [0, 12.911667, 0, 0, 0, 0, 1] 
0.654 [0, 12.905261, 0, 0, 0, 0, 1] 
0.655 [0, 12.898845, 0, 0, 0, 0, 1] 
0.656 [0, 12.89242, 0, 0, 0, 0, 1] 
0.657 [0, 12.885984, 0, 0, 0, 0, 1] 
0.658 [0, 12.879539, 0, 0, 0, 0, 1] 
0.659 [0, 12.873084, 0, 0, 0, 0, 1] 
0.66 [0, 12.866619, 0, 0, 0, 0, 1] 
0.661 [0, 12.860145, 0, 0, 0, 0, 1] 
0.662 [0, 12.85366, 0, 0, 0, 0, 1] 
0.663 [0, 12.847166, 0, 0, 0, 0, 1] 
0.664 [0, 12.840662, 0, 0, 0, 0, 1] 
0.665 [0, 12.834148, 0, 0, 0, 0, 1] 
0.666 [0, 12.827625, 0, 0, 0, 0, 1] 
0.667 [0, 12.821091, 0, 0, 0, 0, 1] 
0.668 [0, 12.814548, 0, 0, 0, 0, 1] 
0.669 [0, 12.807995, 0, 0, 0, 0, 1] 
0.67 [0, 12.801432, 0, 0, 0, 0, 1] 
0.671 [0, 12.794859, 0, 0, 0, 0, 1] 
0.672 [0, 12.788277, 0, 0, 0, 0, 1] 
0.673 [0, 12.781684, 0, 0, 0, 0, 1] 
0.674 [0, 12.775082, 0, 0, 0, 0, 1] 
0.675 [0, 12.76847, 0, 0, 0, 0, 1] 
0.676 [0, 12.761849, 0, 0, 0, 0, 1] 
0.677 [0, 12.755217, 0, 0, 0, 0, 1] 
0.678 [0, 12.748576, 0, 0, 0, 0, 1] 
0.679 [0, 12.741924, 0, 0, 0, 0, 1] 
0.68 [0, 12.735263, 0, 0, 0, 0, 1] 
0.681 [0, 12.728593, 0, 0, 0, 0, 1] 
0.682 [0, 12.721912, 0, 0, 0, 0, 1] 
0.683 [0, 12.715222, 0, 0, 0, 0, 1] 
0.684 [0, 12.708521, 0, 0, 0, 0, 1] 
0.685 [0, 12.701811, 0, 0, 0, 0, 1] 
0.686 [0, 12.695091, 0, 0, 0, 0, 1] 
0.687 [0, 12.688362, 0, 0, 0, 0, 1] 
0.688 [0, 12.681622, 0, 0, 0, 0, 1] 
0.689 [0, 12.674873, 0, 0, 0, 0, 1] 
0.69 [0, 12.668114, 0, 0, 0, 0, 1] 
0.691 [0, 12.661345, 0, 0, 0, 0, 1] 
0.692 [0, 12.654566, 0, 0, 0, 0, 1] 
0.693 [0, 12.647778, 0, 0, 0, 0, 1] 
0.694 [0, 12.640979, 0, 0, 0, 0, 1] 
0.695 [0, 12.634171, 0, 0, 0, 0, 1] 
0.696 [0, 12.627353, 0, 0, 0, 0, 1] 
0.697 [0, 12.620526, 0, 0, 0, 0, 1] 
0.698 [0, 12.613688, 0, 0, 0, 0, 1] 
0.699 [0, 12.606841, 0, 0, 0, 0, 1] 
0.7 [0, 12.599984, 0, 0, 0, 0, 1] 
0.701 [0, 12.593117, 0, 0, 0, 0, 1] 
0.702 [0, 12.58624, 0, 0, 0, 0, 1] 
0.703 [0, 12.579353, 0, 0, 0, 0, 1] 
0.704 [0, 12.572457, 0, 0, 0, 0, 1] 
0.705 [0, 12.56555, 0, 0, 0, 0, 1] 
0.706 [0, 12.558634, 0, 0, 0, 0, 1] 
0.707 [0, 12.551708, 0, 0, 0, 0, 1] 
0.708 [0, 12.544773, 0, 0, 0, 0, 1] 
0.709 [0, 12.537827, 0, 0, 0, 0, 1] 
0.71 [0, 12.530872, 0, 0, 0, 0, 1] 
0.711 [0, 12.523907, 0, 0, 0, 0, 1] 
0.712 [0, 12.516932, 0, 0, 0, 0, 1] 
0.713 [0, 12.509947, 0, 0, 0, 0, 1] 
0.714 [0, 12.502953, 0, 0, 0, 0, 1] 
0.715 [0, 12.495948, 0, 0, 0, 0, 1] 
0.716 [0, 12.488934, 0, 0, 0, 0, 1] 
0.717 [0, 12.48191, 0, 0, 0, 0, 1] 
0.718 [0, 12.474877, 0, 0, 0, 0, 1] 
0.719 [0, 12.467833, 0, 0, 0, 0, 1] 
0.72 [0, 12.46078, 0, 0, 0, 0, 1] 
0.721 [0, 12.453716, 0, 0, 0, 0, 1] 
0.722 [0, 12.446643, 0, 0, 0, 0, 1] 
0.723 [0, 12.439561, 0, 0, 0, 0, 1] 
0.724 [0, 12.432468, 0, 0, 0, 0, 1] 
0.725 [0, 12.425366, 0, 0, 0, 0, 1] 
0.726 [0, 12.418253, 0, 0, 0, 0, 1] 
0.727 [0, 12.411131, 0, 0, 0, 0, 1] 
0.728 [0, 12.403999, 0, 0, 0, 0, 1] 
0.729 [0, 12.396858, 0, 0, 0, 0, 1] 
0.73 [0, 12.389706, 0, 0, 0, 0, 1] 
0.731 [0, 12.382545, 0, 0, 0, 0, 1] 
0.732 [0, 12.375374, 0, 0, 0, 0, 1] 
0.733 [0, 12.368193, 0, 0, 0, 0, 1] 
0.734 [0, 12.361002, 0, 0, 0, 0, 1] 
0.735 [0, 12.353802, 0, 0, 0, 0, 1] 
0.736 [0, 12.346591, 0, 0, 0, 0, 1] 
0.737 [0, 12.339371, 0, 0, 0, 0, 1] 
0.738 [0, 12.332141, 0, 0, 0, 0, 1] 
0.739 [0, 12.324901, 0, 0, 0, 0, 1] 
0.74 [0, 12.317652, 0, 0, 0, 0, 1] 
0.741 [0, 12.310392, 0, 0, 0, 0, 1] 
0.742 [0, 12.303123, 0, 0, 0, 0, 1] 
0.743 [0, 12.295844, 0, 0, 0, 0, 1] 
0.744 [0, 12.288555, 0, 0, 0, 0, 1] 
0.745 [0, 12.281257, 0, 0, 0, 0, 1] 
0.746 [0, 12.273948, 0, 0, 0, 0, 1] 
0.747 [0, 12.26663, 0, 0, 0, 0, 1] 
0.748 [0, 12.259302, 0, 0, 0, 0, 1] 
0.749 [0, 12.251964, 0, 0, 0, 0, 1] 
0.75 [0, 12.244616, 0, 0, 0, 0, 1] 
0.751 [0, 12.237259, 0, 0, 0, 0, 1] 
0.752 [0, 12.229891, 0, 0, 0, 0, 1] 
0.753 [0, 12.222514, 0, 0, 0, 0, 1] 
0.754 [0, 12.215127, 0, 0, 0, 0, 1] 
0.755 [0, 12.207731, 0, 0, 0, 0, 1] 
0.756 [0, 12.200324, 0, 0, 0, 0, 1] 
0.757 [0, 12.192908, 0, 0, 0, 0, 1] 
0.758 [0, 12.185482, 0, 0, 0, 0, 1] 
0.759 [0, 12.178046, 0, 0, 0, 0, 1] 
0.76 [0, 12.1706, 0, 0, 0, 0, 1] 
0.761 [0, 12.163144, 0, 0, 0, 0, 1] 
0.762 [0, 12.155679, 0, 0, 0, 0, 1] 
0.763 [0, 12.148204, 0, 0, 0, 0, 1] 
0.764 [0, 12.140719, 0, 0, 0, 0, 1] 
0.765 [0, 12.133224, 0, 0, 0, 0, 1] 
0.766 [0, 12.125719, 0, 0, 0, 0, 1] 
0.767 [0, 12.118205, 0, 0, 0, 0, 1] 
0.768 [0, 12.11068, 0, 0, 0, 0, 1] 
0.769 [0, 12.103146, 0, 0, 0, 0, 1] 
0.77 [0, 12.095602, 0, 0, 0, 0, 1] 
0.771 [0, 12.088049, 0, 0, 0, 0, 1] 
0.772 [0, 12.080485, 0, 0, 0, 0, 1] 
0.773 [0, 12.072912, 0, 0, 0, 0, 1] 
0.774 [0, 12.065329, 0, 0, 0, 0, 1] 
0.775 [0, 12.057736, 0, 0, 0, 0, 1] 
0.776 [0, 12.050133, 0, 0, 0, 0, 1] 
0.777 [0, 12.04252, 0, 0, 0, 0, 1] 
0.778 [0, 12.034898, 0, 0, 0, 0, 1] 
0.779 [0, 12.027266, 0, 0, 0, 0, 1] 
0.78 [0, 12.019624, 0, 0, 0, 0, 1] 
0.781 [0, 12.011972, 0, 0, 0, 0, 1] 
0.782 [0, 12.00431, 0, 0, 0, 0, 1] 
0.783 [0, 11.996639, 0, 0, 0, 0, 1] 
0.784 [0, 11.988958, 0, 0, 0, 0, 1] 
0.785 [0, 11.981267, 0, 0, 0, 0, 1] 
0.786 [0, 11.973566, 0, 0, 0, 0, 1] 
0.787 [0, 11.965855, 0, 0, 0, 0, 1] 
0.788 [0, 11.958135, 0, 0, 0, 0, 1] 
0.789 [0, 11.950405, 0, 0, 0, 0, 1] 
0.79 [0, 11.942664, 0, 0, 0, 0, 1] 
0.791 [0, 11.934915, 0, 0, 0, 0, 1] 
0.792 [0, 11.927155, 0, 0, 0, 0, 1] 
0.793 [0, 11.919385, 0, 0, 0, 0, 1] 
0.794 [0, 11.911606, 0, 0, 0, 0, 1] 
0.795 [0, 11.903817, 0, 0, 0, 0, 1] 
0.796 [0, 11.896018, 0, 0, 0, 0, 1] 
0.797 [0, 11.888209, 0, 0, 0, 0, 1] 
0.798 [0, 11.880391, 0, 0, 0, 0, 1] 
0.799 [0, 11.872562, 0, 0, 0, 0, 1] 
0.8 [0, 11.864724, 0, 0, 0, 0, 1] 
0.801 [0, 11.856876, 0, 0, 0, 0, 1] 
0.802 [0, 11.849018, 0, 0, 0, 0, 1] 
0.803 [0, 11.841151, 0, 0, 0, 0, 1] 
0.804 [0, 11.833273, 0, 0, 0, 0, 1] 
0.805 [0, 11.825386, 0, 0, 0, 0, 1] 
0.806 [0, 11.817489, 0, 0, 0, 0, 1] 
0.807 [0, 11.809582, 0, 0, 0, 0, 1] 
0.808 [0, 11.801665, 0, 0, 0, 0, 1] 
0.809 [0, 11.793739, 0, 0, 0, 0, 1] 
0.81 [0, 11.785803, 0, 0, 0, 0, 1] 
0.811 [0, 11.777856, 0, 0, 0, 0, 1] 
0.812 [0, 11.769901, 0, 0, 0, 0, 1] 
0.813 [0, 11.761935, 0, 0, 0, 0, 1] 
0.814 [0, 11.753959, 0, 0, 0, 0, 1] 
0.815 [0, 11.745974, 0, 0, 0, 0, 1] 
0.816 [0, 11.737979, 0, 0, 0, 0, 1] 
0.817 [0, 11.729974, 0, 0, 0, 0, 1] 
0.818 [0, 11.721959, 0, 0, 0, 0, 1] 
0.819 [0, 11.713934, 0, 0, 0, 0, 1] 
0.82 [0, 11.7059, 0, 0, 0, 0, 1] 
0.821 [0, 11.697856, 0, 0, 0, 0, 1] 
0.822 [0, 11.689802, 0, 0, 0, 0, 1] 
0.823 [0, 11.681738, 0, 0, 0, 0, 1] 
0.824 [0, 11.673664, 0, 0, 0, 0, 1] 
0.825 [0, 11.665581, 0, 0, 0, 0, 1] 
0.826 [0, 11.657488, 0, 0, 0, 0, 1] 
0.827 [0, 11.649385, 0, 0, 0, 0, 1] 
0.828 [0, 11.641272, 0, 0, 0, 0, 1] 
0.829 [0, 11.633149, 0, 0, 0, 0, 1] 
0.83 [0, 11.625017, 0, 0, 0, 0, 1] 
0.831 [0, 11.616874, 0, 0, 0, 0, 1] 
0.832 [0, 11.608722, 0, 0, 0, 0, 1] 
0.833 [0, 11.60056, 0, 0, 0, 0, 1] 
0.834 [0, 11.592389, 0, 0, 0, 0, 1] 
0.835 [0, 11.584207, 0, 0, 0, 0, 1] 
0.836 [0, 11.576016, 0, 0, 0, 0, 1] 
0.837 [0, 11.567815, 0, 0, 0, 0, 1] 
0.838 [0, 11.559604, 0, 0, 0, 0, 1] 
0.839 [0, 11.551383, 0, 0, 0, 0, 1] 
0.84 [0, 11.543152, 0, 0, 0, 0, 1] 
0.841 [0, 11.534912, 0, 0, 0, 0, 1] 
0.842 [0, 11.526662, 0, 0, 0, 0, 1] 
0.843 [0, 11.518402, 0, 0, 0, 0, 1] 
0.844 [0, 11.510132, 0, 0, 0, 0, 1] 
0.845 [0, 11.501852, 0, 0, 0, 0, 1] 
0.846 [0, 11.493563, 0, 0, 0, 0, 1] 
0.847 [0, 11.485263, 0, 0, 0, 0, 1] 
0.848 [0, 11.476954, 0, 0, 0, 0, 1] 
0.849 [0, 11.468635, 0, 0, 0, 0, 1] 
0.85 [0, 11.460307, 0, 0, 0, 0, 1] 
0.851 [0, 11.451968, 0, 0, 0, 0, 1] 
0.852 [0, 11.44362, 0, 0, 0, 0, 1] 
0.853 [0, 11.435262, 0, 0, 0, 0, 1] 
0.854 [0, 11.426894, 0, 0, 0, 0, 1] 
0.855 [0, 11.418516, 0, 0, 0, 0, 1] 
0.856 [0, 11.410129, 0, 0, 0, 0, 1] 
0.857 [0, 11.401731, 0, 0, 0, 0, 1] 
0.858 [0, 11.393324, 0, 0, 0, 0, 1] 
0.859 [0, 11.384907, 0, 0, 0, 0, 1] 
0.86 [0, 11.37648, 0, 0, 0, 0, 1] 
0.861 [0, 11.368044, 0, 0, 0, 0, 1] 
0.862 [0, 11.359597, 0, 0, 0, 0, 1] 
0.863 [0, 11.351141, 0, 0, 0, 0, 1] 
0.864 [0, 11.342675, 0, 0, 0, 0, 1] 
0.865 [0, 11.334199, 0, 0, 0, 0, 1] 
0.866 [0, 11.325714, 0, 0, 0, 0, 1] 
0.867 [0, 11.317218, 0, 0, 0, 0, 1] 
0.868 [0, 11.308713, 0, 0, 0, 0, 1] 
0.869 [0, 11.300198, 0, 0, 0, 0, 1] 
0.87 [0, 11.291673, 0, 0, 0, 0, 1] 
0.871 [0, 11.283138, 0, 0, 0, 0, 1] 
0.872 [0, 11.274594, 0, 0, 0, 0, 1] 
0.873 [0, 11.266039, 0, 0, 0, 0, 1] 
0.874 [0, 11.257475, 0, 0, 0, 0, 1] 
0.875 [0, 11.248901, 0, 0, 0, 0, 1] 
0.876 [0, 11.240318, 0, 0, 0, 0, 1] 
0.877 [0, 11.231724, 0, 0, 0, 0, 1] 
0.878 [0, 11.223121, 0, 0, 0, 0, 1] 
0.879 [0, 11.214507, 0, 0, 0, 0, 1] 
0.88 [0, 11.205884, 0, 0, 0, 0, 1] 
0.881 [0, 11.197252, 0, 0, 0, 0, 1] 
0.882 [0, 11.188609, 0, 0, 0, 0, 1] 
0.883 [0, 11.179957, 0, 0, 0, 0, 1] 
0.884 [0, 11.171294, 0, 0, 0, 0, 1] 
0.885 [0, 11.162622, 0, 0, 0, 0, 1] 
0.886 [0, 11.15394, 0, 0, 0, 0, 1] 
0.887 [0, 11.145249, 0, 0, 0, 0, 1] 
0.888 [0, 11.136547, 0, 0, 0, 0, 1] 
0.889 [0, 11.127836, 0, 0, 0, 0, 1] 
0.89 [0, 11.119115, 0, 0, 0, 0, 1] 
0.891 [0, 11.110384, 0, 0, 0, 0, 1] 
0.892 [0, 11.101643, 0, 0, 0, 0, 1] 
0.893 [0, 11.092893, 0, 0, 0, 0, 1] 
0.894 [0, 11.084132, 0, 0, 0, 0, 1] 
0.895 [0, 11.075362, 0, 0, 0, 0, 1] 
0.896 [0, 11.066582, 0, 0, 0, 0, 1] 
0.897 [0, 11.057793, 0, 0, 0, 0, 1] 
0.898 [0, 11.048993, 0, 0, 0, 0, 1] 
0.899 [0, 11.040184, 0, 0, 0, 0, 1] 
0.9 [0, 11.031365, 0, 0, 0, 0, 1] 
0.901 [0, 11.022536, 0, 0, 0, 0, 1] 
0.902 [0, 11.013697, 0, 0, 0, 0, 1] 
0.903 [0, 11.004848, 0, 0, 0, 0, 1] 
0.904 [0, 10.99599, 0, 0, 0, 0, 1] 
0.905 [0, 10.987121, 0, 0, 0, 0, 1] 
0.906 [0, 10.978243, 0, 0, 0, 0, 1] 
0.907 [0, 10.969355, 0, 0, 0, 0, 1] 
0.908 [0, 10.960458, 0, 0, 0, 0, 1] 
0.909 [0, 10.95155, 0, 0, 0, 0, 1] 
0.91 [0, 10.942633, 0, 0, 0, 0, 1] 
0.911 [0, 10.933706, 0, 0, 0, 0, 1] 
0.912 [0, 10.924769, 0, 0, 0, 0, 1] 
0.913 [0, 10.915822, 0, 0, 0, 0, 1] 
0.914 [0, 10.906866, 0, 0, 0, 0, 1] 
0.915 [0, 10.897899, 0, 0, 0, 0, 1] 
0.916 [0, 10.888923, 0, 0, 0, 0, 1] 
0.917 [0, 10.879937, 0, 0, 0, 0, 1] 
0.918 [0, 10.870942, 0, 0, 0, 0, 1] 
0.919 [0, 10.861936, 0, 0, 0, 0, 1] 
0.92 [0, 10.852921, 0, 0, 0, 0, 1] 
0.921 [0, 10.843895, 0, 0, 0, 0, 1] 
0.922 [0, 10.83486, 0, 0, 0, 0, 1] 
0.923 [0, 10.825816, 0, 0, 0, 0, 1] 
0.924 [0, 10.816761, 0, 0, 0, 0, 1] 
0.925 [0, 10.807697, 0, 0, 0, 0, 1] 
0.926 [0, 10.798622, 0, 0, 0, 0, 1] 
0.927 [0, 10.789538, 0, 0, 0, 0, 1] 
0.928 [0, 10.780444, 0, 0, 0, 0, 1] 
0.929 [0, 10.771341, 0, 0, 0, 0, 1] 
0.93 [0, 10.762227, 0, 0, 0, 0, 1] 
0.931 [0, 10.753104, 0, 0, 0, 0, 1] 
0.932 [0, 10.743971, 0, 0, 0, 0, 1] 
0.933 [0, 10.734828, 0, 0, 0, 0, 1] 
0.934 [0, 10.725675, 0, 0, 0, 0, 1] 
0.935 [0, 10.716513, 0, 0, 0, 0, 1] 
0.936 [0, 10.70734, 0, 0, 0, 0, 1] 
0.937 [0, 10.698158, 0, 0, 0, 0, 1] 
0.938 [0, 10.688966, 0, 0, 0, 0, 1] 
0.939 [0, 10.679764, 0, 0, 0, 0, 1] 
0.94 [0, 10.670553, 0, 0, 0, 0, 1] 
0.941 [0, 10.661331, 0, 0, 0, 0, 1] 
0.942 [0, 10.6521, 0, 0, 0, 0, 1] 
0.943 [0, 10.642859, 0, 0, 0, 0, 1] 
0.944 [0, 10.633608, 0, 0, 0, 0, 1] 
0.945 [0, 10.624348, 0, 0, 0, 0, 1] 
0.946 [0, 10.615077, 0, 0, 0, 0, 1] 
0.947 [0, 10.605797, 0, 0, 0, 0, 1] 
0.948 [0, 10.596507, 0, 0, 0, 0, 1] 
0.949 [0, 10.587207, 0, 0, 0, 0, 1] 
0.95 [0, 10.577897, 0, 0, 0, 0, 1] 
0.951 [0, 10.568578, 0, 0, 0, 0, 1] 
0.952 [0, 10.559248, 0, 0, 0, 0, 1] 
0.953 [0, 10.549909, 0, 0, 0, 0, 1] 
0.954 [0, 10.54056, 0, 0, 0, 0, 1] 
0.955 [0, 10.531202, 0, 0, 0, 0, 1] 
0.956 [0, 10.521833, 0, 0, 0, 0, 1] 
0.957 [0, 10.512455, 0, 0, 0, 0, 1] 
0.958 [0, 10.503067, 0, 0, 0, 0, 1] 
0.959 [0, 10.493669, 0, 0, 0, 0, 1] 
0.96 [0, 10.484261, 0, 0, 0, 0, 1] 
0.961 [0, 10.474843, 0, 0, 0, 0, 1] 
0.962 [0, 10.465416, 0, 0, 0, 0, 1] 
0.963 [0, 10.455979, 0, 0, 0, 0, 1] 
0.964 [0, 10.446532, 0, 0, 0, 0, 1] 
0.965 [0, 10.437075, 0, 0, 0, 0, 1] 
0.966 [0, 10.427608, 0, 0, 0, 0, 1] 
0.967 [0, 10.418132, 0, 0, 0, 0, 1] 
0.968 [0, 10.408645, 0, 0, 0, 0, 1] 
0.969 [0, 10.399149, 0, 0, 0, 0, 1] 
0.97 [0, 10.389643, 0, 0, 0, 0, 1] 
0.971 [0, 10.380128, 0, 0, 0, 0, 1] 
0.972 [0, 10.370602, 0, 0, 0, 0, 1] 
0.973 [0, 10.361067, 0, 0, 0, 0, 1] 
0.974 [0, 10.351522, 0, 0, 0, 0, 1] 
0.975 [0, 10.341967, 0, 0, 0, 0, 1] 
0.976 [0, 10.332402, 0, 0, 0, 0, 1] 
0.977 [0, 10.322827, 0, 0, 0, 0, 1] 
0.978 [0, 10.313243, 0, 0, 0, 0, 1] 
0.979 [0, 10.303649, 0, 0, 0, 0, 1] 
0.98 [0, 10.294045, 0, 0, 0, 0, 1] 
0.981 [0, 10.284431, 0, 0, 0, 0, 1] 
0.982 [0, 10.274807, 0, 0, 0, 0, 1] 
0.983 [0, 10.265174, 0, 0, 0, 0, 1] 
0.984 [0, 10.255531, 0, 0, 0, 0, 1] 
0.985 [0, 10.245878, 0, 0, 0, 0, 1] 
0.986 [0, 10.236215, 0, 0, 0, 0, 1] 
0.987 [0, 10.226542, 0, 0, 0, 0, 1] 
0.988 [0, 10.21686, 0, 0, 0, 0, 1] 
0.989 [0, 10.207168, 0, 0, 0, 0, 1] 
0.99 [0, 10.197465, 0, 0, 0, 0, 1] 
0.991 [0, 10.187754, 0, 0, 0, 0, 1] 
0.992 [0, 10.178032, 0, 0, 0, 0, 1] 
0.993 [0, 10.1683, 0, 0, 0, 0, 1] 
0.994 [0, 10.158559, 0, 0, 0, 0, 1] 
0.995 [0, 10.148808, 0, 0, 0, 0, 1] 
0.996 [0, 10.139047, 0, 0, 0, 0, 1] 
0.997 [0, 10.129276, 0, 0, 0, 0, 1] 
0.998 [0, 10.119496, 0, 0, 0, 0, 1] 
0.999 [0, 10.109705, 0, 0, 0, 0, 1] 
1 [0, 10.099905, 0, 0, 0, 0, 1] 
1.001 [0, 10.090095, 0, 0, 0, 0, 1] 
1.002 [0, 10.080275, 0, 0, 0, 0, 1] 
1.003 [0, 10.070446, 0, 0, 0, 0, 1] 
1.004 [0, 10.060606, 0, 0, 0, 0, 1] 
1.005 [0, 10.050757, 0, 0, 0, 0, 1] 
1.006 [0, 10.040898, 0, 0, 0, 0, 1] 
1.007 [0, 10.031029, 0, 0, 0, 0, 1] 
1.008 [0, 10.02115, 0, 0, 0, 0, 1] 
1.009 [0, 10.011262, 0, 0, 0, 0, 1] 
1.01 [0, 10.001364, 0, 0, 0, 0, 1] 
1.011 [0, 9.9914555, 0, 0, 0, 0, 1] 
1.012 [0, 9.9815375, 0, 0, 0, 0, 1] 
1.013 [0, 9.9716098, 0, 0, 0, 0, 1] 
1.014 [0, 9.9616723, 0, 0, 0, 0, 1] 
1.015 [0, 9.951725, 0, 0, 0, 0, 1] 
1.016 [0, 9.9417678, 0, 0, 0, 0, 1] 
1.017 [0, 9.9318008, 0, 0, 0, 0, 1] 
1.018 [0, 9.9218241, 0, 0, 0, 0, 1] 
1.019 [0, 9.9118375, 0, 0, 0, 0, 1] 
1.02 [0, 9.9018411, 0, 0, 0, 0, 1] 
1.021 [0, 9.8918349, 0, 0, 0, 0, 1] 
1.022 [0, 9.8818189, 0, 0, 0, 0, 1] 
1.023 [0, 9.8717931, 0, 0, 0, 0, 1] 
1.024 [0, 9.8617574, 0, 0, 0, 0, 1] 
1.025 [0, 9.851712, 0, 0, 0, 0, 1] 
1.026 [0, 9.8416568, 0, 0, 0, 0, 1] 
1.027 [0, 9.8315917, 0, 0, 0, 0, 1] 
1.028 [0, 9.8215168, 0, 0, 0, 0, 1] 
1.029 [0, 9.8114321, 0, 0, 0, 0, 1] 
1.03 [0, 9.8013377, 0, 0, 0, 0, 1] 
1.031 [0, 9.7912334, 0, 0, 0, 0, 1] 
1.032 [0, 9.7811192, 0, 0, 0, 0, 1] 
1.033 [0, 9.7709953, 0, 0, 0, 0, 1] 
1.034 [0, 9.7608616, 0, 0, 0, 0, 1] 
1.035 [0, 9.7507181, 0, 0, 0, 0, 1] 
1.036 [0, 9.7405647, 0, 0, 0, 0, 1] 
1.037 [0, 9.7304015, 0, 0, 0, 0, 1] 
1.038 [0, 9.7202286, 0, 0, 0, 0, 1] 
1.039 [0, 9.7100458, 0, 0, 0, 0, 1] 
1.04 [0, 9.6998532, 0, 0, 0, 0, 1] 
1.041 [0, 9.6896508, 0, 0, 0, 0, 1] 
1.042 [0, 9.6794386, 0, 0, 0, 0, 1] 
1.043 [0, 9.6692166, 0, 0, 0, 0, 1] 
1.044 [0, 9.6589847, 0, 0, 0, 0, 1] 
1.045 [0, 9.6487431, 0, 0, 0, 0, 1] 
1.046 [0, 9.6384917, 0, 0, 0, 0, 1] 
1.047 [0, 9.6282304, 0, 0, 0, 0, 1] 
1.048 [0, 9.6179593, 0, 0, 0, 0, 1] 
1.049 [0, 9.6076784, 0, 0, 0, 0, 1] 
1.05 [0, 9.5973878, 0, 0, 0, 0, 1] 
1.051 [0, 9.5870873, 0, 0, 0, 0, 1] 
1.052 [0, 9.5767769, 0, 0, 0, 0, 1] 
1.053 [0, 9.5664568, 0, 0, 0, 0, 1] 
1.054 [0, 9.5561269, 0, 0, 0, 0, 1] 
1.055 [0, 9.5457872, 0, 0, 0, 0, 1] 
1.056 [0, 9.5354376, 0, 0, 0, 0, 1] 
1.057 [0, 9.5250782, 0, 0, 0, 0, 1] 
1.058 [0, 9.5147091, 0, 0, 0, 0, 1] 
1.059 [0, 9.5043301, 0, 0, 0, 0, 1] 
1.06 [0, 9.4939413, 0, 0, 0, 0, 1] 
1.061 [0, 9.4835427, 0, 0, 0, 0, 1] 
1.062 [0, 9.4731343, 0, 0, 0, 0, 1] 
1.063 [0, 9.4627161, 0, 0, 0, 0, 1] 
1.064 [0, 9.452288, 0, 0, 0, 0, 1] 
1.065 [0, 9.4418502, 0, 0, 0, 0, 1] 
1.066 [0, 9.4314026, 0, 0, 0, 0, 1] 
1.067 [0, 9.4209451, 0, 0, 0, 0, 1] 
1.068 [0, 9.4104778, 0, 0, 0, 0, 1] 
1.069 [0, 9.4000007, 0, 0, 0, 0, 1] 
1.07 [0, 9.3895139, 0, 0, 0, 0, 1] 
1.071 [0, 9.3790172, 0, 0, 0, 0, 1] 
1.072 [0, 9.3685106, 0, 0, 0, 0, 1] 
1.073 [0, 9.3579943, 0, 0, 0, 0, 1] 
1.074 [0, 9.3474682, 0, 0, 0, 0, 1] 
1.075 [0, 9.3369323, 0, 0, 0, 0, 1] 
1.076 [0, 9.3263865, 0, 0, 0, 0, 1] 
1.077 [0, 9.3158309, 0, 0, 0, 0, 1] 
1.078 [0, 9.3052656, 0, 0, 0, 0, 1] 
1.079 [0, 9.2946904, 0, 0, 0, 0, 1] 
1.08 [0, 9.2841054, 0, 0, 0, 0, 1] 
1.081 [0, 9.2735106, 0, 0, 0, 0, 1] 
1.082 [0, 9.262906, 0, 0, 0, 0, 1] 
1.083 [0, 9.2522916, 0, 0, 0, 0, 1] 
1.084 [0, 9.2416673, 0, 0, 0, 0, 1] 
1.085 [0, 9.2310333, 0, 0, 0, 0, 1] 
1.086 [0, 9.2203895, 0, 0, 0, 0, 1] 
1.087 [0, 9.2097358, 0, 0, 0, 0, 1] 
1.088 [0, 9.1990723, 0, 0, 0, 0, 1] 
1.089 [0, 9.188399, 0, 0, 0, 0, 1] 
1.09 [0, 9.177716, 0, 0, 0, 0, 1] 
1.091 [0, 9.1670231, 0, 0, 0, 0, 1] 
1.092 [0, 9.1563203, 0, 0, 0, 0, 1] 
1.093 [0, 9.1456078, 0, 0, 0, 0, 1] 
1.094 [0, 9.1348855, 0, 0, 0, 0, 1] 
1.095 [0, 9.1241534, 0, 0, 0, 0, 1] 
1.096 [0, 9.1134114, 0, 0, 0, 0, 1] 
1.097 [0, 9.1026596, 0, 0, 0, 0, 1] 
1.098 [0, 9.0918981, 0, 0, 0, 0, 1] 
1.099 [0, 9.0811267, 0, 0, 0, 0, 1] 
1.1 [0, 9.0703455, 0, 0, 0, 0, 1] 
1.101 [0, 9.0595545, 0, 0, 0, 0, 1] 
1.102 [0, 9.0487537, 0, 0, 0, 0, 1] 
1.103 [0, 9.0379431, 0, 0, 0, 0, 1] 
1.104 [0, 9.0271226, 0, 0, 0, 0, 1] 
1.105 [0, 9.0162924, 0, 0, 0, 0, 1] 
1.106 [0, 9.0054524, 0, 0, 0, 0, 1] 
1.107 [0, 8.9946025, 0, 0, 0, 0, 1] 
1.108 [0, 8.9837428, 0, 0, 0, 0, 1] 
1.109 [0, 8.9728733, 0, 0, 0, 0, 1] 
1.11 [0, 8.9619941, 0, 0, 0, 0, 1] 
1.111 [0, 8.951105, 0, 0, 0, 0, 1] 
1.112 [0, 8.940206, 0, 0, 0, 0, 1] 
1.113 [0, 8.9292973, 0, 0, 0, 0, 1] 
1.114 [0, 8.9183788, 0, 0, 0, 0, 1] 
1.115 [0, 8.9074505, 0, 0, 0, 0, 1] 
1.116 [0, 8.8965123, 0, 0, 0, 0, 1] 
1.117 [0, 8.8855643, 0, 0, 0, 0, 1] 
1.118 [0, 8.8746066, 0, 0, 0, 0, 1] 
1.119 [0, 8.863639, 0, 0, 0, 0, 1] 
1.12 [0, 8.8526616, 0, 0, 0, 0, 1] 
1.121 [0, 8.8416744, 0, 0, 0, 0, 1] 
1.122 [0, 8.8306774, 0, 0, 0, 0, 1] 
1.123 [0, 8.8196706, 0, 0, 0, 0, 1] 
1.124 [0, 8.8086539, 0, 0, 0, 0, 1] 
1.125 [0, 8.7976275, 0, 0, 0, 0, 1] 
1.126 [0, 8.7865913, 0, 0, 0, 0, 1] 
1.127 [0, 8.7755452, 0, 0, 0, 0, 1] 
1.128 [0, 8.7644893, 0, 0, 0, 0, 1] 
1.129 [0, 8.7534236, 0, 0, 0, 0, 1] 
1.13 [0, 8.7423482, 0, 0, 0, 0, 1] 
1.131 [0, 8.7312629, 0, 0, 0, 0, 1] 
1.132 [0, 8.7201677, 0, 0, 0, 0, 1] 
1.133 [0, 8.7090628, 0, 0, 0, 0, 1] 
1.134 [0, 8.6979481, 0, 0, 0, 0, 1] 
1.135 [0, 8.6868236, 0, 0, 0, 0, 1] 
1.136 [0, 8.6756892, 0, 0, 0, 0, 1] 
1.137 [0, 8.664545, 0, 0, 0, 0, 1] 
1.138 [0, 8.6533911, 0, 0, 0, 0, 1] 
1.139 [0, 8.6422273, 0, 0, 0, 0, 1] 
1.14 [0, 8.6310537, 0, 0, 0, 0, 1] 
1.141 [0, 8.6198703, 0, 0, 0, 0, 1] 
1.142 [0, 8.6086771, 0, 0, 0, 0, 1] 
1.143 [0, 8.5974741, 0, 0, 0, 0, 1] 
1.144 [0, 8.5862612, 0, 0, 0, 0, 1] 
1.145 [0, 8.5750386, 0, 0, 0, 0, 1] 
1.146 [0, 8.5638062, 0, 0, 0, 0, 1] 
1.147 [0, 8.5525639, 0, 0, 0, 0, 1] 
1.148 [0, 8.5413118, 0, 0, 0, 0, 1] 
1.149 [0, 8.5300499, 0, 0, 0, 0, 1] 
1.15 [0, 8.5187783, 0, 0, 0, 0, 1] 
1.151 [0, 8.5074968, 0, 0, 0, 0, 1] 
1.152 [0, 8.4962054, 0, 0, 0, 0, 1] 
1.153 [0, 8.4849043, 0, 0, 0, 0, 1] 
1.154 [0, 8.4735934, 0, 0, 0, 0, 1] 
1.155 [0, 8.4622727, 0, 0, 0, 0, 1] 
1.156 [0, 8.4509421, 0, 0, 0, 0, 1] 
1.157 [0, 8.4396017, 0, 0, 0, 0, 1] 
1.158 [0, 8.4282516, 0, 0, 0, 0, 1] 
1.159 [0, 8.4168916, 0, 0, 0, 0, 1] 
1.16 [0, 8.4055218, 0, 0, 0, 0, 1] 
1.161 [0, 8.3941422, 0, 0, 0, 0, 1] 
1.162 [0, 8.3827528, 0, 0, 0, 0, 1] 
1.163 [0, 8.3713536, 0, 0, 0, 0, 1] 
1.164 [0, 8.3599445, 0, 0, 0, 0, 1] 
1.165 [0, 8.3485257, 0, 0, 0, 0, 1] 
1.166 [0, 8.3370971, 0, 0, 0, 0, 1] 
1.167 [0, 8.3256586, 0, 0, 0, 0, 1] 
1.168 [0, 8.3142103, 0, 0, 0, 0, 1] 
1.169 [0, 8.3027522, 0, 0, 0, 0, 1] 
1.17 [0, 8.2912844, 0, 0, 0, 0, 1] 
1.171 [0, 8.2798067, 0, 0, 0, 0, 1] 
1.172 [0, 8.2683191, 0, 0, 0, 0, 1] 
1.173 [0, 8.2568218, 0, 0, 0, 0, 1] 
1.174 [0, 8.2453147, 0, 0, 0, 0, 1] 
1.175 [0, 8.2337978, 0, 0, 0, 0, 1] 
1.176 [0, 8.222271, 0, 0, 0, 0, 1] 
1.177 [0, 8.2107344, 0, 0, 0, 0, 1] 
1.178 [0, 8.1991881, 0, 0, 0, 0, 1] 
1.179 [0, 8.1876319, 0, 0, 0, 0, 1] 
1.18 [0, 8.1760659, 0, 0, 0, 0, 1] 
1.181 [0, 8.1644901, 0, 0, 0, 0, 1] 
1.182 [0, 8.1529045, 0, 0, 0, 0, 1] 
1.183 [0, 8.1413091, 0, 0, 0, 0, 1] 
1.184 [0, 8.1297038, 0, 0, 0, 0, 1] 
1.185 [0, 8.1180888, 0, 0, 0, 0, 1] 
1.186 [0, 8.106464, 0, 0, 0, 0, 1] 
1.187 [0, 8.0948293, 0, 0, 0, 0, 1] 
1.188 [0, 8.0831848, 0, 0, 0, 0, 1] 
1.189 [0, 8.0715305, 0, 0, 0, 0, 1] 
1.19 [0, 8.0598665, 0, 0, 0, 0, 1] 
1.191 [0, 8.0481926, 0, 0, 0, 0, 1] 
1.192 [0, 8.0365088, 0, 0, 0, 0, 1] 
1.193 [0, 8.0248153, 0, 0, 0, 0, 1] 
1.194 [0, 8.013112, 0, 0, 0, 0, 1] 
1.195 [0, 8.0013989, 0, 0, 0, 0, 1] 
1.196 [0, 7.9896759, 0, 0, 0, 0, 1] 
1.197 [0, 7.9779431, 0, 0, 0, 0, 1] 
1.198 [0, 7.9662006, 0, 0, 0, 0, 1] 
1.199 [0, 7.9544482, 0, 0, 0, 0, 1] 
1.2 [0, 7.942686, 0, 0, 0, 0, 1] 
1.201 [0, 7.930914, 0, 0, 0, 0, 1] 
1.202 [0, 7.9191322, 0, 0, 0, 0, 1] 
1.203 [0, 7.9073406, 0, 0, 0, 0, 1] 
1.204 [0, 7.8955391, 0, 0, 0, 0, 1] 
1.205 [0, 7.8837279, 0, 0, 0, 0, 1] 
1.206 [0, 7.8719069, 0, 0, 0, 0, 1] 
1.207 [0, 7.860076, 0, 0, 0, 0, 1] 
1.208 [0, 7.8482353, 0, 0, 0, 0, 1] 
1.209 [0, 7.8363848, 0, 0, 0, 0, 1] 
1.21 [0, 7.8245246, 0, 0, 0, 0, 1] 
1.211 [0, 7.8126545, 0, 0, 0, 0, 1] 
1.212 [0, 7.8007745, 0, 0, 0, 0, 1] 
1.213 [0, 7.7888848, 0, 0, 0, 0, 1] 
1.214 [0, 7.7769853, 0, 0, 0, 0, 1] 
1.215 [0, 7.765076, 0, 0, 0, 0, 1] 
1.216 [0, 7.7531568, 0, 0, 0, 0, 1] 
1.217 [0, 7.7412278, 0, 0, 0, 0, 1] 
1.218 [0, 7.7292891, 0, 0, 0, 0, 1] 
1.219 [0, 7.7173405, 0, 0, 0, 0, 1] 
1.22 [0, 7.7053821, 0, 0, 0, 0, 1] 
1.221 [0, 7.6934139, 0, 0, 0, 0, 1] 
1.222 [0, 7.6814359, 0, 0, 0, 0, 1] 
1.223 [0, 7.6694481, 0, 0, 0, 0, 1] 
1.224 [0, 7.6574504, 0, 0, 0, 0, 1] 
1.225 [0, 7.645443, 0, 0, 0, 0, 1] 
1.226 [0, 7.6334258, 0, 0, 0, 0, 1] 
1.227 [0, 7.6213987, 0, 0, 0, 0, 1] 
1.228 [0, 7.6093618, 0, 0, 0, 0, 1] 
1.229 [0, 7.5973151, 0, 0, 0, 0, 1] 
1.23 [0, 7.5852587, 0, 0, 0, 0, 1] 
1.231 [0, 7.5731924, 0, 0, 0, 0, 1] 
1.232 [0, 7.5611162, 0, 0, 0, 0, 1] 
1.233 [0, 7.5490303, 0, 0, 0, 0, 1] 
1.234 [0, 7.5369346, 0, 0, 0, 0, 1] 
1.235 [0, 7.5248291, 0, 0, 0, 0, 1] 
1.236 [0, 7.5127137, 0, 0, 0, 0, 1] 
1.237 [0, 7.5005885, 0, 0, 0, 0, 1] 
1.238 [0, 7.4884536, 0, 0, 0, 0, 1] 
1.239 [0, 7.4763088, 0, 0, 0, 0, 1] 
1.24 [0, 7.4641542, 0, 0, 0, 0, 1] 
1.241 [0, 7.4519898, 0, 0, 0, 0, 1] 
1.242 [0, 7.4398156, 0, 0, 0, 0, 1] 
1.243 [0, 7.4276316, 0, 0, 0, 0, 1] 
1.244 [0, 7.4154377, 0, 0, 0, 0, 1] 
1.245 [0, 7.4032341, 0, 0, 0, 0, 1] 
1.246 [0, 7.3910207, 0, 0, 0, 0, 1] 
1.247 [0, 7.3787974, 0, 0, 0, 0, 1] 
1.248 [0, 7.3665643, 0, 0, 0, 0, 1] 
1.249 [0, 7.3543214, 0, 0, 0, 0, 1] 
1.25 [0, 7.3420688, 0, 0, 0, 0, 1] 
1.251 [0, 7.3298063, 0, 0, 0, 0, 1] 
1.252 [0, 7.3175339, 0, 0, 0, 0, 1] 
1.253 [0, 7.3052518, 0, 0, 0, 0, 1] 
1.254 [0, 7.2929599, 0, 0, 0, 0, 1] 
1.255 [0, 7.2806582, 0, 0, 0, 0, 1] 
1.256 [0, 7.2683466, 0, 0, 0, 0, 1] 
1.257 [0, 7.2560252, 0, 0, 0, 0, 1] 
1.258 [0, 7.2436941, 0, 0, 0, 0, 1] 
1.259 [0, 7.2313531, 0, 0, 0, 0, 1] 
1.26 [0, 7.2190023, 0, 0, 0, 0, 1] 
1.261 [0, 7.2066417, 0, 0, 0, 0, 1] 
1.262 [0, 7.1942713, 0, 0, 0, 0, 1] 
1.263 [0, 7.1818911, 0, 0, 0, 0, 1] 
1.264 [0, 7.169501, 0, 0, 0, 0, 1] 
1.265 [0, 7.1571012, 0, 0, 0, 0, 1] 
1.266 [0, 7.1446916, 0, 0, 0, 0, 1] 
1.267 [0, 7.1322721, 0, 0, 0, 0, 1] 
1.268 [0, 7.1198428, 0, 0, 0, 0, 1] 
1.269 [0, 7.1074037, 0, 0, 0, 0, 1] 
1.27 [0, 7.0949549, 0, 0, 0, 0, 1] 
1.271 [0, 7.0824962, 0, 0, 0, 0, 1] 
1.272 [0, 7.0700276, 0, 0, 0, 0, 1] 
1.273 [0, 7.0575493, 0, 0, 0, 0, 1] 
1.274 [0, 7.0450612, 0, 0, 0, 0, 1] 
1.275 [0, 7.0325633, 0, 0, 0, 0, 1] 
1.276 [0, 7.0200555, 0, 0, 0, 0, 1] 
1.277 [0, 7.0075379, 0, 0, 0, 0, 1] 
1.278 [0, 6.9950106, 0, 0, 0, 0, 1] 
1.279 [0, 6.9824734, 0, 0, 0, 0, 1] 
