0.001 0.019635
0.002 0.0196353
0.003 0.0196356
0.004 0.0196362
0.005 0.0196368
0.006 0.0196377
0.007 0.0196387
0.008 0.0196398
0.009 0.0196411
0.01 0.0196425
0.011 0.0196441
0.012 0.0196458
0.013 0.0196477
0.014 0.0196498
0.015 0.019652
0.016 0.0196543
0.017 0.0196568
0.018 0.0196594
0.019 0.0196622
0.02 0.0196652
0.021 0.0196683
0.022 0.0196715
0.023 0.0196749
0.024 0.0196785
0.025 0.0196822
0.026 0.019686
0.027 0.0196901
0.028 0.0196942
0.029 0.0196985
0.03 0.019703
0.031 0.0197076
0.032 0.0197124
0.033 0.0197173
0.034 0.0197223
0.035 0.0197275
0.036 0.0197329
0.037 0.0197384
0.038 0.0197441
0.039 0.0197499
0.04 0.0197559
0.041 0.019762
0.042 0.0197683
0.043 0.0197747
0.044 0.0197813
0.045 0.019788
0.046 0.0197949
0.047 0.0198019
0.048 0.0198091
0.049 0.0198164
0.05 0.0198239
0.051 0.0198315
0.052 0.0198393
0.053 0.0198473
0.054 0.0198554
0.055 0.0198636
0.056 0.019872
0.057 0.0198805
0.058 0.0198892
0.059 0.0198981
0.06 0.0199071
0.061 0.0199162
0.062 0.0199255
0.063 0.0199349
0.064 0.0199445
0.065 0.0199543
0.066 0.0199642
0.067 0.0199742
0.068 0.0199845
0.069 0.0199948
0.07 0.0200053
0.071 0.020016
0.072 0.0200268
0.073 0.0200377
0.074 0.0200489
0.075 0.0200601
0.076 0.0200715
0.077 0.0200831
0.078 0.0200948
0.079 0.0201067
0.08 0.0201187
0.081 0.0201309
0.082 0.0201432
0.083 0.0201556
0.084 0.0201683
0.085 0.020181
0.086 0.020194
0.087 0.020207
0.088 0.0202203
0.089 0.0202337
0.09 0.0202472
0.091 0.0202609
0.092 0.0202747
0.093 0.0202887
0.094 0.0203028
0.095 0.0203171
0.096 0.0203315
0.097 0.0203461
0.098 0.0203609
0.099 0.0203757
0.1 0.0203908
0.101 0.020406
0.102 0.0204213
0.103 0.0204368
0.104 0.0204525
0.105 0.0204683
0.106 0.0204842
0.107 0.0205003
0.108 0.0205166
0.109 0.020533
0.11 0.0205495
0.111 0.0205662
0.112 0.0205831
0.113 0.0206001
0.114 0.0206172
0.115 0.0206345
0.116 0.020652
0.117 0.0206696
0.118 0.0206874
0.119 0.0207053
0.12 0.0207234
0.121 0.0207416
0.122 0.0207599
0.123 0.0207785
0.124 0.0207971
0.125 0.0208159
0.126 0.0208349
0.127 0.020854
0.128 0.0208733
0.129 0.0208927
0.13 0.0209123
0.131 0.020932
0.132 0.0209519
0.133 0.020972
0.134 0.0209921
0.135 0.0210125
0.136 0.0210329
0.137 0.0210536
0.138 0.0210744
0.139 0.0210953
0.14 0.0211164
0.141 0.0211376
0.142 0.021159
0.143 0.0211806
0.144 0.0212023
0.145 0.0212241
0.146 0.0212461
0.147 0.0212682
0.148 0.0212905
0.149 0.021313
0.15 0.0213356
0.151 0.0213583
0.152 0.0213812
0.153 0.0214043
0.154 0.0214275
0.155 0.0214509
0.156 0.0214744
0.157 0.021498
0.158 0.0215218
0.159 0.0215458
0.16 0.0215699
0.161 0.0215942
0.162 0.0216186
0.163 0.0216431
0.164 0.0216679
0.165 0.0216927
0.166 0.0217177
0.167 0.0217429
0.168 0.0217682
0.169 0.0217937
0.17 0.0218193
0.171 0.0218451
0.172 0.021871
0.173 0.0218971
0.174 0.0219233
0.175 0.0219497
0.176 0.0219762
0.177 0.0220029
0.178 0.0220297
0.179 0.0220567
0.18 0.0220839
0.181 0.0221112
0.182 0.0221386
0.183 0.0221662
0.184 0.0221939
0.185 0.0222218
0.186 0.0222498
0.187 0.022278
0.188 0.0223064
0.189 0.0223349
0.19 0.0223635
0.191 0.0223923
0.192 0.0224213
0.193 0.0224504
0.194 0.0224796
0.195 0.022509
0.196 0.0225386
0.197 0.0225683
0.198 0.0225981
0.199 0.0226281
0.2 0.0226583
0.201 0.0226886
0.202 0.0227191
0.203 0.0227497
0.204 0.0227804
0.205 0.0228114
0.206 0.0228424
0.207 0.0228736
0.208 0.022905
0.209 0.0229365
0.21 0.0229682
0.211 0.023
0.212 0.023032
0.213 0.0230641
0.214 0.0230964
0.215 0.0231288
0.216 0.0231614
0.217 0.0231941
0.218 0.023227
0.219 0.02326
0.22 0.0232932
0.221 0.0233265
0.222 0.02336
0.223 0.0233937
0.224 0.0234274
0.225 0.0234614
0.226 0.0234955
0.227 0.0235297
0.228 0.0235641
0.229 0.0235986
0.23 0.0236333
0.231 0.0236682
0.232 0.0237032
0.233 0.0237383
0.234 0.0237736
0.235 0.0238091
0.236 0.0238447
0.237 0.0238804
0.238 0.0239163
0.239 0.0239524
0.24 0.0239886
0.241 0.0240249
0.242 0.0240614
0.243 0.0240981
0.244 0.0241349
0.245 0.0241719
0.246 0.024209
0.247 0.0242462
0.248 0.0242837
0.249 0.0243212
0.25 0.0243589
0.251 0.0243968
0.252 0.0244348
0.253 0.024473
0.254 0.0245113
0.255 0.0245498
0.256 0.0245884
0.257 0.0246272
0.258 0.0246661
0.259 0.0247052
0.26 0.0247444
0.261 0.0247838
0.262 0.0248233
0.263 0.024863
0.264 0.0249028
0.265 0.0249428
0.266 0.024983
0.267 0.0250232
0.268 0.0250637
0.269 0.0251043
0.27 0.025145
0.271 0.0251859
0.272 0.0252269
0.273 0.0252681
0.274 0.0253095
0.275 0.025351
0.276 0.0253926
0.277 0.0254344
0.278 0.0254764
0.279 0.0255185
0.28 0.0255607
0.281 0.0256031
0.282 0.0256457
0.283 0.0256884
0.284 0.0257312
0.285 0.0257742
0.286 0.0258174
0.287 0.0258607
0.288 0.0259042
0.289 0.0259478
0.29 0.0259915
0.291 0.0260355
0.292 0.0260795
0.293 0.0261237
0.294 0.0261681
0.295 0.0262126
0.296 0.0262573
0.297 0.0263021
0.298 0.0263471
0.299 0.0263922
0.3 0.0264375
0.301 0.0264829
0.302 0.0265285
0.303 0.0265742
0.304 0.0266201
0.305 0.0266661
0.306 0.0267123
0.307 0.0267586
0.308 0.0268051
0.309 0.0268518
0.31 0.0268985
0.311 0.0269455
0.312 0.0269926
0.313 0.0270398
0.314 0.0270872
0.315 0.0271347
0.316 0.0271824
0.317 0.0272303
0.318 0.0272783
0.319 0.0273264
0.32 0.0273747
0.321 0.0274232
0.322 0.0274718
0.323 0.0275205
0.324 0.0275694
0.325 0.0276185
0.326 0.0276677
0.327 0.027717
0.328 0.0277665
0.329 0.0278162
0.33 0.027866
0.331 0.027916
0.332 0.0279661
0.333 0.0280164
0.334 0.0280668
0.335 0.0281173
0.336 0.028168
0.337 0.0282189
0.338 0.0282699
0.339 0.0283211
0.34 0.0283724
0.341 0.0284239
0.342 0.0284755
0.343 0.0285273
0.344 0.0285792
0.345 0.0286313
0.346 0.0286835
0.347 0.0287359
0.348 0.0287884
0.349 0.0288411
0.35 0.028894
0.351 0.0289469
0.352 0.0290001
0.353 0.0290534
0.354 0.0291068
0.355 0.0291604
0.356 0.0292141
0.357 0.029268
0.358 0.0293221
0.359 0.0293763
0.36 0.0294306
0.361 0.0294851
0.362 0.0295397
0.363 0.0295945
0.364 0.0296495
0.365 0.0297046
0.366 0.0297598
0.367 0.0298152
0.368 0.0298708
0.369 0.0299265
0.37 0.0299824
0.371 0.0300384
0.372 0.0300945
0.373 0.0301508
0.374 0.0302073
0.375 0.0302639
0.376 0.0303207
0.377 0.0303776
0.378 0.0304346
0.379 0.0304919
0.38 0.0305492
0.381 0.0306068
0.382 0.0306644
0.383 0.0307222
0.384 0.0307802
0.385 0.0308383
0.386 0.0308966
0.387 0.030955
0.388 0.0310136
0.389 0.0310723
0.39 0.0311312
0.391 0.0311903
0.392 0.0312494
0.393 0.0313088
0.394 0.0313683
0.395 0.0314279
0.396 0.0314877
0.397 0.0315476
0.398 0.0316077
0.399 0.0316679
0.4 0.0317283
0.401 0.0317889
0.402 0.0318496
0.403 0.0319104
0.404 0.0319714
0.405 0.0320326
0.406 0.0320939
0.407 0.0321553
0.408 0.0322169
0.409 0.0322787
0.41 0.0323406
0.411 0.0324026
0.412 0.0324648
0.413 0.0325272
0.414 0.0325897
0.415 0.0326523
0.416 0.0327152
0.417 0.0327781
0.418 0.0328412
0.419 0.0329045
0.42 0.0329679
0.421 0.0330315
0.422 0.0330952
0.423 0.0331591
0.424 0.0332231
0.425 0.0332873
0.426 0.0333516
0.427 0.033416
0.428 0.0334807
0.429 0.0335454
0.43 0.0336104
0.431 0.0336754
0.432 0.0337407
0.433 0.0338061
0.434 0.0338716
0.435 0.0339373
0.436 0.0340031
0.437 0.0340691
0.438 0.0341352
0.439 0.0342015
0.44 0.0342679
0.441 0.0343345
0.442 0.0344013
0.443 0.0344682
0.444 0.0345352
0.445 0.0346024
0.446 0.0346698
0.447 0.0347372
0.448 0.0348049
0.449 0.0348727
0.45 0.0349406
0.451 0.0350087
0.452 0.035077
0.453 0.0351454
0.454 0.035214
0.455 0.0352827
0.456 0.0353515
0.457 0.0354205
0.458 0.0354897
0.459 0.035559
0.46 0.0356285
0.461 0.0356981
0.462 0.0357678
0.463 0.0358377
0.464 0.0359078
0.465 0.035978
0.466 0.0360484
0.467 0.0361189
0.468 0.0361896
0.469 0.0362604
0.47 0.0363314
0.471 0.0364025
0.472 0.0364738
0.473 0.0365452
0.474 0.0366168
0.475 0.0366885
0.476 0.0367604
0.477 0.0368324
0.478 0.0369046
0.479 0.0369769
0.48 0.0370494
0.481 0.0371221
0.482 0.0371949
0.483 0.0372678
0.484 0.0373409
0.485 0.0374141
0.486 0.0374875
0.487 0.0375611
0.488 0.0376347
0.489 0.0377086
0.49 0.0377826
0.491 0.0378567
0.492 0.037931
0.493 0.0380055
0.494 0.0380801
0.495 0.0381548
0.496 0.0382297
0.497 0.0383048
0.498 0.03838
0.499 0.0384554
0.5 0.0385309
0.501 0.0386065
0.502 0.0386823
0.503 0.0387583
0.504 0.0388344
0.505 0.0389107
0.506 0.0389871
0.507 0.0390637
0.508 0.0391404
0.509 0.0392172
0.51 0.0392943
0.511 0.0393714
0.512 0.0394488
0.513 0.0395262
0.514 0.0396039
0.515 0.0396816
0.516 0.0397596
0.517 0.0398376
0.518 0.0399159
0.519 0.0399942
0.52 0.0400728
0.521 0.0401515
0.522 0.0402303
0.523 0.0403093
0.524 0.0403884
0.525 0.0404677
0.526 0.0405471
0.527 0.0406267
0.528 0.0407065
0.529 0.0407864
0.53 0.0408664
0.531 0.0409466
0.532 0.0410269
0.533 0.0411074
0.534 0.0411881
0.535 0.0412689
0.536 0.0413498
0.537 0.0414309
0.538 0.0415122
0.539 0.0415936
0.54 0.0416751
0.541 0.0417569
0.542 0.0418387
0.543 0.0419207
0.544 0.0420029
0.545 0.0420852
0.546 0.0421677
0.547 0.0422503
0.548 0.042333
0.549 0.0424159
0.55 0.042499
0.551 0.0425822
0.552 0.0426656
0.553 0.0427491
0.554 0.0428328
0.555 0.0429166
0.556 0.0430006
0.557 0.0430847
0.558 0.043169
0.559 0.0432534
0.56 0.043338
0.561 0.0434227
0.562 0.0435076
0.563 0.0435926
0.564 0.0436778
0.565 0.0437631
0.566 0.0438486
0.567 0.0439343
0.568 0.0440201
0.569 0.044106
0.57 0.0441921
0.571 0.0442783
0.572 0.0443647
0.573 0.0444513
0.574 0.044538
0.575 0.0446248
0.576 0.0447118
0.577 0.0447989
0.578 0.0448862
0.579 0.0449737
0.58 0.0450613
0.581 0.045149
0.582 0.045237
0.583 0.045325
0.584 0.0454132
0.585 0.0455016
0.586 0.0455901
0.587 0.0456787
0.588 0.0457675
0.589 0.0458565
0.59 0.0459456
0.591 0.0460349
0.592 0.0461243
0.593 0.0462139
0.594 0.0463036
0.595 0.0463935
0.596 0.0464835
0.597 0.0465736
0.598 0.046664
0.599 0.0467544
0.6 0.0468451
0.601 0.0469358
0.602 0.0470268
0.603 0.0471179
0.604 0.0472091
0.605 0.0473005
0.606 0.047392
0.607 0.0474837
0.608 0.0475755
0.609 0.0476675
0.61 0.0477596
0.611 0.0478519
0.612 0.0479444
0.613 0.0480369
0.614 0.0481297
0.615 0.0482226
0.616 0.0483156
0.617 0.0484088
0.618 0.0485022
0.619 0.0485957
0.62 0.0486893
0.621 0.0487831
0.622 0.0488771
0.623 0.0489712
0.624 0.0490654
0.625 0.0491598
0.626 0.0492544
0.627 0.0493491
0.628 0.0494439
0.629 0.0495389
0.63 0.0496341
0.631 0.0497294
0.632 0.0498249
0.633 0.0499205
0.634 0.0500163
0.635 0.0501122
0.636 0.0502082
0.637 0.0503045
0.638 0.0504008
0.639 0.0504973
0.64 0.050594
0.641 0.0506908
0.642 0.0507878
0.643 0.0508849
0.644 0.0509822
0.645 0.0510796
0.646 0.0511772
0.647 0.051275
0.648 0.0513728
0.649 0.0514709
0.65 0.051569
0.651 0.0516674
0.652 0.0517659
0.653 0.0518645
0.654 0.0519633
0.655 0.0520622
0.656 0.0521613
0.657 0.0522606
0.658 0.05236
0.659 0.0524595
0.66 0.0525592
0.661 0.052659
0.662 0.052759
0.663 0.0528592
0.664 0.0529595
0.665 0.0530599
0.666 0.0531605
0.667 0.0532613
0.668 0.0533622
0.669 0.0534633
0.67 0.0535645
0.671 0.0536658
0.672 0.0537673
0.673 0.053869
0.674 0.0539708
0.675 0.0540728
0.676 0.0541749
0.677 0.0542771
0.678 0.0543796
0.679 0.0544821
0.68 0.0545848
0.681 0.0546877
0.682 0.0547907
0.683 0.0548939
0.684 0.0549972
0.685 0.0551007
0.686 0.0552043
0.687 0.0553081
0.688 0.055412
0.689 0.0555161
0.69 0.0556203
0.691 0.0557247
0.692 0.0558292
0.693 0.0559339
0.694 0.0560388
0.695 0.0561437
0.696 0.0562489
0.697 0.0563542
0.698 0.0564596
0.699 0.0565652
0.7 0.0566709
0.701 0.0567768
0.702 0.0568829
0.703 0.0569891
0.704 0.0570954
0.705 0.0572019
0.706 0.0573086
0.707 0.0574154
0.708 0.0575223
0.709 0.0576294
0.71 0.0577367
0.711 0.0578441
0.712 0.0579516
0.713 0.0580593
0.714 0.0581672
0.715 0.0582752
0.716 0.0583834
0.717 0.0584917
0.718 0.0586001
0.719 0.0587088
0.72 0.0588175
0.721 0.0589264
0.722 0.0590355
0.723 0.0591447
0.724 0.0592541
0.725 0.0593636
0.726 0.0594733
0.727 0.0595831
0.728 0.0596931
0.729 0.0598032
0.73 0.0599135
0.731 0.0600239
0.732 0.0601345
0.733 0.0602452
0.734 0.0603561
0.735 0.0604671
0.736 0.0605783
0.737 0.0606897
0.738 0.0608011
0.739 0.0609128
0.74 0.0610246
0.741 0.0611365
0.742 0.0612486
0.743 0.0613608
0.744 0.0614732
0.745 0.0615858
0.746 0.0616985
0.747 0.0618113
0.748 0.0619243
0.749 0.0620375
0.75 0.0621508
0.751 0.0622642
0.752 0.0623778
0.753 0.0624916
0.754 0.0626055
0.755 0.0627195
0.756 0.0628337
0.757 0.0629481
0.758 0.0630626
0.759 0.0631773
0.76 0.0632921
0.761 0.063407
0.762 0.0635222
0.763 0.0636374
0.764 0.0637528
0.765 0.0638684
0.766 0.0639841
0.767 0.0641
0.768 0.064216
0.769 0.0643322
0.77 0.0644485
0.771 0.064565
0.772 0.0646816
0.773 0.0647984
0.774 0.0649153
0.775 0.0650324
0.776 0.0651496
0.777 0.065267
0.778 0.0653845
0.779 0.0655022
0.78 0.0656201
0.781 0.065738
0.782 0.0658562
0.783 0.0659745
0.784 0.0660929
0.785 0.0662115
0.786 0.0663302
0.787 0.0664491
0.788 0.0665682
0.789 0.0666874
0.79 0.0668067
0.791 0.0669262
0.792 0.0670459
0.793 0.0671657
0.794 0.0672856
0.795 0.0674057
0.796 0.067526
0.797 0.0676464
0.798 0.0677669
0.799 0.0678876
0.8 0.0680085
0.801 0.0681295
0.802 0.0682507
0.803 0.068372
0.804 0.0684934
0.805 0.0686151
0.806 0.0687368
0.807 0.0688587
0.808 0.0689808
0.809 0.069103
0.81 0.0692254
0.811 0.0693479
0.812 0.0694706
0.813 0.0695934
0.814 0.0697164
0.815 0.0698395
0.816 0.0699628
0.817 0.0700862
0.818 0.0702098
0.819 0.0703335
0.82 0.0704574
0.821 0.0705814
0.822 0.0707056
0.823 0.07083
0.824 0.0709544
0.825 0.0710791
0.826 0.0712039
0.827 0.0713288
0.828 0.0714539
0.829 0.0715791
0.83 0.0717045
0.831 0.0718301
0.832 0.0719558
0.833 0.0720816
0.834 0.0722076
0.835 0.0723338
0.836 0.0724601
0.837 0.0725865
0.838 0.0727131
0.839 0.0728399
0.84 0.0729668
0.841 0.0730938
0.842 0.073221
0.843 0.0733484
0.844 0.0734759
0.845 0.0736036
0.846 0.0737314
0.847 0.0738593
0.848 0.0739875
0.849 0.0741157
0.85 0.0742441
0.851 0.0743727
0.852 0.0745014
0.853 0.0746303
0.854 0.0747593
0.855 0.0748885
0.856 0.0750178
0.857 0.0751473
0.858 0.0752769
0.859 0.0754067
0.86 0.0755366
0.861 0.0756667
0.862 0.0757969
0.863 0.0759273
0.864 0.0760579
0.865 0.0761885
0.866 0.0763194
0.867 0.0764504
0.868 0.0765815
0.869 0.0767128
0.87 0.0768442
0.871 0.0769758
0.872 0.0771076
0.873 0.0772395
0.874 0.0773715
0.875 0.0775037
0.876 0.077636
0.877 0.0777685
0.878 0.0779012
0.879 0.078034
0.88 0.0781669
0.881 0.0783
0.882 0.0784333
0.883 0.0785667
0.884 0.0787003
0.885 0.078834
0.886 0.0789678
0.887 0.0791018
0.888 0.079236
0.889 0.0793703
0.89 0.0795048
0.891 0.0796394
0.892 0.0797741
0.893 0.0799091
0.894 0.0800441
0.895 0.0801794
0.896 0.0803147
0.897 0.0804502
0.898 0.0805859
0.899 0.0807217
0.9 0.0808577
0.901 0.0809938
0.902 0.0811301
0.903 0.0812665
0.904 0.0814031
0.905 0.0815399
0.906 0.0816767
0.907 0.0818138
0.908 0.081951
0.909 0.0820883
0.91 0.0822258
0.911 0.0823634
0.912 0.0825012
0.913 0.0826391
0.914 0.0827772
0.915 0.0829155
0.916 0.0830539
0.917 0.0831924
0.918 0.0833311
0.919 0.08347
0.92 0.083609
0.921 0.0837481
0.922 0.0838874
0.923 0.0840269
0.924 0.0841665
0.925 0.0843062
0.926 0.0844461
0.927 0.0845862
0.928 0.0847264
0.929 0.0848667
0.93 0.0850073
0.931 0.0851479
0.932 0.0852887
0.933 0.0854297
0.934 0.0855708
0.935 0.0857121
0.936 0.0858535
0.937 0.0859951
0.938 0.0861368
0.939 0.0862787
0.94 0.0864207
0.941 0.0865628
0.942 0.0867052
0.943 0.0868476
0.944 0.0869903
0.945 0.087133
0.946 0.087276
0.947 0.0874191
0.948 0.0875623
0.949 0.0877057
0.95 0.0878492
0.951 0.0879929
0.952 0.0881367
0.953 0.0882807
0.954 0.0884248
0.955 0.0885691
0.956 0.0887136
0.957 0.0888582
0.958 0.0890029
0.959 0.0891478
0.96 0.0892929
0.961 0.089438
0.962 0.0895834
0.963 0.0897289
0.964 0.0898745
0.965 0.0900203
0.966 0.0901663
0.967 0.0903124
0.968 0.0904587
0.969 0.0906051
0.97 0.0907516
0.971 0.0908983
0.972 0.0910452
0.973 0.0911922
0.974 0.0913394
0.975 0.0914867
0.976 0.0916341
0.977 0.0917817
0.978 0.0919295
0.979 0.0920774
0.98 0.0922255
0.981 0.0923737
0.982 0.0925221
0.983 0.0926706
0.984 0.0928193
0.985 0.0929681
0.986 0.0931171
0.987 0.0932662
0.988 0.0934155
0.989 0.0935649
0.99 0.0937145
0.991 0.0938642
0.992 0.0940141
0.993 0.0941641
0.994 0.0943143
0.995 0.0944647
0.996 0.0946152
0.997 0.0947658
0.998 0.0949166
0.999 0.0950675
1 0.0952186
1.001 0.0953699
1.002 0.0955212
1.003 0.0956728
1.004 0.0958245
1.005 0.0959763
1.006 0.0961283
1.007 0.0962805
1.008 0.0964328
1.009 0.0965852
1.01 0.0967378
1.011 0.0968906
1.012 0.0970435
1.013 0.0971966
1.014 0.0973498
1.015 0.0975031
1.016 0.0976566
1.017 0.0978103
1.018 0.0979641
1.019 0.0981181
1.02 0.0982722
1.021 0.0984265
1.022 0.0985809
1.023 0.0987354
1.024 0.0988902
1.025 0.099045
1.026 0.0992001
1.027 0.0993552
1.028 0.0995106
1.029 0.099666
1.03 0.0998217
1.031 0.0999774
1.032 0.100133
1.033 0.100289
1.034 0.100446
1.035 0.100602
1.036 0.100759
1.037 0.100915
1.038 0.101072
1.039 0.101229
1.04 0.101386
1.041 0.101544
1.042 0.101701
1.043 0.101859
1.044 0.102016
1.045 0.102174
1.046 0.102332
1.047 0.10249
1.048 0.102649
1.049 0.102807
1.05 0.102966
1.051 0.103125
1.052 0.103284
1.053 0.103443
1.054 0.103602
1.055 0.103761
1.056 0.103921
1.057 0.104081
1.058 0.104241
1.059 0.104401
1.06 0.104561
1.061 0.104721
1.062 0.104882
1.063 0.105042
1.064 0.105203
1.065 0.105364
1.066 0.105525
1.067 0.105686
1.068 0.105847
1.069 0.106009
1.07 0.106171
1.071 0.106333
1.072 0.106494
1.073 0.106657
1.074 0.106819
1.075 0.106981
1.076 0.107144
1.077 0.107307
1.078 0.10747
1.079 0.107633
1.08 0.107796
1.081 0.107959
1.082 0.108123
1.083 0.108286
1.084 0.10845
1.085 0.108614
1.086 0.108778
1.087 0.108942
1.088 0.109107
1.089 0.109271
1.09 0.109436
1.091 0.109601
1.092 0.109766
1.093 0.109931
1.094 0.110096
1.095 0.110262
1.096 0.110427
1.097 0.110593
1.098 0.110759
1.099 0.110925
1.1 0.111091
1.101 0.111258
1.102 0.111424
1.103 0.111591
1.104 0.111758
1.105 0.111924
1.106 0.112092
1.107 0.112259
1.108 0.112426
1.109 0.112594
1.11 0.112762
1.111 0.112929
1.112 0.113097
1.113 0.113266
1.114 0.113434
1.115 0.113602
1.116 0.113771
1.117 0.11394
1.118 0.114109
1.119 0.114278
1.12 0.114447
1.121 0.114616
1.122 0.114786
1.123 0.114956
1.124 0.115126
1.125 0.115296
1.126 0.115466
1.127 0.115636
1.128 0.115806
1.129 0.115977
1.13 0.116148
1.131 0.116319
1.132 0.11649
1.133 0.116661
1.134 0.116832
1.135 0.117004
1.136 0.117175
1.137 0.117347
1.138 0.117519
1.139 0.117691
1.14 0.117863
1.141 0.118036
1.142 0.118208
1.143 0.118381
1.144 0.118554
1.145 0.118727
1.146 0.1189
1.147 0.119073
1.148 0.119247
1.149 0.119421
1.15 0.119594
1.151 0.119768
1.152 0.119942
1.153 0.120117
1.154 0.120291
1.155 0.120465
1.156 0.12064
1.157 0.120815
1.158 0.12099
1.159 0.121165
1.16 0.12134
1.161 0.121516
1.162 0.121691
1.163 0.121867
1.164 0.122043
1.165 0.122219
1.166 0.122395
1.167 0.122572
1.168 0.122748
1.169 0.122925
1.17 0.123101
1.171 0.123278
1.172 0.123455
1.173 0.123633
1.174 0.12381
1.175 0.123988
1.176 0.124165
1.177 0.124343
1.178 0.124521
1.179 0.124699
1.18 0.124878
1.181 0.125056
1.182 0.125235
1.183 0.125413
1.184 0.125592
1.185 0.125771
1.186 0.125951
1.187 0.12613
1.188 0.126309
1.189 0.126489
1.19 0.126669
1.191 0.126849
1.192 0.127029
1.193 0.127209
1.194 0.12739
1.195 0.12757
1.196 0.127751
1.197 0.127932
1.198 0.128113
1.199 0.128294
1.2 0.128475
1.201 0.128657
1.202 0.128839
1.203 0.12902
1.204 0.129202
1.205 0.129384
1.206 0.129567
1.207 0.129749
1.208 0.129931
1.209 0.130114
1.21 0.130297
1.211 0.13048
1.212 0.130663
1.213 0.130846
1.214 0.13103
1.215 0.131213
1.216 0.131397
1.217 0.131581
1.218 0.131765
1.219 0.131949
1.22 0.132134
1.221 0.132318
1.222 0.132503
1.223 0.132688
1.224 0.132873
1.225 0.133058
1.226 0.133243
1.227 0.133428
1.228 0.133614
1.229 0.1338
1.23 0.133985
1.231 0.134171
1.232 0.134358
1.233 0.134544
1.234 0.13473
1.235 0.134917
1.236 0.135104
1.237 0.135291
1.238 0.135478
1.239 0.135665
1.24 0.135852
1.241 0.13604
1.242 0.136228
1.243 0.136415
1.244 0.136603
1.245 0.136792
1.246 0.13698
1.247 0.137168
1.248 0.137357
1.249 0.137546
1.25 0.137734
1.251 0.137923
1.252 0.138113
1.253 0.138302
1.254 0.138491
1.255 0.138681
1.256 0.138871
1.257 0.139061
1.258 0.139251
1.259 0.139441
1.26 0.139632
1.261 0.139822
1.262 0.140013
1.263 0.140204
1.264 0.140395
1.265 0.140586
1.266 0.140777
1.267 0.140969
1.268 0.14116
1.269 0.141352
1.27 0.141544
1.271 0.141736
1.272 0.141928
1.273 0.14212
1.274 0.142313
1.275 0.142506
1.276 0.142698
1.277 0.142891
1.278 0.143085
1.279 0.143278
1.28 0.143471
1.281 0.143665
1.282 0.143859
1.283 0.144052
1.284 0.144246
1.285 0.144441
1.286 0.144635
1.287 0.144829
1.288 0.145024
1.289 0.145219
1.29 0.145414
1.291 0.145609
1.292 0.145804
1.293 0.145999
1.294 0.146195
1.295 0.146391
1.296 0.146586
1.297 0.146782
1.298 0.146979
1.299 0.147175
1.3 0.147371
1.301 0.147568
1.302 0.147765
1.303 0.147962
1.304 0.148159
1.305 0.148356
1.306 0.148553
1.307 0.148751
1.308 0.148948
1.309 0.149146
1.31 0.149344
1.311 0.149542
1.312 0.14974
1.313 0.149939
1.314 0.150137
1.315 0.150336
1.316 0.150535
1.317 0.150734
1.318 0.150933
1.319 0.151132
1.32 0.151332
1.321 0.151532
1.322 0.151731
1.323 0.151931
1.324 0.152131
1.325 0.152332
1.326 0.152532
1.327 0.152732
1.328 0.152933
1.329 0.153134
1.33 0.153335
1.331 0.153536
1.332 0.153737
1.333 0.153939
1.334 0.15414
1.335 0.154342
1.336 0.154544
1.337 0.154746
1.338 0.154948
1.339 0.15515
1.34 0.155353
1.341 0.155556
1.342 0.155758
1.343 0.155961
1.344 0.156164
1.345 0.156368
1.346 0.156571
1.347 0.156775
1.348 0.156978
1.349 0.157182
1.35 0.157386
1.351 0.15759
1.352 0.157795
1.353 0.157999
1.354 0.158204
1.355 0.158408
1.356 0.158613
1.357 0.158818
1.358 0.159024
1.359 0.159229
1.36 0.159434
1.361 0.15964
1.362 0.159846
1.363 0.160052
1.364 0.160258
1.365 0.160464
1.366 0.160671
1.367 0.160877
1.368 0.161084
1.369 0.161291
1.37 0.161498
1.371 0.161705
1.372 0.161912
1.373 0.16212
1.374 0.162328
1.375 0.162535
1.376 0.162743
1.377 0.162951
1.378 0.16316
1.379 0.163368
1.38 0.163576
1.381 0.163785
1.382 0.163994
1.383 0.164203
1.384 0.164412
1.385 0.164621
1.386 0.164831
1.387 0.16504
1.388 0.16525
1.389 0.16546
1.39 0.16567
1.391 0.16588
1.392 0.166091
1.393 0.166301
1.394 0.166512
1.395 0.166723
1.396 0.166934
1.397 0.167145
1.398 0.167356
1.399 0.167567
1.4 0.167779
1.401 0.167991
1.402 0.168202
1.403 0.168415
1.404 0.168627
1.405 0.168839
1.406 0.169051
1.407 0.169264
1.408 0.169477
1.409 0.16969
1.41 0.169903
1.411 0.170116
1.412 0.170329
1.413 0.170543
1.414 0.170757
1.415 0.17097
1.416 0.171184
1.417 0.171399
1.418 0.171613
1.419 0.171827
1.42 0.172042
1.421 0.172257
1.422 0.172471
1.423 0.172686
1.424 0.172902
1.425 0.173117
1.426 0.173333
1.427 0.173548
1.428 0.173764
1.429 0.17398
1.43 0.174196
1.431 0.174412
1.432 0.174629
1.433 0.174845
1.434 0.175062
1.435 0.175279
1.436 0.175496
1.437 0.175713
1.438 0.17593
1.439 0.176148
1.44 0.176365
1.441 0.176583
1.442 0.176801
1.443 0.177019
1.444 0.177237
1.445 0.177456
1.446 0.177674
1.447 0.177893
1.448 0.178112
1.449 0.17833
1.45 0.17855
1.451 0.178769
1.452 0.178988
1.453 0.179208
1.454 0.179428
1.455 0.179647
1.456 0.179867
1.457 0.180088
1.458 0.180308
1.459 0.180528
1.46 0.180749
1.461 0.18097
1.462 0.181191
1.463 0.181412
1.464 0.181633
1.465 0.181854
1.466 0.182076
1.467 0.182298
1.468 0.18252
1.469 0.182742
1.47 0.182964
1.471 0.183186
1.472 0.183408
1.473 0.183631
1.474 0.183854
1.475 0.184077
1.476 0.1843
1.477 0.184523
1.478 0.184746
1.479 0.18497
1.48 0.185193
1.481 0.185417
1.482 0.185641
1.483 0.185865
1.484 0.18609
1.485 0.186314
1.486 0.186538
1.487 0.186763
1.488 0.186988
1.489 0.187213
1.49 0.187438
1.491 0.187664
1.492 0.187889
1.493 0.188115
1.494 0.18834
1.495 0.188566
1.496 0.188792
1.497 0.189019
1.498 0.189245
1.499 0.189472
1.5 0.189698
1.501 0.189925
1.502 0.190152
1.503 0.190379
1.504 0.190606
1.505 0.190834
1.506 0.191061
1.507 0.191289
1.508 0.191517
1.509 0.191745
1.51 0.191973
1.511 0.192202
1.512 0.19243
1.513 0.192659
1.514 0.192888
1.515 0.193116
1.516 0.193346
1.517 0.193575
1.518 0.193804
1.519 0.194034
1.52 0.194263
1.521 0.194493
1.522 0.194723
1.523 0.194953
1.524 0.195184
1.525 0.195414
1.526 0.195645
1.527 0.195876
1.528 0.196106
1.529 0.196338
1.53 0.196569
1.531 0.1968
1.532 0.197032
1.533 0.197263
1.534 0.197495
1.535 0.197727
1.536 0.197959
1.537 0.198191
1.538 0.198424
1.539 0.198656
1.54 0.198889
1.541 0.199122
1.542 0.199355
1.543 0.199588
1.544 0.199822
1.545 0.200055
1.546 0.200289
1.547 0.200522
1.548 0.200756
1.549 0.20099
1.55 0.201225
1.551 0.201459
1.552 0.201694
1.553 0.201928
1.554 0.202163
1.555 0.202398
1.556 0.202633
1.557 0.202869
1.558 0.203104
1.559 0.20334
1.56 0.203575
1.561 0.203811
1.562 0.204047
1.563 0.204283
1.564 0.20452
1.565 0.204756
1.566 0.204993
1.567 0.20523
1.568 0.205467
1.569 0.205704
1.57 0.205941
1.571 0.206179
1.572 0.206416
1.573 0.206654
1.574 0.206892
1.575 0.20713
1.576 0.207368
1.577 0.207606
1.578 0.207845
1.579 0.208083
1.58 0.208322
1.581 0.208561
1.582 0.2088
1.583 0.209039
1.584 0.209279
1.585 0.209518
1.586 0.209758
1.587 0.209998
1.588 0.210238
1.589 0.210478
1.59 0.210718
1.591 0.210958
1.592 0.211199
1.593 0.21144
1.594 0.211681
1.595 0.211922
1.596 0.212163
1.597 0.212404
1.598 0.212646
1.599 0.212887
1.6 0.213129
1.601 0.213371
1.602 0.213613
1.603 0.213855
1.604 0.214098
1.605 0.21434
1.606 0.214583
1.607 0.214826
1.608 0.215069
1.609 0.215312
1.61 0.215555
1.611 0.215799
1.612 0.216042
1.613 0.216286
1.614 0.21653
1.615 0.216774
1.616 0.217018
1.617 0.217263
1.618 0.217507
1.619 0.217752
1.62 0.217997
1.621 0.218242
1.622 0.218487
1.623 0.218732
1.624 0.218977
1.625 0.219223
1.626 0.219469
1.627 0.219715
1.628 0.219961
1.629 0.220207
1.63 0.220453
1.631 0.2207
1.632 0.220946
1.633 0.221193
1.634 0.22144
1.635 0.221687
1.636 0.221934
1.637 0.222182
1.638 0.222429
1.639 0.222677
1.64 0.222925
1.641 0.223173
1.642 0.223421
1.643 0.223669
1.644 0.223918
1.645 0.224166
1.646 0.224415
1.647 0.224664
1.648 0.224913
1.649 0.225162
1.65 0.225411
1.651 0.225661
1.652 0.225911
1.653 0.22616
1.654 0.22641
1.655 0.22666
1.656 0.226911
1.657 0.227161
1.658 0.227412
1.659 0.227662
1.66 0.227913
1.661 0.228164
1.662 0.228415
1.663 0.228667
1.664 0.228918
1.665 0.22917
1.666 0.229422
1.667 0.229674
1.668 0.229926
1.669 0.230178
1.67 0.23043
1.671 0.230683
1.672 0.230935
1.673 0.231188
1.674 0.231441
1.675 0.231694
1.676 0.231948
1.677 0.232201
1.678 0.232455
1.679 0.232708
1.68 0.232962
1.681 0.233216
1.682 0.23347
1.683 0.233725
1.684 0.233979
1.685 0.234234
1.686 0.234489
1.687 0.234744
1.688 0.234999
1.689 0.235254
1.69 0.235509
1.691 0.235765
1.692 0.236021
1.693 0.236277
1.694 0.236533
1.695 0.236789
1.696 0.237045
1.697 0.237301
1.698 0.237558
1.699 0.237815
1.7 0.238072
1.701 0.238329
1.702 0.238586
1.703 0.238843
1.704 0.239101
1.705 0.239359
1.706 0.239616
1.707 0.239874
1.708 0.240132
1.709 0.240391
1.71 0.240649
1.711 0.240908
1.712 0.241166
1.713 0.241425
1.714 0.241684
1.715 0.241943
1.716 0.242203
1.717 0.242462
1.718 0.242722
1.719 0.242982
1.72 0.243242
1.721 0.243502
1.722 0.243762
1.723 0.244022
1.724 0.244283
1.725 0.244544
1.726 0.244804
1.727 0.245065
1.728 0.245327
1.729 0.245588
1.73 0.245849
1.731 0.246111
1.732 0.246373
1.733 0.246635
1.734 0.246897
1.735 0.247159
1.736 0.247421
1.737 0.247684
1.738 0.247946
1.739 0.248209
1.74 0.248472
1.741 0.248735
1.742 0.248998
1.743 0.249262
1.744 0.249525
1.745 0.249789
1.746 0.250053
1.747 0.250317
1.748 0.250581
1.749 0.250845
1.75 0.25111
1.751 0.251375
1.752 0.251639
1.753 0.251904
1.754 0.252169
1.755 0.252435
1.756 0.2527
1.757 0.252965
1.758 0.253231
1.759 0.253497
1.76 0.253763
1.761 0.254029
1.762 0.254295
1.763 0.254562
1.764 0.254828
1.765 0.255095
1.766 0.255362
1.767 0.255629
1.768 0.255896
1.769 0.256164
1.77 0.256431
1.771 0.256699
1.772 0.256966
1.773 0.257234
1.774 0.257502
1.775 0.257771
1.776 0.258039
1.777 0.258308
1.778 0.258576
1.779 0.258845
1.78 0.259114
1.781 0.259383
1.782 0.259653
1.783 0.259922
1.784 0.260192
1.785 0.260461
1.786 0.260731
1.787 0.261001
1.788 0.261272
1.789 0.261542
1.79 0.261813
1.791 0.262083
1.792 0.262354
1.793 0.262625
1.794 0.262896
1.795 0.263167
1.796 0.263439
1.797 0.26371
1.798 0.263982
1.799 0.264254
1.8 0.264526
1.801 0.264798
1.802 0.265071
1.803 0.265343
1.804 0.265616
1.805 0.265888
1.806 0.266161
1.807 0.266434
1.808 0.266708
1.809 0.266981
1.81 0.267255
1.811 0.267528
1.812 0.267802
1.813 0.268076
1.814 0.26835
1.815 0.268625
1.816 0.268899
1.817 0.269174
1.818 0.269448
1.819 0.269723
1.82 0.269998
1.821 0.270273
1.822 0.270549
1.823 0.270824
1.824 0.2711
1.825 0.271376
1.826 0.271652
1.827 0.271928
1.828 0.272204
1.829 0.27248
1.83 0.272757
1.831 0.273034
1.832 0.273311
1.833 0.273588
1.834 0.273865
1.835 0.274142
1.836 0.27442
1.837 0.274697
1.838 0.274975
1.839 0.275253
1.84 0.275531
1.841 0.275809
1.842 0.276088
1.843 0.276366
1.844 0.276645
1.845 0.276924
1.846 0.277203
1.847 0.277482
1.848 0.277761
1.849 0.27804
1.85 0.27832
1.851 0.2786
1.852 0.27888
1.853 0.27916
1.854 0.27944
1.855 0.27972
1.856 0.280001
1.857 0.280281
1.858 0.280562
1.859 0.280843
1.86 0.281124
1.861 0.281405
1.862 0.281687
1.863 0.281968
1.864 0.28225
1.865 0.282532
1.866 0.282814
1.867 0.283096
1.868 0.283378
1.869 0.283661
1.87 0.283943
1.871 0.284226
1.872 0.284509
1.873 0.284792
1.874 0.285075
1.875 0.285359
1.876 0.285642
1.877 0.285926
1.878 0.28621
1.879 0.286494
1.88 0.286778
1.881 0.287062
1.882 0.287347
1.883 0.287631
1.884 0.287916
1.885 0.288201
1.886 0.288486
1.887 0.288771
1.888 0.289056
1.889 0.289342
1.89 0.289627
1.891 0.289913
1.892 0.290199
1.893 0.290485
1.894 0.290771
1.895 0.291058
1.896 0.291344
1.897 0.291631
1.898 0.291918
1.899 0.292205
1.9 0.292492
1.901 0.292779
1.902 0.293067
1.903 0.293354
1.904 0.293642
1.905 0.29393
1.906 0.294218
1.907 0.294506
1.908 0.294795
1.909 0.295083
1.91 0.295372
1.911 0.29566
1.912 0.295949
1.913 0.296239
1.914 0.296528
1.915 0.296817
1.916 0.297107
1.917 0.297397
1.918 0.297686
1.919 0.297976
1.92 0.298267
1.921 0.298557
1.922 0.298847
1.923 0.299138
1.924 0.299429
1.925 0.29972
1.926 0.300011
1.927 0.300302
1.928 0.300593
1.929 0.300885
1.93 0.301177
1.931 0.301468
1.932 0.30176
1.933 0.302052
1.934 0.302345
1.935 0.302637
1.936 0.30293
1.937 0.303222
1.938 0.303515
1.939 0.303808
1.94 0.304102
1.941 0.304395
1.942 0.304688
1.943 0.304982
1.944 0.305276
1.945 0.30557
1.946 0.305864
1.947 0.306158
1.948 0.306453
1.949 0.306747
1.95 0.307042
1.951 0.307337
1.952 0.307632
1.953 0.307927
1.954 0.308222
1.955 0.308518
1.956 0.308813
1.957 0.309109
1.958 0.309405
1.959 0.309701
1.96 0.309997
1.961 0.310293
1.962 0.31059
1.963 0.310887
1.964 0.311183
1.965 0.31148
1.966 0.311778
1.967 0.312075
1.968 0.312372
1.969 0.31267
1.97 0.312968
1.971 0.313265
1.972 0.313563
1.973 0.313862
1.974 0.31416
1.975 0.314458
1.976 0.314757
1.977 0.315056
1.978 0.315355
1.979 0.315654
1.98 0.315953
1.981 0.316253
1.982 0.316552
1.983 0.316852
1.984 0.317152
1.985 0.317452
1.986 0.317752
1.987 0.318052
1.988 0.318352
1.989 0.318653
1.99 0.318954
1.991 0.319255
1.992 0.319556
1.993 0.319857
1.994 0.320158
1.995 0.32046
1.996 0.320761
1.997 0.321063
1.998 0.321365
1.999 0.321667
2 0.32197
2.001 0.322272
2.002 0.322575
2.003 0.322877
2.004 0.32318
2.005 0.323483
2.006 0.323786
2.007 0.32409
2.008 0.324393
2.009 0.324697
2.01 0.325
2.011 0.325304
2.012 0.325608
2.013 0.325913
2.014 0.326217
2.015 0.326522
2.016 0.326826
2.017 0.327131
2.018 0.327436
2.019 0.327741
2.02 0.328047
2.021 0.328352
2.022 0.328658
2.023 0.328963
2.024 0.329269
2.025 0.329575
2.026 0.329881
2.027 0.330188
2.028 0.330494
2.029 0.330801
2.03 0.331108
2.031 0.331415
2.032 0.331722
2.033 0.332029
2.034 0.332336
2.035 0.332644
2.036 0.332952
2.037 0.333259
2.038 0.333567
2.039 0.333876
2.04 0.334184
2.041 0.334492
2.042 0.334801
2.043 0.33511
2.044 0.335419
2.045 0.335728
2.046 0.336037
2.047 0.336346
2.048 0.336656
2.049 0.336965
2.05 0.337275
2.051 0.337585
2.052 0.337895
2.053 0.338206
2.054 0.338516
2.055 0.338827
2.056 0.339137
2.057 0.339448
2.058 0.339759
2.059 0.34007
2.06 0.340382
2.061 0.340693
2.062 0.341005
2.063 0.341317
2.064 0.341629
2.065 0.341941
2.066 0.342253
2.067 0.342565
2.068 0.342878
2.069 0.343191
2.07 0.343503
2.071 0.343816
2.072 0.344129
2.073 0.344443
2.074 0.344756
2.075 0.34507
2.076 0.345384
2.077 0.345697
2.078 0.346012
2.079 0.346326
2.08 0.34664
2.081 0.346955
2.082 0.347269
2.083 0.347584
2.084 0.347899
2.085 0.348214
2.086 0.348529
2.087 0.348845
2.088 0.34916
2.089 0.349476
2.09 0.349792
2.091 0.350108
2.092 0.350424
2.093 0.35074
2.094 0.351057
2.095 0.351374
2.096 0.35169
2.097 0.352007
2.098 0.352324
2.099 0.352642
2.1 0.352959
2.101 0.353276
2.102 0.353594
2.103 0.353912
2.104 0.35423
2.105 0.354548
2.106 0.354866
2.107 0.355185
2.108 0.355503
2.109 0.355822
2.11 0.356141
2.111 0.35646
2.112 0.356779
2.113 0.357099
2.114 0.357418
2.115 0.357738
2.116 0.358057
2.117 0.358377
2.118 0.358697
2.119 0.359018
2.12 0.359338
2.121 0.359659
2.122 0.359979
2.123 0.3603
2.124 0.360621
2.125 0.360942
2.126 0.361264
2.127 0.361585
2.128 0.361907
2.129 0.362229
2.13 0.36255
2.131 0.362873
2.132 0.363195
2.133 0.363517
2.134 0.36384
2.135 0.364162
2.136 0.364485
2.137 0.364808
2.138 0.365131
2.139 0.365454
2.14 0.365778
2.141 0.366101
2.142 0.366425
2.143 0.366749
2.144 0.367073
2.145 0.367397
2.146 0.367722
2.147 0.368046
2.148 0.368371
2.149 0.368695
2.15 0.36902
2.151 0.369345
2.152 0.369671
2.153 0.369996
2.154 0.370322
2.155 0.370647
2.156 0.370973
2.157 0.371299
2.158 0.371625
2.159 0.371952
2.16 0.372278
2.161 0.372605
2.162 0.372931
2.163 0.373258
2.164 0.373585
2.165 0.373913
2.166 0.37424
2.167 0.374567
2.168 0.374895
2.169 0.375223
2.17 0.375551
2.171 0.375879
2.172 0.376207
2.173 0.376536
2.174 0.376864
2.175 0.377193
2.176 0.377522
2.177 0.377851
2.178 0.37818
2.179 0.378509
2.18 0.378839
2.181 0.379168
2.182 0.379498
2.183 0.379828
2.184 0.380158
2.185 0.380488
2.186 0.380819
2.187 0.381149
2.188 0.38148
2.189 0.381811
2.19 0.382142
2.191 0.382473
2.192 0.382804
2.193 0.383136
2.194 0.383467
2.195 0.383799
2.196 0.384131
2.197 0.384463
2.198 0.384795
2.199 0.385127
2.2 0.38546
2.201 0.385792
2.202 0.386125
2.203 0.386458
2.204 0.386791
2.205 0.387125
2.206 0.387458
2.207 0.387792
2.208 0.388125
2.209 0.388459
2.21 0.388793
2.211 0.389127
2.212 0.389462
2.213 0.389796
2.214 0.390131
2.215 0.390465
2.216 0.3908
2.217 0.391135
2.218 0.391471
2.219 0.391806
2.22 0.392141
2.221 0.392477
2.222 0.392813
2.223 0.393149
2.224 0.393485
2.225 0.393821
2.226 0.394158
2.227 0.394494
2.228 0.394831
2.229 0.395168
2.23 0.395505
2.231 0.395842
2.232 0.396179
2.233 0.396517
2.234 0.396855
2.235 0.397192
2.236 0.39753
2.237 0.397868
2.238 0.398207
2.239 0.398545
2.24 0.398884
2.241 0.399222
2.242 0.399561
2.243 0.3999
2.244 0.400239
2.245 0.400578
2.246 0.400918
2.247 0.401258
2.248 0.401597
2.249 0.401937
2.25 0.402277
2.251 0.402617
2.252 0.402958
2.253 0.403298
2.254 0.403639
2.255 0.40398
2.256 0.404321
2.257 0.404662
2.258 0.019635
2.259 0.019635
2.26 0.019635
2.261 0.019635
2.262 0.019635
2.263 0.019635
2.264 0.019635
2.265 0.019635
2.266 0.019635
2.267 0.019635
2.268 0.019635
2.269 0.019635
2.27 0.019635
2.271 0.019635
2.272 0.019635
2.273 0.019635
2.274 0.019635
2.275 0.019635
2.276 0.019635
2.277 0.019635
2.278 0.019635
2.279 0.019635
2.28 0.019635
2.281 0.019635
2.282 0.019635
2.283 0.019635
2.284 0.019635
2.285 0.019635
2.286 0.019635
2.287 0.019635
2.288 0.019635
2.289 0.019635
2.29 0.019635
2.291 0.019635
2.292 0.019635
2.293 0.019635
2.294 0.019635
2.295 0.019635
2.296 0.019635
2.297 0.019635
2.298 0.019635
2.299 0.019635
2.3 0.019635
2.301 0.019635
2.302 0.019635
2.303 0.019635
2.304 0.019635
2.305 0.019635
2.306 0.019635
2.307 0.019635
2.308 0.019635
2.309 0.019635
2.31 0.019635
2.311 0.019635
2.312 0.019635
2.313 0.019635
2.314 0.019635
2.315 0.019635
2.316 0.019635
2.317 0.019635
2.318 0.019635
2.319 0.019635
2.32 0.019635
2.321 0.019635
2.322 0.019635
2.323 0.019635
2.324 0.019635
2.325 0.019635
2.326 0.019635
2.327 0.019635
2.328 0.019635
2.329 0.019635
2.33 0.019635
2.331 0.019635
2.332 0.019635
2.333 0.019635
2.334 0.019635
2.335 0.019635
2.336 0.019635
2.337 0.019635
2.338 0.019635
2.339 0.019635
2.34 0.019635
2.341 0.019635
2.342 0.019635
2.343 0.019635
2.344 0.019635
2.345 0.019635
2.346 0.019635
2.347 0.019635
2.348 0.019635
2.349 0.019635
2.35 0.019635
2.351 0.019635
2.352 0.019635
2.353 0.019635
2.354 0.019635
2.355 0.019635
2.356 0.019635
2.357 0.019635
2.358 0.019635
2.359 0.019635
2.36 0.019635
2.361 0.019635
2.362 0.019635
2.363 0.019635
2.364 0.019635
2.365 0.019635
2.366 0.019635
2.367 0.019635
2.368 0.019635
2.369 0.019635
2.37 0.019635
2.371 0.019635
2.372 0.019635
2.373 0.019635
2.374 0.019635
2.375 0.019635
2.376 0.019635
2.377 0.019635
2.378 0.019635
2.379 0.019635
2.38 0.019635
2.381 0.019635
2.382 0.019635
2.383 0.019635
2.384 0.019635
2.385 0.019635
2.386 0.019635
2.387 0.019635
2.388 0.019635
2.389 0.019635
2.39 0.019635
2.391 0.019635
2.392 0.019635
2.393 0.019635
2.394 0.019635
2.395 0.019635
2.396 0.019635
2.397 0.019635
2.398 0.019635
2.399 0.019635
2.4 0.019635
2.401 0.019635
2.402 0.019635
2.403 0.019635
2.404 0.019635
2.405 0.019635
2.406 0.019635
2.407 0.019635
2.408 0.019635
2.409 0.019635
2.41 0.019635
2.411 0.019635
2.412 0.019635
2.413 0.019635
2.414 0.019635
2.415 0.019635
2.416 0.019635
2.417 0.019635
2.418 0.019635
2.419 0.019635
2.42 0.019635
2.421 0.019635
2.422 0.019635
2.423 0.019635
2.424 0.019635
2.425 0.019635
2.426 0.019635
2.427 0.019635
2.428 0.019635
2.429 0.019635
2.43 0.019635
2.431 0.019635
2.432 0.019635
2.433 0.019635
2.434 0.019635
2.435 0.019635
2.436 0.019635
2.437 0.019635
2.438 0.019635
2.439 0.019635
2.44 0.019635
2.441 0.019635
2.442 0.019635
2.443 0.019635
2.444 0.019635
2.445 0.019635
2.446 0.019635
2.447 0.019635
2.448 0.019635
2.449 0.019635
2.45 0.019635
2.451 0.019635
2.452 0.019635
2.453 0.019635
2.454 0.019635
2.455 0.019635
2.456 0.019635
2.457 0.019635
2.458 0.019635
2.459 0.019635
2.46 0.019635
2.461 0.019635
2.462 0.019635
2.463 0.019635
2.464 0.019635
2.465 0.019635
2.466 0.019635
2.467 0.019635
2.468 0.019635
2.469 0.019635
2.47 0.019635
2.471 0.019635
2.472 0.019635
2.473 0.019635
2.474 0.019635
2.475 0.019635
2.476 0.019635
2.477 0.019635
2.478 0.019635
2.479 0.019635
2.48 0.019635
2.481 0.019635
2.482 0.019635
2.483 0.019635
2.484 0.019635
2.485 0.019635
2.486 0.019635
2.487 0.019635
2.488 0.019635
2.489 0.019635
2.49 0.019635
2.491 0.019635
2.492 0.019635
2.493 0.019635
2.494 0.019635
2.495 0.019635
2.496 0.019635
2.497 0.019635
2.498 0.019635
2.499 0.019635
2.5 0.019635
2.501 0.019635
2.502 0.019635
2.503 0.019635
2.504 0.019635
2.505 0.019635
2.506 0.019635
2.507 0.019635
2.508 0.019635
2.509 0.019635
2.51 0.019635
2.511 0.019635
2.512 0.019635
2.513 0.019635
2.514 0.019635
2.515 0.019635
2.516 0.019635
2.517 0.019635
2.518 0.019635
2.519 0.019635
2.52 0.019635
2.521 0.019635
2.522 0.019635
2.523 0.019635
2.524 0.019635
2.525 0.019635
2.526 0.019635
2.527 0.019635
2.528 0.019635
2.529 0.019635
2.53 0.019635
2.531 0.019635
2.532 0.019635
2.533 0.019635
2.534 0.019635
2.535 0.019635
2.536 0.019635
2.537 0.019635
2.538 0.019635
2.539 0.019635
2.54 0.019635
2.541 0.019635
2.542 0.019635
2.543 0.019635
2.544 0.019635
2.545 0.019635
2.546 0.019635
2.547 0.019635
2.548 0.019635
2.549 0.019635
2.55 0.019635
2.551 0.019635
2.552 0.019635
2.553 0.019635
2.554 0.019635
2.555 0.019635
2.556 0.019635
2.557 0.019635
2.558 0.019635
2.559 0.019635
2.56 0.019635
2.561 0.019635
2.562 0.019635
2.563 0.019635
2.564 0.019635
2.565 0.019635
2.566 0.019635
2.567 0.019635
2.568 0.019635
2.569 0.019635
2.57 0.019635
2.571 0.019635
2.572 0.019635
2.573 0.019635
2.574 0.019635
2.575 0.019635
2.576 0.019635
2.577 0.019635
2.578 0.019635
2.579 0.019635
2.58 0.019635
2.581 0.019635
2.582 0.019635
2.583 0.019635
2.584 0.019635
2.585 0.019635
2.586 0.019635
2.587 0.019635
2.588 0.019635
2.589 0.019635
2.59 0.019635
2.591 0.019635
2.592 0.019635
2.593 0.019635
2.594 0.019635
2.595 0.019635
2.596 0.019635
2.597 0.019635
2.598 0.019635
2.599 0.019635
2.6 0.019635
2.601 0.019635
2.602 0.019635
2.603 0.019635
2.604 0.019635
2.605 0.019635
2.606 0.019635
2.607 0.019635
2.608 0.019635
2.609 0.019635
2.61 0.019635
2.611 0.019635
2.612 0.019635
2.613 0.019635
2.614 0.019635
2.615 0.019635
2.616 0.019635
2.617 0.019635
2.618 0.019635
2.619 0.019635
2.62 0.019635
2.621 0.019635
2.622 0.019635
2.623 0.019635
2.624 0.019635
2.625 0.019635
2.626 0.019635
2.627 0.019635
2.628 0.019635
2.629 0.019635
2.63 0.019635
2.631 0.019635
2.632 0.019635
2.633 0.019635
2.634 0.019635
2.635 0.019635
2.636 0.019635
2.637 0.019635
2.638 0.019635
2.639 0.019635
2.64 0.019635
2.641 0.019635
2.642 0.019635
2.643 0.019635
2.644 0.019635
2.645 0.019635
2.646 0.019635
2.647 0.019635
2.648 0.019635
2.649 0.019635
2.65 0.019635
2.651 0.019635
2.652 0.019635
2.653 0.019635
2.654 0.019635
2.655 0.019635
2.656 0.019635
2.657 0.019635
2.658 0.019635
2.659 0.019635
2.66 0.019635
2.661 0.019635
2.662 0.019635
2.663 0.019635
2.664 0.019635
2.665 0.019635
2.666 0.019635
2.667 0.019635
2.668 0.019635
2.669 0.019635
2.67 0.019635
2.671 0.019635
2.672 0.019635
2.673 0.019635
2.674 0.019635
2.675 0.019635
2.676 0.019635
2.677 0.019635
2.678 0.019635
2.679 0.019635
2.68 0.019635
2.681 0.019635
2.682 0.019635
2.683 0.019635
2.684 0.019635
2.685 0.019635
2.686 0.019635
2.687 0.019635
2.688 0.019635
2.689 0.019635
2.69 0.019635
2.691 0.019635
2.692 0.019635
2.693 0.019635
2.694 0.019635
2.695 0.019635
2.696 0.019635
2.697 0.019635
2.698 0.019635
2.699 0.019635
2.7 0.019635
2.701 0.019635
2.702 0.019635
2.703 0.019635
2.704 0.019635
2.705 0.019635
2.706 0.019635
2.707 0.019635
2.708 0.019635
2.709 0.019635
2.71 0.019635
2.711 0.019635
2.712 0.019635
2.713 0.019635
2.714 0.019635
2.715 0.019635
2.716 0.019635
2.717 0.019635
2.718 0.019635
2.719 0.019635
2.72 0.019635
2.721 0.019635
2.722 0.019635
2.723 0.019635
2.724 0.019635
2.725 0.019635
2.726 0.019635
2.727 0.019635
2.728 0.019635
2.729 0.019635
2.73 0.019635
2.731 0.019635
2.732 0.019635
2.733 0.019635
2.734 0.019635
2.735 0.019635
2.736 0.019635
2.737 0.019635
2.738 0.019635
2.739 0.019635
2.74 0.019635
2.741 0.019635
2.742 0.019635
2.743 0.019635
2.744 0.019635
2.745 0.019635
2.746 0.019635
2.747 0.019635
2.748 0.019635
2.749 0.019635
2.75 0.019635
2.751 0.019635
2.752 0.019635
2.753 0.019635
2.754 0.019635
2.755 0.019635
2.756 0.019635
2.757 0.019635
2.758 0.019635
2.759 0.019635
2.76 0.019635
2.761 0.019635
2.762 0.019635
2.763 0.019635
2.764 0.019635
2.765 0.019635
2.766 0.019635
2.767 0.019635
2.768 0.019635
2.769 0.019635
2.77 0.019635
2.771 0.019635
2.772 0.019635
2.773 0.019635
2.774 0.019635
2.775 0.019635
2.776 0.019635
2.777 0.019635
2.778 0.019635
2.779 0.019635
2.78 0.019635
2.781 0.019635
2.782 0.019635
2.783 0.019635
2.784 0.019635
2.785 0.019635
2.786 0.019635
2.787 0.019635
2.788 0.019635
2.789 0.019635
2.79 0.019635
2.791 0.019635
2.792 0.019635
2.793 0.019635
2.794 0.019635
2.795 0.019635
2.796 0.019635
2.797 0.019635
2.798 0.019635
2.799 0.019635
2.8 0.019635
2.801 0.019635
2.802 0.019635
2.803 0.019635
2.804 0.019635
2.805 0.019635
2.806 0.019635
2.807 0.019635
2.808 0.019635
2.809 0.019635
2.81 0.019635
2.811 0.019635
2.812 0.019635
2.813 0.019635
2.814 0.019635
2.815 0.019635
2.816 0.019635
2.817 0.019635
2.818 0.019635
2.819 0.019635
2.82 0.019635
2.821 0.019635
2.822 0.019635
2.823 0.019635
2.824 0.019635
2.825 0.019635
2.826 0.019635
2.827 0.019635
2.828 0.019635
2.829 0.019635
2.83 0.019635
2.831 0.019635
2.832 0.019635
2.833 0.019635
2.834 0.019635
2.835 0.019635
2.836 0.019635
2.837 0.019635
2.838 0.019635
2.839 0.019635
2.84 0.019635
2.841 0.019635
2.842 0.019635
2.843 0.019635
2.844 0.019635
2.845 0.019635
2.846 0.019635
2.847 0.019635
2.848 0.019635
2.849 0.019635
2.85 0.019635
2.851 0.019635
2.852 0.019635
2.853 0.019635
2.854 0.019635
2.855 0.019635
2.856 0.019635
2.857 0.019635
2.858 0.019635
2.859 0.019635
2.86 0.019635
2.861 0.019635
2.862 0.019635
2.863 0.019635
2.864 0.019635
2.865 0.019635
2.866 0.019635
2.867 0.019635
2.868 0.019635
2.869 0.019635
2.87 0.019635
2.871 0.019635
2.872 0.019635
2.873 0.019635
2.874 0.019635
2.875 0.019635
2.876 0.019635
2.877 0.019635
2.878 0.019635
2.879 0.019635
2.88 0.019635
2.881 0.019635
2.882 0.019635
2.883 0.019635
2.884 0.019635
2.885 0.019635
2.886 0.019635
2.887 0.019635
2.888 0.019635
2.889 0.019635
2.89 0.019635
2.891 0.019635
2.892 0.019635
2.893 0.019635
2.894 0.019635
2.895 0.019635
2.896 0.019635
2.897 0.019635
2.898 0.019635
2.899 0.019635
2.9 0.019635
2.901 0.019635
2.902 0.019635
2.903 0.019635
2.904 0.019635
2.905 0.019635
2.906 0.019635
2.907 0.019635
2.908 0.019635
2.909 0.019635
2.91 0.019635
2.911 0.019635
2.912 0.019635
2.913 0.019635
2.914 0.019635
2.915 0.019635
2.916 0.019635
2.917 0.019635
2.918 0.019635
2.919 0.019635
2.92 0.019635
2.921 0.019635
2.922 0.019635
2.923 0.019635
2.924 0.019635
2.925 0.019635
2.926 0.019635
2.927 0.019635
2.928 0.019635
2.929 0.019635
2.93 0.019635
2.931 0.019635
2.932 0.019635
2.933 0.019635
2.934 0.019635
2.935 0.019635
2.936 0.019635
2.937 0.019635
2.938 0.019635
2.939 0.019635
2.94 0.019635
2.941 0.019635
2.942 0.019635
2.943 0.019635
2.944 0.019635
2.945 0.019635
2.946 0.019635
2.947 0.019635
2.948 0.019635
2.949 0.019635
2.95 0.019635
2.951 0.019635
2.952 0.019635
2.953 0.019635
2.954 0.019635
2.955 0.019635
2.956 0.019635
2.957 0.019635
2.958 0.019635
2.959 0.019635
2.96 0.019635
2.961 0.019635
2.962 0.019635
2.963 0.019635
2.964 0.019635
2.965 0.019635
2.966 0.019635
2.967 0.019635
2.968 0.019635
2.969 0.019635
2.97 0.019635
2.971 0.019635
2.972 0.019635
2.973 0.019635
2.974 0.019635
2.975 0.019635
2.976 0.019635
2.977 0.019635
2.978 0.019635
2.979 0.019635
2.98 0.019635
2.981 0.019635
2.982 0.019635
2.983 0.019635
2.984 0.019635
2.985 0.019635
2.986 0.019635
2.987 0.019635
2.988 0.019635
2.989 0.019635
2.99 0.019635
2.991 0.019635
2.992 0.019635
2.993 0.019635
2.994 0.019635
2.995 0.019635
2.996 0.019635
2.997 0.019635
2.998 0.019635
2.999 0.019635
3 0.019635
3.001 0.019635
