0.01 0.654506
0.02 0.654529
0.03 0.654567
0.04 0.65462
0.05 0.654688
0.06 0.654771
0.07 0.654869
0.08 0.654982
0.09 0.655111
0.1 0.655254
0.11 0.655413
0.12 0.655587
0.13 0.655776
0.14 0.65598
0.15 0.656199
0.16 0.656434
0.17 0.656683
0.18 0.656948
0.19 0.657227
0.2 0.657522
0.21 0.657832
0.22 0.658157
0.23 0.658497
0.24 0.658852
0.25 0.659223
0.26 0.659608
0.27 0.660009
0.28 0.660424
0.29 0.660855
0.3 0.661301
0.31 0.661762
0.32 0.662238
0.33 0.66273
0.34 0.663236
0.35 0.663758
0.36 0.664294
0.37 0.664846
0.38 0.665413
0.39 0.665995
0.4 0.666592
0.41 0.667204
0.42 0.667832
0.43 0.668474
0.44 0.669132
0.45 0.669804
0.46 0.670492
0.47 0.671195
0.48 0.671913
0.49 0.672646
0.5 0.673395
0.51 0.674158
0.52 0.674936
0.53 0.67573
0.54 0.676539
0.55 0.677363
0.56 0.678202
0.57 0.679056
0.58 0.679925
0.59 0.680809
0.6 0.681709
0.61 0.682623
0.62 0.683553
0.63 0.684498
0.64 0.685458
0.65 0.686433
0.66 0.687423
0.67 0.688428
0.68 0.689448
0.69 0.690484
0.7 0.691535
0.71 0.6926
0.72 0.693681
0.73 0.694777
0.74 0.695888
0.75 0.697014
0.76 0.698156
0.77 0.699312
0.78 0.700484
0.79 0.70167
0.8 0.702872
0.81 0.704089
0.82 0.705321
0.83 0.706568
0.84 0.70783
0.85 0.709108
0.86 0.7104
0.87 0.711708
0.88 0.713031
0.89 0.714368
0.9 0.715721
0.91 0.717089
0.92 0.718473
0.93 0.719871
0.94 0.721284
0.95 0.722713
0.96 0.724156
0.97 0.725615
0.98 0.727089
0.99 0.728578
1 0.730082
1.01 0.731601
1.02 0.733136
1.03 0.734685
1.04 0.73625
1.05 0.73783
1.06 0.739424
1.07 0.741034
1.08 0.742659
1.09 0.7443
1.1 0.745955
1.11 0.747625
1.12 0.749311
1.13 0.751011
1.14 0.752727
1.15 0.754458
1.16 0.756204
1.17 0.757965
1.18 0.759741
1.19 0.761533
1.2 0.763339
1.21 0.765161
1.22 0.766997
1.23 0.768849
1.24 0.770716
1.25 0.772598
1.26 0.774495
1.27 0.776407
1.28 0.778335
1.29 0.780277
1.3 0.782235
1.31 0.784208
1.32 0.786196
1.33 0.788199
1.34 0.790217
1.35 0.79225
1.36 0.794298
1.37 0.796362
1.38 0.79844
1.39 0.800534
1.4 0.802643
1.41 0.804766
1.42 0.806905
1.43 0.80906
1.44 0.811229
1.45 0.813413
1.46 0.815613
1.47 0.817827
1.48 0.820057
1.49 0.822302
1.5 0.824562
1.51 0.826837
1.52 0.829127
1.53 0.831432
1.54 0.833753
1.55 0.836088
1.56 0.838439
1.57 0.840805
1.58 0.843186
1.59 0.845582
1.6 0.847993
1.61 0.850419
1.62 0.85286
1.63 0.855317
1.64 0.857788
1.65 0.860275
1.66 0.862777
1.67 0.865294
1.68 0.867826
1.69 0.870373
1.7 0.872935
1.71 0.875513
1.72 0.878105
1.73 0.880713
1.74 0.883336
1.75 0.885974
1.76 0.888627
1.77 0.891295
1.78 0.893978
1.79 0.896676
1.8 0.89939
1.81 0.902118
1.82 0.904862
1.83 0.907621
1.84 0.910395
1.85 0.913184
1.86 0.915988
1.87 0.918807
1.88 0.921641
1.89 0.924491
1.9 0.927356
1.91 0.930235
1.92 0.93313
1.93 0.93604
1.94 0.938965
1.95 0.941905
1.96 0.944861
1.97 0.947831
1.98 0.950817
1.99 0.953817
2 0.956833
2.01 0.959864
2.02 0.96291
2.03 0.965971
2.04 0.969048
2.05 0.972139
2.06 0.975245
2.07 0.978367
2.08 0.981504
2.09 0.984656
2.1 0.987823
2.11 0.991005
2.12 0.994202
2.13 0.997414
2.14 1.00064
2.15 1.00388
2.16 1.00714
2.17 1.01041
2.18 1.0137
2.19 1.01701
2.2 1.02032
2.21 1.02366
2.22 1.02701
2.23 1.03037
2.24 1.03375
2.25 1.03714
2.26 1.04055
2.27 0.654499
2.28 0.654504
2.29 0.654499
2.3 0.654499
2.31 0.654499
2.32 0.654499
2.33 0.654499
2.34 0.654499
2.35 0.654499
2.36 0.654499
2.37 0.654499
2.38 0.654499
2.39 0.654499
2.4 0.654499
2.41 0.654499
2.42 0.654499
2.43 0.654499
2.44 0.654499
2.45 0.654499
2.46 0.654499
2.47 0.654499
2.48 0.654499
2.49 0.654499
2.5 0.654499
2.51 0.654499
2.52 0.654499
2.53 0.654499
2.54 0.654499
2.55 0.654499
2.56 0.654499
2.57 0.654499
2.58 0.654499
2.59 0.654499
2.6 0.654499
2.61 0.654499
2.62 0.654499
2.63 0.654499
2.64 0.654499
2.65 0.654499
2.66 0.654499
2.67 0.654499
2.68 0.654499
2.69 0.654499
2.7 0.654499
2.71 0.654499
2.72 0.654499
2.73 0.654499
2.74 0.654499
2.75 0.654499
2.76 0.654499
2.77 0.654499
2.78 0.654499
2.79 0.654499
2.8 0.654499
2.81 0.654499
2.82 0.654499
2.83 0.654499
2.84 0.654499
2.85 0.654499
2.86 0.654499
2.87 0.654499
2.88 0.654499
2.89 0.654499
2.9 0.654499
2.91 0.654499
2.92 0.654499
2.93 0.654499
2.94 0.654499
2.95 0.654499
2.96 0.654499
2.97 0.654499
2.98 0.654499
2.99 0.654499
3 0.654499
3.01 0.654499
