0.01 0.038507
0.02 0.0377592
0.03 0.0370265
0.04 0.0363089
0.05 0.0356065
0.06 0.0349192
0.07 0.0342469
0.08 0.0335898
0.09 0.0329479
0.1 0.032321
0.11 0.0317092
0.12 0.0311126
0.13 0.0305311
0.14 0.0299647
0.15 0.0294134
0.16 0.0288772
0.17 0.0283562
0.18 0.0278503
0.19 0.0273594
0.2 0.0268837
0.21 0.0264232
0.22 0.0259777
0.23 0.0255473
0.24 0.0251321
0.25 0.024732
0.26 0.024347
0.27 0.0239771
0.28 0.0236224
0.29 0.0232827
0.3 0.0229582
0.31 0.0226488
0.32 0.0223545
0.33 0.0220753
0.34 0.0218112
0.35 0.0215623
0.36 0.0213284
0.37 0.0211097
0.38 0.0209061
0.39 0.0207176
0.4 0.0205443
0.41 0.020386
0.42 0.0202429
0.43 0.0201149
0.44 0.020002
0.45 0.0199042
0.46 0.0198215
0.47 0.019754
0.48 0.0197016
0.49 0.0196642
0.5 0.019642
0.51 0.019635
0.52 0.019643
0.53 0.0196662
0.54 0.0197044
0.55 0.0197578
0.56 0.0198263
0.57 0.0199099
0.58 0.0200087
0.59 0.0201225
0.6 0.0202515
0.61 0.0203956
0.62 0.0205548
0.63 0.0207291
0.64 0.0209185
0.65 0.0211231
0.66 0.0213428
0.67 0.0215775
0.68 0.0218275
0.69 0.0220925
0.7 0.0223726
0.71 0.0226679
0.72 0.0229782
0.73 0.0233037
0.74 0.0236443
0.75 0.024
0.76 0.0243709
0.77 0.0247568
0.78 0.0251579
0.79 0.0255741
0.8 0.0260054
0.81 0.0264518
0.82 0.0269134
0.83 0.02739
0.84 0.0278818
0.85 0.0283887
0.86 0.0289107
0.87 0.0294478
0.88 0.03
0.89 0.0305674
0.9 0.0311499
0.91 0.0317475
0.92 0.0323602
0.93 0.032988
0.94 0.0336309
0.95 0.034289
0.96 0.0349621
0.97 0.0356504
0.98 0.0363538
0.99 0.0370724
1 0.037806
1.01 0.0385548
1.02 0.0393186
1.03 0.0400976
1.04 0.0408917
1.05 0.041701
1.06 0.0425253
1.07 0.0433647
1.08 0.0442193
1.09 0.045089
1.1 0.0459738
1.11 0.0468737
1.12 0.0477888
1.13 0.0487189
1.14 0.0496642
1.15 0.0506246
1.16 0.0516001
1.17 0.0525907
1.18 0.0535965
1.19 0.0546173
1.2 0.0556533
1.21 0.0567044
1.22 0.0577706
1.23 0.0588519
1.24 0.0599484
1.25 0.0610599
1.26 0.0621866
1.27 0.0633284
1.28 0.0644853
1.29 0.0656573
1.3 0.0668445
1.31 0.0680467
1.32 0.0692641
1.33 0.0704966
1.34 0.0717442
1.35 0.0730069
1.36 0.0742848
1.37 0.0755777
1.38 0.0768858
1.39 0.078209
1.4 0.0795473
1.41 0.0809007
1.42 0.0822693
1.43 0.0836529
1.44 0.0850517
1.45 0.0864656
1.46 0.0878946
1.47 0.0893387
1.48 0.090798
1.49 0.0922723
1.5 0.0937618
1.51 0.0952664
1.52 0.0967861
1.53 0.0983209
1.54 0.0998709
1.55 0.101436
1.56 0.103016
1.57 0.104611
1.58 0.106222
1.59 0.107847
1.6 0.109488
1.61 0.111144
1.62 0.112815
1.63 0.114501
1.64 0.116202
1.65 0.117918
1.66 0.119649
1.67 0.121396
1.68 0.123157
1.69 0.124934
1.7 0.126726
1.71 0.128533
1.72 0.130355
1.73 0.132192
1.74 0.134044
1.75 0.135912
1.76 0.137794
1.77 0.139692
1.78 0.141605
1.79 0.143532
1.8 0.145475
1.81 0.147433
1.82 0.149407
1.83 0.151395
1.84 0.153398
1.85 0.155417
1.86 0.157451
1.87 0.159499
1.88 0.161563
1.89 0.163642
1.9 0.165737
1.91 0.167846
1.92 0.16997
1.93 0.17211
1.94 0.174264
1.95 0.176434
1.96 0.178619
1.97 0.180819
1.98 0.183034
1.99 0.185264
2 0.187509
2.01 0.18977
2.02 0.192045
2.03 0.194336
2.04 0.196642
2.05 0.198963
2.06 0.201299
2.07 0.20365
2.08 0.206016
2.09 0.208397
2.1 0.210794
2.11 0.213206
2.12 0.215632
2.13 0.218074
2.14 0.220531
2.15 0.223003
2.16 0.22549
2.17 0.227993
2.18 0.23051
2.19 0.233043
2.2 0.23559
2.21 0.238153
2.22 0.240731
2.23 0.243324
2.24 0.245932
2.25 0.248555
2.26 0.251194
2.27 0.253847
2.28 0.256516
2.29 0.259199
2.3 0.261898
2.31 0.264612
2.32 0.267341
2.33 0.270085
2.34 0.272844
2.35 0.275619
2.36 0.278408
2.37 0.281213
2.38 0.284033
2.39 0.286868
2.4 0.289718
2.41 0.292583
2.42 0.295463
2.43 0.298358
2.44 0.301269
2.45 0.304194
2.46 0.307135
2.47 0.310091
2.48 0.313062
2.49 0.316048
2.5 0.319049
2.51 0.322065
2.52 0.325097
2.53 0.328143
2.54 0.331205
2.55 0.334281
2.56 0.337373
2.57 0.34048
2.58 0.343602
2.59 0.346739
2.6 0.349892
2.61 0.353059
2.62 0.356242
2.63 0.359439
2.64 0.362652
2.65 0.36588
2.66 0.369123
2.67 0.372381
2.68 0.375655
2.69 0.378943
2.7 0.382246
2.71 0.385565
2.72 0.388899
2.73 0.392248
2.74 0.395611
2.75 0.398991
2.76 0.402385
2.77 0.405794
2.78 0.409218
2.79 0.412658
2.8 0.416113
2.81 0.419582
2.82 0.423067
2.83 0.426567
2.84 0.019635
2.85 0.0196421
2.86 0.019635
2.87 0.019635
2.88 0.019635
2.89 0.019635
2.9 0.019635
2.91 0.019635
2.92 0.019635
2.93 0.019635
2.94 0.019635
2.95 0.019635
2.96 0.019635
2.97 0.019635
2.98 0.019635
2.99 0.019635
3 0.019635
3.01 0.019635
