0.001 0.0391929
0.002 0.0391161
0.003 0.0390394
0.004 0.0389629
0.005 0.0388866
0.006 0.0388103
0.007 0.0387343
0.008 0.0386584
0.009 0.0385826
0.01 0.038507
0.011 0.0384315
0.012 0.0383562
0.013 0.0382811
0.014 0.0382061
0.015 0.0381312
0.016 0.0380565
0.017 0.0379819
0.018 0.0379075
0.019 0.0378333
0.02 0.0377592
0.021 0.0376852
0.022 0.0376114
0.023 0.0375378
0.024 0.0374643
0.025 0.037391
0.026 0.0373178
0.027 0.0372447
0.028 0.0371718
0.029 0.0370991
0.03 0.0370265
0.031 0.0369541
0.032 0.0368818
0.033 0.0368096
0.034 0.0367377
0.035 0.0366658
0.036 0.0365942
0.037 0.0365226
0.038 0.0364512
0.039 0.03638
0.04 0.0363089
0.041 0.036238
0.042 0.0361672
0.043 0.0360966
0.044 0.0360261
0.045 0.0359558
0.046 0.0358857
0.047 0.0358156
0.048 0.0357458
0.049 0.0356761
0.05 0.0356065
0.051 0.0355371
0.052 0.0354678
0.053 0.0353987
0.054 0.0353297
0.055 0.0352609
0.056 0.0351923
0.057 0.0351238
0.058 0.0350554
0.059 0.0349872
0.06 0.0349192
0.061 0.0348513
0.062 0.0347835
0.063 0.0347159
0.064 0.0346485
0.065 0.0345812
0.066 0.034514
0.067 0.034447
0.068 0.0343802
0.069 0.0343135
0.07 0.0342469
0.071 0.0341805
0.072 0.0341143
0.073 0.0340482
0.074 0.0339823
0.075 0.0339165
0.076 0.0338509
0.077 0.0337854
0.078 0.03372
0.079 0.0336549
0.08 0.0335898
0.081 0.033525
0.082 0.0334602
0.083 0.0333957
0.084 0.0333312
0.085 0.033267
0.086 0.0332028
0.087 0.0331389
0.088 0.033075
0.089 0.0330114
0.09 0.0329479
0.091 0.0328845
0.092 0.0328213
0.093 0.0327582
0.094 0.0326953
0.095 0.0326325
0.096 0.0325699
0.097 0.0325075
0.098 0.0324452
0.099 0.032383
0.1 0.032321
0.101 0.0322591
0.102 0.0321974
0.103 0.0321359
0.104 0.0320745
0.105 0.0320132
0.106 0.0319521
0.107 0.0318912
0.108 0.0318304
0.109 0.0317697
0.11 0.0317092
0.111 0.0316489
0.112 0.0315887
0.113 0.0315287
0.114 0.0314688
0.115 0.031409
0.116 0.0313494
0.117 0.03129
0.118 0.0312307
0.119 0.0311716
0.12 0.0311126
0.121 0.0310538
0.122 0.0309951
0.123 0.0309366
0.124 0.0308782
0.125 0.03082
0.126 0.0307619
0.127 0.030704
0.128 0.0306462
0.129 0.0305886
0.13 0.0305311
0.131 0.0304738
0.132 0.0304166
0.133 0.0303596
0.134 0.0303027
0.135 0.030246
0.136 0.0301894
0.137 0.030133
0.138 0.0300768
0.139 0.0300206
0.14 0.0299647
0.141 0.0299089
0.142 0.0298532
0.143 0.0297977
0.144 0.0297424
0.145 0.0296872
0.146 0.0296321
0.147 0.0295772
0.148 0.0295225
0.149 0.0294679
0.15 0.0294134
0.151 0.0293591
0.152 0.029305
0.153 0.029251
0.154 0.0291971
0.155 0.0291434
0.156 0.0290899
0.157 0.0290365
0.158 0.0289833
0.159 0.0289302
0.16 0.0288772
0.161 0.0288245
0.162 0.0287718
0.163 0.0287193
0.164 0.028667
0.165 0.0286148
0.166 0.0285628
0.167 0.0285109
0.168 0.0284592
0.169 0.0284076
0.17 0.0283562
0.171 0.0283049
0.172 0.0282538
0.173 0.0282028
0.174 0.028152
0.175 0.0281013
0.176 0.0280508
0.177 0.0280005
0.178 0.0279502
0.179 0.0279002
0.18 0.0278503
0.181 0.0278005
0.182 0.0277509
0.183 0.0277014
0.184 0.0276521
0.185 0.027603
0.186 0.027554
0.187 0.0275051
0.188 0.0274564
0.189 0.0274078
0.19 0.0273594
0.191 0.0273112
0.192 0.0272631
0.193 0.0272151
0.194 0.0271673
0.195 0.0271197
0.196 0.0270722
0.197 0.0270249
0.198 0.0269777
0.199 0.0269306
0.2 0.0268837
0.201 0.026837
0.202 0.0267904
0.203 0.026744
0.204 0.0266977
0.205 0.0266516
0.206 0.0266056
0.207 0.0265597
0.208 0.0265141
0.209 0.0264685
0.21 0.0264232
0.211 0.0263779
0.212 0.0263329
0.213 0.0262879
0.214 0.0262432
0.215 0.0261985
0.216 0.0261541
0.217 0.0261097
0.218 0.0260656
0.219 0.0260216
0.22 0.0259777
0.221 0.025934
0.222 0.0258904
0.223 0.025847
0.224 0.0258037
0.225 0.0257606
0.226 0.0257177
0.227 0.0256749
0.228 0.0256322
0.229 0.0255897
0.23 0.0255473
0.231 0.0255051
0.232 0.0254631
0.233 0.0254212
0.234 0.0253794
0.235 0.0253378
0.236 0.0252964
0.237 0.0252551
0.238 0.0252139
0.239 0.025173
0.24 0.0251321
0.241 0.0250914
0.242 0.0250509
0.243 0.0250105
0.244 0.0249703
0.245 0.0249302
0.246 0.0248902
0.247 0.0248504
0.248 0.0248108
0.249 0.0247713
0.25 0.024732
0.251 0.0246928
0.252 0.0246538
0.253 0.0246149
0.254 0.0245762
0.255 0.0245376
0.256 0.0244992
0.257 0.0244609
0.258 0.0244228
0.259 0.0243848
0.26 0.024347
0.261 0.0243093
0.262 0.0242718
0.263 0.0242344
0.264 0.0241972
0.265 0.0241602
0.266 0.0241233
0.267 0.0240865
0.268 0.0240499
0.269 0.0240134
0.27 0.0239771
0.271 0.023941
0.272 0.023905
0.273 0.0238691
0.274 0.0238334
0.275 0.0237978
0.276 0.0237624
0.277 0.0237272
0.278 0.0236921
0.279 0.0236571
0.28 0.0236224
0.281 0.0235877
0.282 0.0235532
0.283 0.0235189
0.284 0.0234847
0.285 0.0234506
0.286 0.0234167
0.287 0.023383
0.288 0.0233494
0.289 0.023316
0.29 0.0232827
0.291 0.0232496
0.292 0.0232166
0.293 0.0231838
0.294 0.0231511
0.295 0.0231185
0.296 0.0230862
0.297 0.0230539
0.298 0.0230219
0.299 0.0229899
0.3 0.0229582
0.301 0.0229265
0.302 0.0228951
0.303 0.0228638
0.304 0.0228326
0.305 0.0228016
0.306 0.0227707
0.307 0.02274
0.308 0.0227094
0.309 0.022679
0.31 0.0226488
0.311 0.0226186
0.312 0.0225887
0.313 0.0225589
0.314 0.0225292
0.315 0.0224997
0.316 0.0224704
0.317 0.0224412
0.318 0.0224121
0.319 0.0223832
0.32 0.0223545
0.321 0.0223259
0.322 0.0222974
0.323 0.0222691
0.324 0.022241
0.325 0.022213
0.326 0.0221851
0.327 0.0221574
0.328 0.0221299
0.329 0.0221025
0.33 0.0220753
0.331 0.0220482
0.332 0.0220213
0.333 0.0219945
0.334 0.0219678
0.335 0.0219414
0.336 0.021915
0.337 0.0218888
0.338 0.0218628
0.339 0.0218369
0.34 0.0218112
0.341 0.0217856
0.342 0.0217602
0.343 0.0217349
0.344 0.0217098
0.345 0.0216848
0.346 0.02166
0.347 0.0216354
0.348 0.0216108
0.349 0.0215865
0.35 0.0215623
0.351 0.0215382
0.352 0.0215143
0.353 0.0214905
0.354 0.0214669
0.355 0.0214435
0.356 0.0214201
0.357 0.021397
0.358 0.021374
0.359 0.0213511
0.36 0.0213284
0.361 0.0213059
0.362 0.0212835
0.363 0.0212612
0.364 0.0212391
0.365 0.0212172
0.366 0.0211954
0.367 0.0211737
0.368 0.0211522
0.369 0.0211309
0.37 0.0211097
0.371 0.0210887
0.372 0.0210678
0.373 0.021047
0.374 0.0210265
0.375 0.021006
0.376 0.0209857
0.377 0.0209656
0.378 0.0209456
0.379 0.0209258
0.38 0.0209061
0.381 0.0208866
0.382 0.0208672
0.383 0.020848
0.384 0.0208289
0.385 0.02081
0.386 0.0207912
0.387 0.0207726
0.388 0.0207541
0.389 0.0207358
0.39 0.0207176
0.391 0.0206996
0.392 0.0206818
0.393 0.020664
0.394 0.0206465
0.395 0.0206291
0.396 0.0206118
0.397 0.0205947
0.398 0.0205777
0.399 0.0205609
0.4 0.0205443
0.401 0.0205278
0.402 0.0205114
0.403 0.0204952
0.404 0.0204792
0.405 0.0204633
0.406 0.0204475
0.407 0.0204319
0.408 0.0204165
0.409 0.0204012
0.41 0.020386
0.411 0.020371
0.412 0.0203562
0.413 0.0203415
0.414 0.020327
0.415 0.0203126
0.416 0.0202983
0.417 0.0202842
0.418 0.0202703
0.419 0.0202565
0.42 0.0202429
0.421 0.0202294
0.422 0.0202161
0.423 0.0202029
0.424 0.0201899
0.425 0.020177
0.426 0.0201643
0.427 0.0201517
0.428 0.0201393
0.429 0.020127
0.43 0.0201149
0.431 0.0201029
0.432 0.0200911
0.433 0.0200794
0.434 0.0200679
0.435 0.0200565
0.436 0.0200453
0.437 0.0200343
0.438 0.0200233
0.439 0.0200126
0.44 0.020002
0.441 0.0199915
0.442 0.0199812
0.443 0.0199711
0.444 0.0199611
0.445 0.0199512
0.446 0.0199415
0.447 0.0199319
0.448 0.0199225
0.449 0.0199133
0.45 0.0199042
0.451 0.0198952
0.452 0.0198865
0.453 0.0198778
0.454 0.0198693
0.455 0.019861
0.456 0.0198528
0.457 0.0198447
0.458 0.0198369
0.459 0.0198291
0.46 0.0198215
0.461 0.0198141
0.462 0.0198068
0.463 0.0197997
0.464 0.0197927
0.465 0.0197859
0.466 0.0197792
0.467 0.0197727
0.468 0.0197663
0.469 0.0197601
0.47 0.019754
0.471 0.0197481
0.472 0.0197423
0.473 0.0197367
0.474 0.0197312
0.475 0.0197259
0.476 0.0197207
0.477 0.0197157
0.478 0.0197108
0.479 0.0197061
0.48 0.0197016
0.481 0.0196971
0.482 0.0196929
0.483 0.0196888
0.484 0.0196848
0.485 0.019681
0.486 0.0196774
0.487 0.0196738
0.488 0.0196705
0.489 0.0196673
0.49 0.0196642
0.491 0.0196613
0.492 0.0196586
0.493 0.019656
0.494 0.0196535
0.495 0.0196513
0.496 0.0196491
0.497 0.0196471
0.498 0.0196453
0.499 0.0196436
0.5 0.019642
0.501 0.0196407
0.502 0.0196394
0.503 0.0196383
0.504 0.0196374
0.505 0.0196366
0.506 0.019636
0.507 0.0196355
0.508 0.0196352
0.509 0.019635
0.51 0.019635
0.511 0.0196351
0.512 0.0196354
0.513 0.0196358
0.514 0.0196364
0.515 0.0196371
0.516 0.019638
0.517 0.019639
0.518 0.0196402
0.519 0.0196415
0.52 0.019643
0.521 0.0196446
0.522 0.0196464
0.523 0.0196484
0.524 0.0196504
0.525 0.0196527
0.526 0.0196551
0.527 0.0196576
0.528 0.0196603
0.529 0.0196632
0.53 0.0196662
0.531 0.0196693
0.532 0.0196726
0.533 0.019676
0.534 0.0196796
0.535 0.0196834
0.536 0.0196873
0.537 0.0196914
0.538 0.0196956
0.539 0.0196999
0.54 0.0197044
0.541 0.0197091
0.542 0.0197139
0.543 0.0197188
0.544 0.019724
0.545 0.0197292
0.546 0.0197346
0.547 0.0197402
0.548 0.0197459
0.549 0.0197518
0.55 0.0197578
0.551 0.019764
0.552 0.0197703
0.553 0.0197768
0.554 0.0197834
0.555 0.0197902
0.556 0.0197971
0.557 0.0198042
0.558 0.0198114
0.559 0.0198188
0.56 0.0198263
0.561 0.019834
0.562 0.0198418
0.563 0.0198498
0.564 0.0198579
0.565 0.0198662
0.566 0.0198747
0.567 0.0198833
0.568 0.019892
0.569 0.0199009
0.57 0.0199099
0.571 0.0199191
0.572 0.0199285
0.573 0.019938
0.574 0.0199476
0.575 0.0199574
0.576 0.0199674
0.577 0.0199775
0.578 0.0199877
0.579 0.0199981
0.58 0.0200087
0.581 0.0200194
0.582 0.0200302
0.583 0.0200412
0.584 0.0200524
0.585 0.0200637
0.586 0.0200752
0.587 0.0200868
0.588 0.0200985
0.589 0.0201105
0.59 0.0201225
0.591 0.0201347
0.592 0.0201471
0.593 0.0201596
0.594 0.0201723
0.595 0.0201851
0.596 0.0201981
0.597 0.0202112
0.598 0.0202245
0.599 0.0202379
0.6 0.0202515
0.601 0.0202652
0.602 0.0202791
0.603 0.0202931
0.604 0.0203073
0.605 0.0203216
0.606 0.0203361
0.607 0.0203508
0.608 0.0203655
0.609 0.0203805
0.61 0.0203956
0.611 0.0204108
0.612 0.0204262
0.613 0.0204417
0.614 0.0204574
0.615 0.0204733
0.616 0.0204893
0.617 0.0205054
0.618 0.0205217
0.619 0.0205382
0.62 0.0205548
0.621 0.0205715
0.622 0.0205884
0.623 0.0206055
0.624 0.0206227
0.625 0.02064
0.626 0.0206576
0.627 0.0206752
0.628 0.020693
0.629 0.020711
0.63 0.0207291
0.631 0.0207474
0.632 0.0207658
0.633 0.0207843
0.634 0.0208031
0.635 0.0208219
0.636 0.0208409
0.637 0.0208601
0.638 0.0208794
0.639 0.0208989
0.64 0.0209185
0.641 0.0209383
0.642 0.0209582
0.643 0.0209783
0.644 0.0209985
0.645 0.0210189
0.646 0.0210395
0.647 0.0210601
0.648 0.021081
0.649 0.021102
0.65 0.0211231
0.651 0.0211444
0.652 0.0211658
0.653 0.0211874
0.654 0.0212091
0.655 0.021231
0.656 0.0212531
0.657 0.0212753
0.658 0.0212976
0.659 0.0213201
0.66 0.0213428
0.661 0.0213656
0.662 0.0213885
0.663 0.0214116
0.664 0.0214349
0.665 0.0214583
0.666 0.0214818
0.667 0.0215055
0.668 0.0215294
0.669 0.0215534
0.67 0.0215775
0.671 0.0216019
0.672 0.0216263
0.673 0.0216509
0.674 0.0216757
0.675 0.0217006
0.676 0.0217257
0.677 0.0217509
0.678 0.0217763
0.679 0.0218018
0.68 0.0218275
0.681 0.0218533
0.682 0.0218792
0.683 0.0219054
0.684 0.0219316
0.685 0.0219581
0.686 0.0219846
0.687 0.0220114
0.688 0.0220383
0.689 0.0220653
0.69 0.0220925
0.691 0.0221198
0.692 0.0221473
0.693 0.0221749
0.694 0.0222027
0.695 0.0222306
0.696 0.0222587
0.697 0.022287
0.698 0.0223154
0.699 0.0223439
0.7 0.0223726
0.701 0.0224015
0.702 0.0224304
0.703 0.0224596
0.704 0.0224889
0.705 0.0225183
0.706 0.0225479
0.707 0.0225777
0.708 0.0226076
0.709 0.0226377
0.71 0.0226679
0.711 0.0226982
0.712 0.0227287
0.713 0.0227594
0.714 0.0227902
0.715 0.0228212
0.716 0.0228523
0.717 0.0228835
0.718 0.0229149
0.719 0.0229465
0.72 0.0229782
0.721 0.0230101
0.722 0.0230421
0.723 0.0230743
0.724 0.0231066
0.725 0.0231391
0.726 0.0231717
0.727 0.0232045
0.728 0.0232374
0.729 0.0232705
0.73 0.0233037
0.731 0.0233371
0.732 0.0233706
0.733 0.0234043
0.734 0.0234381
0.735 0.0234721
0.736 0.0235063
0.737 0.0235406
0.738 0.023575
0.739 0.0236096
0.74 0.0236443
0.741 0.0236792
0.742 0.0237143
0.743 0.0237495
0.744 0.0237848
0.745 0.0238203
0.746 0.0238559
0.747 0.0238917
0.748 0.0239277
0.749 0.0239638
0.75 0.024
0.751 0.0240364
0.752 0.024073
0.753 0.0241097
0.754 0.0241466
0.755 0.0241836
0.756 0.0242207
0.757 0.024258
0.758 0.0242955
0.759 0.0243331
0.76 0.0243709
0.761 0.0244088
0.762 0.0244469
0.763 0.0244851
0.764 0.0245235
0.765 0.024562
0.766 0.0246006
0.767 0.0246395
0.768 0.0246784
0.769 0.0247176
0.77 0.0247568
0.771 0.0247963
0.772 0.0248358
0.773 0.0248756
0.774 0.0249155
0.775 0.0249555
0.776 0.0249957
0.777 0.025036
0.778 0.0250765
0.779 0.0251171
0.78 0.0251579
0.781 0.0251988
0.782 0.0252399
0.783 0.0252812
0.784 0.0253226
0.785 0.0253641
0.786 0.0254058
0.787 0.0254477
0.788 0.0254896
0.789 0.0255318
0.79 0.0255741
0.791 0.0256165
0.792 0.0256591
0.793 0.0257019
0.794 0.0257448
0.795 0.0257879
0.796 0.0258311
0.797 0.0258744
0.798 0.0259179
0.799 0.0259616
0.8 0.0260054
0.801 0.0260494
0.802 0.0260935
0.803 0.0261377
0.804 0.0261822
0.805 0.0262267
0.806 0.0262714
0.807 0.0263163
0.808 0.0263613
0.809 0.0264065
0.81 0.0264518
0.811 0.0264973
0.812 0.0265429
0.813 0.0265887
0.814 0.0266346
0.815 0.0266807
0.816 0.0267269
0.817 0.0267733
0.818 0.0268198
0.819 0.0268665
0.82 0.0269134
0.821 0.0269603
0.822 0.0270075
0.823 0.0270548
0.824 0.0271022
0.825 0.0271498
0.826 0.0271975
0.827 0.0272454
0.828 0.0272935
0.829 0.0273417
0.83 0.02739
0.831 0.0274385
0.832 0.0274872
0.833 0.027536
0.834 0.0275849
0.835 0.027634
0.836 0.0276833
0.837 0.0277327
0.838 0.0277822
0.839 0.0278319
0.84 0.0278818
0.841 0.0279318
0.842 0.027982
0.843 0.0280323
0.844 0.0280827
0.845 0.0281333
0.846 0.0281841
0.847 0.028235
0.848 0.0282861
0.849 0.0283373
0.85 0.0283887
0.851 0.0284402
0.852 0.0284919
0.853 0.0285437
0.854 0.0285957
0.855 0.0286478
0.856 0.0287001
0.857 0.0287525
0.858 0.0288051
0.859 0.0288578
0.86 0.0289107
0.861 0.0289637
0.862 0.0290169
0.863 0.0290702
0.864 0.0291237
0.865 0.0291774
0.866 0.0292311
0.867 0.0292851
0.868 0.0293392
0.869 0.0293934
0.87 0.0294478
0.871 0.0295023
0.872 0.029557
0.873 0.0296119
0.874 0.0296669
0.875 0.029722
0.876 0.0297773
0.877 0.0298328
0.878 0.0298884
0.879 0.0299441
0.88 0.03
0.881 0.0300561
0.882 0.0301123
0.883 0.0301687
0.884 0.0302252
0.885 0.0302818
0.886 0.0303386
0.887 0.0303956
0.888 0.0304527
0.889 0.03051
0.89 0.0305674
0.891 0.030625
0.892 0.0306827
0.893 0.0307405
0.894 0.0307986
0.895 0.0308567
0.896 0.0309151
0.897 0.0309735
0.898 0.0310322
0.899 0.0310909
0.9 0.0311499
0.901 0.0312089
0.902 0.0312682
0.903 0.0313276
0.904 0.0313871
0.905 0.0314468
0.906 0.0315066
0.907 0.0315666
0.908 0.0316267
0.909 0.031687
0.91 0.0317475
0.911 0.031808
0.912 0.0318688
0.913 0.0319297
0.914 0.0319907
0.915 0.0320519
0.916 0.0321133
0.917 0.0321748
0.918 0.0322364
0.919 0.0322982
0.92 0.0323602
0.921 0.0324223
0.922 0.0324845
0.923 0.0325469
0.924 0.0326095
0.925 0.0326722
0.926 0.032735
0.927 0.032798
0.928 0.0328612
0.929 0.0329245
0.93 0.032988
0.931 0.0330516
0.932 0.0331154
0.933 0.0331793
0.934 0.0332433
0.935 0.0333076
0.936 0.0333719
0.937 0.0334365
0.938 0.0335011
0.939 0.0335659
0.94 0.0336309
0.941 0.033696
0.942 0.0337613
0.943 0.0338267
0.944 0.0338923
0.945 0.0339581
0.946 0.0340239
0.947 0.03409
0.948 0.0341562
0.949 0.0342225
0.95 0.034289
0.951 0.0343556
0.952 0.0344224
0.953 0.0344893
0.954 0.0345564
0.955 0.0346237
0.956 0.0346911
0.957 0.0347586
0.958 0.0348263
0.959 0.0348942
0.96 0.0349621
0.961 0.0350303
0.962 0.0350986
0.963 0.035167
0.964 0.0352356
0.965 0.0353044
0.966 0.0353733
0.967 0.0354424
0.968 0.0355116
0.969 0.0355809
0.97 0.0356504
0.971 0.0357201
0.972 0.0357899
0.973 0.0358599
0.974 0.03593
0.975 0.0360003
0.976 0.0360707
0.977 0.0361412
0.978 0.036212
0.979 0.0362828
0.98 0.0363538
0.981 0.036425
0.982 0.0364963
0.983 0.0365678
0.984 0.0366394
0.985 0.0367112
0.986 0.0367831
0.987 0.0368552
0.988 0.0369275
0.989 0.0369998
0.99 0.0370724
0.991 0.037145
0.992 0.0372179
0.993 0.0372909
0.994 0.037364
0.995 0.0374373
0.996 0.0375107
0.997 0.0375843
0.998 0.0376581
0.999 0.037732
1 0.037806
1.001 0.0378802
1.002 0.0379545
1.003 0.038029
1.004 0.0381037
1.005 0.0381785
1.006 0.0382534
1.007 0.0383285
1.008 0.0384038
1.009 0.0384792
1.01 0.0385548
1.011 0.0386305
1.012 0.0387063
1.013 0.0387823
1.014 0.0388585
1.015 0.0389348
1.016 0.0390113
1.017 0.0390879
1.018 0.0391646
1.019 0.0392416
1.02 0.0393186
1.021 0.0393959
1.022 0.0394732
1.023 0.0395507
1.024 0.0396284
1.025 0.0397062
1.026 0.0397842
1.027 0.0398623
1.028 0.0399406
1.029 0.040019
1.03 0.0400976
1.031 0.0401764
1.032 0.0402552
1.033 0.0403343
1.034 0.0404135
1.035 0.0404928
1.036 0.0405723
1.037 0.0406519
1.038 0.0407317
1.039 0.0408116
1.04 0.0408917
1.041 0.040972
1.042 0.0410524
1.043 0.0411329
1.044 0.0412136
1.045 0.0412945
1.046 0.0413754
1.047 0.0414566
1.048 0.0415379
1.049 0.0416193
1.05 0.041701
1.051 0.0417827
1.052 0.0418646
1.053 0.0419467
1.054 0.0420289
1.055 0.0421112
1.056 0.0421937
1.057 0.0422764
1.058 0.0423592
1.059 0.0424422
1.06 0.0425253
1.061 0.0426086
1.062 0.042692
1.063 0.0427755
1.064 0.0428593
1.065 0.0429431
1.066 0.0430272
1.067 0.0431113
1.068 0.0431956
1.069 0.0432801
1.07 0.0433647
1.071 0.0434495
1.072 0.0435345
1.073 0.0436195
1.074 0.0437048
1.075 0.0437901
1.076 0.0438757
1.077 0.0439614
1.078 0.0440472
1.079 0.0441332
1.08 0.0442193
1.081 0.0443056
1.082 0.044392
1.083 0.0444786
1.084 0.0445654
1.085 0.0446523
1.086 0.0447393
1.087 0.0448265
1.088 0.0449139
1.089 0.0450014
1.09 0.045089
1.091 0.0451768
1.092 0.0452648
1.093 0.0453529
1.094 0.0454411
1.095 0.0455295
1.096 0.0456181
1.097 0.0457068
1.098 0.0457956
1.099 0.0458847
1.1 0.0459738
1.101 0.0460631
1.102 0.0461526
1.103 0.0462422
1.104 0.046332
1.105 0.0464219
1.106 0.046512
1.107 0.0466022
1.108 0.0466925
1.109 0.0467831
1.11 0.0468737
1.111 0.0469646
1.112 0.0470555
1.113 0.0471467
1.114 0.0472379
1.115 0.0473294
1.116 0.0474209
1.117 0.0475127
1.118 0.0476046
1.119 0.0476966
1.12 0.0477888
1.121 0.0478811
1.122 0.0479736
1.123 0.0480662
1.124 0.048159
1.125 0.048252
1.126 0.0483451
1.127 0.0484383
1.128 0.0485317
1.129 0.0486252
1.13 0.0487189
1.131 0.0488128
1.132 0.0489068
1.133 0.0490009
1.134 0.0490952
1.135 0.0491897
1.136 0.0492843
1.137 0.049379
1.138 0.0494739
1.139 0.049569
1.14 0.0496642
1.141 0.0497596
1.142 0.0498551
1.143 0.0499507
1.144 0.0500466
1.145 0.0501425
1.146 0.0502386
1.147 0.0503349
1.148 0.0504313
1.149 0.0505279
1.15 0.0506246
1.151 0.0507215
1.152 0.0508185
1.153 0.0509157
1.154 0.051013
1.155 0.0511105
1.156 0.0512081
1.157 0.0513059
1.158 0.0514038
1.159 0.0515019
1.16 0.0516001
1.161 0.0516985
1.162 0.051797
1.163 0.0518957
1.164 0.0519945
1.165 0.0520935
1.166 0.0521927
1.167 0.052292
1.168 0.0523914
1.169 0.052491
1.17 0.0525907
1.171 0.0526906
1.172 0.0527907
1.173 0.0528909
1.174 0.0529912
1.175 0.0530917
1.176 0.0531924
1.177 0.0532932
1.178 0.0533941
1.179 0.0534952
1.18 0.0535965
1.181 0.0536979
1.182 0.0537994
1.183 0.0539011
1.184 0.054003
1.185 0.054105
1.186 0.0542072
1.187 0.0543095
1.188 0.0544119
1.189 0.0545146
1.19 0.0546173
1.191 0.0547202
1.192 0.0548233
1.193 0.0549265
1.194 0.0550299
1.195 0.0551334
1.196 0.0552371
1.197 0.0553409
1.198 0.0554449
1.199 0.055549
1.2 0.0556533
1.201 0.0557577
1.202 0.0558623
1.203 0.055967
1.204 0.0560719
1.205 0.056177
1.206 0.0562821
1.207 0.0563875
1.208 0.056493
1.209 0.0565986
1.21 0.0567044
1.211 0.0568103
1.212 0.0569164
1.213 0.0570227
1.214 0.0571291
1.215 0.0572356
1.216 0.0573423
1.217 0.0574491
1.218 0.0575561
1.219 0.0576633
1.22 0.0577706
1.221 0.0578781
1.222 0.0579857
1.223 0.0580934
1.224 0.0582013
1.225 0.0583094
1.226 0.0584176
1.227 0.0585259
1.228 0.0586344
1.229 0.0587431
1.23 0.0588519
1.231 0.0589609
1.232 0.05907
1.233 0.0591793
1.234 0.0592887
1.235 0.0593983
1.236 0.059508
1.237 0.0596178
1.238 0.0597279
1.239 0.059838
1.24 0.0599484
1.241 0.0600588
1.242 0.0601695
1.243 0.0602802
1.244 0.0603912
1.245 0.0605023
1.246 0.0606135
1.247 0.0607249
1.248 0.0608364
1.249 0.0609481
1.25 0.0610599
1.251 0.0611719
1.252 0.061284
1.253 0.0613963
1.254 0.0615088
1.255 0.0616214
1.256 0.0617341
1.257 0.061847
1.258 0.0619601
1.259 0.0620732
1.26 0.0621866
1.261 0.0623001
1.262 0.0624137
1.263 0.0625275
1.264 0.0626415
1.265 0.0627556
1.266 0.0628699
1.267 0.0629843
1.268 0.0630988
1.269 0.0632135
1.27 0.0633284
1.271 0.0634434
1.272 0.0635586
1.273 0.0636739
1.274 0.0637893
1.275 0.063905
1.276 0.0640207
1.277 0.0641366
1.278 0.0642527
1.279 0.0643689
1.28 0.0644853
1.281 0.0646018
1.282 0.0647185
1.283 0.0648353
1.284 0.0649523
1.285 0.0650694
1.286 0.0651867
1.287 0.0653041
1.288 0.0654217
1.289 0.0655394
1.29 0.0656573
1.291 0.0657754
1.292 0.0658935
1.293 0.0660119
1.294 0.0661304
1.295 0.066249
1.296 0.0663678
1.297 0.0664867
1.298 0.0666058
1.299 0.0667251
1.3 0.0668445
1.301 0.066964
1.302 0.0670837
1.303 0.0672035
1.304 0.0673235
1.305 0.0674437
1.306 0.067564
1.307 0.0676845
1.308 0.0678051
1.309 0.0679258
1.31 0.0680467
1.311 0.0681678
1.312 0.068289
1.313 0.0684103
1.314 0.0685319
1.315 0.0686535
1.316 0.0687753
1.317 0.0688973
1.318 0.0690194
1.319 0.0691417
1.32 0.0692641
1.321 0.0693867
1.322 0.0695094
1.323 0.0696323
1.324 0.0697553
1.325 0.0698784
1.326 0.0700018
1.327 0.0701252
1.328 0.0702489
1.329 0.0703727
1.33 0.0704966
1.331 0.0706207
1.332 0.0707449
1.333 0.0708693
1.334 0.0709938
1.335 0.0711185
1.336 0.0712433
1.337 0.0713683
1.338 0.0714935
1.339 0.0716188
1.34 0.0717442
1.341 0.0718698
1.342 0.0719955
1.343 0.0721214
1.344 0.0722475
1.345 0.0723737
1.346 0.0725
1.347 0.0726265
1.348 0.0727532
1.349 0.07288
1.35 0.0730069
1.351 0.073134
1.352 0.0732613
1.353 0.0733887
1.354 0.0735162
1.355 0.0736439
1.356 0.0737718
1.357 0.0738998
1.358 0.074028
1.359 0.0741563
1.36 0.0742848
1.361 0.0744134
1.362 0.0745421
1.363 0.0746711
1.364 0.0748001
1.365 0.0749293
1.366 0.0750587
1.367 0.0751882
1.368 0.0753179
1.369 0.0754477
1.37 0.0755777
1.371 0.0757078
1.372 0.0758381
1.373 0.0759686
1.374 0.0760991
1.375 0.0762299
1.376 0.0763607
1.377 0.0764918
1.378 0.076623
1.379 0.0767543
1.38 0.0768858
1.381 0.0770174
1.382 0.0771492
1.383 0.0772812
1.384 0.0774133
1.385 0.0775455
1.386 0.0776779
1.387 0.0778104
1.388 0.0779431
1.389 0.078076
1.39 0.078209
1.391 0.0783421
1.392 0.0784754
1.393 0.0786089
1.394 0.0787425
1.395 0.0788762
1.396 0.0790102
1.397 0.0791442
1.398 0.0792784
1.399 0.0794128
1.4 0.0795473
1.401 0.079682
1.402 0.0798168
1.403 0.0799517
1.404 0.0800868
1.405 0.0802221
1.406 0.0803575
1.407 0.0804931
1.408 0.0806288
1.409 0.0807647
1.41 0.0809007
1.411 0.0810369
1.412 0.0811732
1.413 0.0813097
1.414 0.0814463
1.415 0.0815831
1.416 0.08172
1.417 0.0818571
1.418 0.0819943
1.419 0.0821317
1.42 0.0822693
1.421 0.0824069
1.422 0.0825448
1.423 0.0826828
1.424 0.0828209
1.425 0.0829592
1.426 0.0830976
1.427 0.0832362
1.428 0.083375
1.429 0.0835139
1.43 0.0836529
1.431 0.0837921
1.432 0.0839315
1.433 0.084071
1.434 0.0842106
1.435 0.0843504
1.436 0.0844904
1.437 0.0846305
1.438 0.0847707
1.439 0.0849111
1.44 0.0850517
1.441 0.0851924
1.442 0.0853333
1.443 0.0854743
1.444 0.0856154
1.445 0.0857567
1.446 0.0858982
1.447 0.0860398
1.448 0.0861816
1.449 0.0863235
1.45 0.0864656
1.451 0.0866078
1.452 0.0867502
1.453 0.0868927
1.454 0.0870354
1.455 0.0871782
1.456 0.0873212
1.457 0.0874643
1.458 0.0876076
1.459 0.087751
1.46 0.0878946
1.461 0.0880383
1.462 0.0881822
1.463 0.0883262
1.464 0.0884704
1.465 0.0886148
1.466 0.0887593
1.467 0.0889039
1.468 0.0890487
1.469 0.0891936
1.47 0.0893387
1.471 0.089484
1.472 0.0896294
1.473 0.0897749
1.474 0.0899206
1.475 0.0900664
1.476 0.0902124
1.477 0.0903586
1.478 0.0905049
1.479 0.0906514
1.48 0.090798
1.481 0.0909447
1.482 0.0910916
1.483 0.0912387
1.484 0.0913859
1.485 0.0915333
1.486 0.0916808
1.487 0.0918284
1.488 0.0919762
1.489 0.0921242
1.49 0.0922723
1.491 0.0924206
1.492 0.092569
1.493 0.0927176
1.494 0.0928663
1.495 0.0930152
1.496 0.0931642
1.497 0.0933134
1.498 0.0934627
1.499 0.0936122
1.5 0.0937618
1.501 0.0939116
1.502 0.0940615
1.503 0.0942116
1.504 0.0943618
1.505 0.0945122
1.506 0.0946627
1.507 0.0948134
1.508 0.0949643
1.509 0.0951152
1.51 0.0952664
1.511 0.0954177
1.512 0.0955691
1.513 0.0957207
1.514 0.0958725
1.515 0.0960244
1.516 0.0961764
1.517 0.0963286
1.518 0.0964809
1.519 0.0966334
1.52 0.0967861
1.521 0.0969389
1.522 0.0970919
1.523 0.097245
1.524 0.0973982
1.525 0.0975516
1.526 0.0977052
1.527 0.0978589
1.528 0.0980127
1.529 0.0981668
1.53 0.0983209
1.531 0.0984752
1.532 0.0986297
1.533 0.0987843
1.534 0.0989391
1.535 0.099094
1.536 0.0992491
1.537 0.0994043
1.538 0.0995597
1.539 0.0997152
1.54 0.0998709
1.541 0.100027
1.542 0.100183
1.543 0.100339
1.544 0.100495
1.545 0.100652
1.546 0.100808
1.547 0.100965
1.548 0.101122
1.549 0.101279
1.55 0.101436
1.551 0.101593
1.552 0.101751
1.553 0.101908
1.554 0.102066
1.555 0.102224
1.556 0.102382
1.557 0.10254
1.558 0.102699
1.559 0.102857
1.56 0.103016
1.561 0.103175
1.562 0.103334
1.563 0.103493
1.564 0.103652
1.565 0.103812
1.566 0.103971
1.567 0.104131
1.568 0.104291
1.569 0.104451
1.57 0.104611
1.571 0.104772
1.572 0.104932
1.573 0.105093
1.574 0.105254
1.575 0.105415
1.576 0.105576
1.577 0.105737
1.578 0.105899
1.579 0.10606
1.58 0.106222
1.581 0.106384
1.582 0.106546
1.583 0.106708
1.584 0.10687
1.585 0.107033
1.586 0.107195
1.587 0.107358
1.588 0.107521
1.589 0.107684
1.59 0.107847
1.591 0.108011
1.592 0.108174
1.593 0.108338
1.594 0.108502
1.595 0.108666
1.596 0.10883
1.597 0.108994
1.598 0.109159
1.599 0.109323
1.6 0.109488
1.601 0.109653
1.602 0.109818
1.603 0.109983
1.604 0.110148
1.605 0.110314
1.606 0.11048
1.607 0.110645
1.608 0.110811
1.609 0.110977
1.61 0.111144
1.611 0.11131
1.612 0.111477
1.613 0.111643
1.614 0.11181
1.615 0.111977
1.616 0.112144
1.617 0.112312
1.618 0.112479
1.619 0.112647
1.62 0.112815
1.621 0.112983
1.622 0.113151
1.623 0.113319
1.624 0.113487
1.625 0.113656
1.626 0.113824
1.627 0.113993
1.628 0.114162
1.629 0.114331
1.63 0.114501
1.631 0.11467
1.632 0.11484
1.633 0.115009
1.634 0.115179
1.635 0.115349
1.636 0.115519
1.637 0.11569
1.638 0.11586
1.639 0.116031
1.64 0.116202
1.641 0.116373
1.642 0.116544
1.643 0.116715
1.644 0.116886
1.645 0.117058
1.646 0.11723
1.647 0.117401
1.648 0.117573
1.649 0.117746
1.65 0.117918
1.651 0.11809
1.652 0.118263
1.653 0.118436
1.654 0.118609
1.655 0.118782
1.656 0.118955
1.657 0.119128
1.658 0.119302
1.659 0.119475
1.66 0.119649
1.661 0.119823
1.662 0.119997
1.663 0.120172
1.664 0.120346
1.665 0.120521
1.666 0.120695
1.667 0.12087
1.668 0.121045
1.669 0.12122
1.67 0.121396
1.671 0.121571
1.672 0.121747
1.673 0.121923
1.674 0.122099
1.675 0.122275
1.676 0.122451
1.677 0.122627
1.678 0.122804
1.679 0.12298
1.68 0.123157
1.681 0.123334
1.682 0.123511
1.683 0.123689
1.684 0.123866
1.685 0.124044
1.686 0.124222
1.687 0.124399
1.688 0.124577
1.689 0.124756
1.69 0.124934
1.691 0.125113
1.692 0.125291
1.693 0.12547
1.694 0.125649
1.695 0.125828
1.696 0.126007
1.697 0.126187
1.698 0.126366
1.699 0.126546
1.7 0.126726
1.701 0.126906
1.702 0.127086
1.703 0.127266
1.704 0.127447
1.705 0.127627
1.706 0.127808
1.707 0.127989
1.708 0.12817
1.709 0.128351
1.71 0.128533
1.711 0.128714
1.712 0.128896
1.713 0.129078
1.714 0.12926
1.715 0.129442
1.716 0.129624
1.717 0.129807
1.718 0.129989
1.719 0.130172
1.72 0.130355
1.721 0.130538
1.722 0.130721
1.723 0.130904
1.724 0.131088
1.725 0.131271
1.726 0.131455
1.727 0.131639
1.728 0.131823
1.729 0.132008
1.73 0.132192
1.731 0.132377
1.732 0.132561
1.733 0.132746
1.734 0.132931
1.735 0.133116
1.736 0.133302
1.737 0.133487
1.738 0.133673
1.739 0.133858
1.74 0.134044
1.741 0.13423
1.742 0.134417
1.743 0.134603
1.744 0.134789
1.745 0.134976
1.746 0.135163
1.747 0.13535
1.748 0.135537
1.749 0.135724
1.75 0.135912
1.751 0.136099
1.752 0.136287
1.753 0.136475
1.754 0.136663
1.755 0.136851
1.756 0.137039
1.757 0.137228
1.758 0.137416
1.759 0.137605
1.76 0.137794
1.761 0.137983
1.762 0.138172
1.763 0.138362
1.764 0.138551
1.765 0.138741
1.766 0.138931
1.767 0.139121
1.768 0.139311
1.769 0.139501
1.77 0.139692
1.771 0.139882
1.772 0.140073
1.773 0.140264
1.774 0.140455
1.775 0.140646
1.776 0.140838
1.777 0.141029
1.778 0.141221
1.779 0.141413
1.78 0.141605
1.781 0.141797
1.782 0.141989
1.783 0.142181
1.784 0.142374
1.785 0.142567
1.786 0.142759
1.787 0.142952
1.788 0.143146
1.789 0.143339
1.79 0.143532
1.791 0.143726
1.792 0.14392
1.793 0.144114
1.794 0.144308
1.795 0.144502
1.796 0.144696
1.797 0.144891
1.798 0.145086
1.799 0.14528
1.8 0.145475
1.801 0.14567
1.802 0.145866
1.803 0.146061
1.804 0.146257
1.805 0.146453
1.806 0.146648
1.807 0.146844
1.808 0.147041
1.809 0.147237
1.81 0.147433
1.811 0.14763
1.812 0.147827
1.813 0.148024
1.814 0.148221
1.815 0.148418
1.816 0.148616
1.817 0.148813
1.818 0.149011
1.819 0.149209
1.82 0.149407
1.821 0.149605
1.822 0.149803
1.823 0.150002
1.824 0.1502
1.825 0.150399
1.826 0.150598
1.827 0.150797
1.828 0.150996
1.829 0.151195
1.83 0.151395
1.831 0.151595
1.832 0.151794
1.833 0.151994
1.834 0.152195
1.835 0.152395
1.836 0.152595
1.837 0.152796
1.838 0.152997
1.839 0.153197
1.84 0.153398
1.841 0.1536
1.842 0.153801
1.843 0.154002
1.844 0.154204
1.845 0.154406
1.846 0.154608
1.847 0.15481
1.848 0.155012
1.849 0.155214
1.85 0.155417
1.851 0.15562
1.852 0.155823
1.853 0.156026
1.854 0.156229
1.855 0.156432
1.856 0.156635
1.857 0.156839
1.858 0.157043
1.859 0.157247
1.86 0.157451
1.861 0.157655
1.862 0.157859
1.863 0.158064
1.864 0.158268
1.865 0.158473
1.866 0.158678
1.867 0.158883
1.868 0.159088
1.869 0.159294
1.87 0.159499
1.871 0.159705
1.872 0.159911
1.873 0.160117
1.874 0.160323
1.875 0.16053
1.876 0.160736
1.877 0.160943
1.878 0.161149
1.879 0.161356
1.88 0.161563
1.881 0.161771
1.882 0.161978
1.883 0.162185
1.884 0.162393
1.885 0.162601
1.886 0.162809
1.887 0.163017
1.888 0.163225
1.889 0.163434
1.89 0.163642
1.891 0.163851
1.892 0.16406
1.893 0.164269
1.894 0.164478
1.895 0.164688
1.896 0.164897
1.897 0.165107
1.898 0.165317
1.899 0.165526
1.9 0.165737
1.901 0.165947
1.902 0.166157
1.903 0.166368
1.904 0.166578
1.905 0.166789
1.906 0.167
1.907 0.167211
1.908 0.167423
1.909 0.167634
1.91 0.167846
1.911 0.168058
1.912 0.168269
1.913 0.168482
1.914 0.168694
1.915 0.168906
1.916 0.169119
1.917 0.169331
1.918 0.169544
1.919 0.169757
1.92 0.16997
1.921 0.170183
1.922 0.170397
1.923 0.17061
1.924 0.170824
1.925 0.171038
1.926 0.171252
1.927 0.171466
1.928 0.171681
1.929 0.171895
1.93 0.17211
1.931 0.172324
1.932 0.172539
1.933 0.172754
1.934 0.17297
1.935 0.173185
1.936 0.173401
1.937 0.173616
1.938 0.173832
1.939 0.174048
1.94 0.174264
1.941 0.174481
1.942 0.174697
1.943 0.174914
1.944 0.17513
1.945 0.175347
1.946 0.175564
1.947 0.175782
1.948 0.175999
1.949 0.176216
1.95 0.176434
1.951 0.176652
1.952 0.17687
1.953 0.177088
1.954 0.177306
1.955 0.177525
1.956 0.177743
1.957 0.177962
1.958 0.178181
1.959 0.1784
1.96 0.178619
1.961 0.178838
1.962 0.179058
1.963 0.179277
1.964 0.179497
1.965 0.179717
1.966 0.179937
1.967 0.180157
1.968 0.180378
1.969 0.180598
1.97 0.180819
1.971 0.18104
1.972 0.181261
1.973 0.181482
1.974 0.181703
1.975 0.181924
1.976 0.182146
1.977 0.182368
1.978 0.18259
1.979 0.182812
1.98 0.183034
1.981 0.183256
1.982 0.183479
1.983 0.183701
1.984 0.183924
1.985 0.184147
1.986 0.18437
1.987 0.184593
1.988 0.184817
1.989 0.18504
1.99 0.185264
1.991 0.185488
1.992 0.185712
1.993 0.185936
1.994 0.18616
1.995 0.186385
1.996 0.186609
1.997 0.186834
1.998 0.187059
1.999 0.187284
2 0.187509
2.001 0.187735
2.002 0.18796
2.003 0.188186
2.004 0.188412
2.005 0.188638
2.006 0.188864
2.007 0.18909
2.008 0.189317
2.009 0.189543
2.01 0.18977
2.011 0.189997
2.012 0.190224
2.013 0.190451
2.014 0.190678
2.015 0.190906
2.016 0.191133
2.017 0.191361
2.018 0.191589
2.019 0.191817
2.02 0.192045
2.021 0.192274
2.022 0.192502
2.023 0.192731
2.024 0.19296
2.025 0.193189
2.026 0.193418
2.027 0.193647
2.028 0.193877
2.029 0.194106
2.03 0.194336
2.031 0.194566
2.032 0.194796
2.033 0.195026
2.034 0.195257
2.035 0.195487
2.036 0.195718
2.037 0.195949
2.038 0.196179
2.039 0.196411
2.04 0.196642
2.041 0.196873
2.042 0.197105
2.043 0.197337
2.044 0.197568
2.045 0.1978
2.046 0.198033
2.047 0.198265
2.048 0.198497
2.049 0.19873
2.05 0.198963
2.051 0.199196
2.052 0.199429
2.053 0.199662
2.054 0.199895
2.055 0.200129
2.056 0.200363
2.057 0.200596
2.058 0.20083
2.059 0.201064
2.06 0.201299
2.061 0.201533
2.062 0.201768
2.063 0.202002
2.064 0.202237
2.065 0.202472
2.066 0.202708
2.067 0.202943
2.068 0.203178
2.069 0.203414
2.07 0.20365
2.071 0.203886
2.072 0.204122
2.073 0.204358
2.074 0.204595
2.075 0.204831
2.076 0.205068
2.077 0.205305
2.078 0.205542
2.079 0.205779
2.08 0.206016
2.081 0.206254
2.082 0.206491
2.083 0.206729
2.084 0.206967
2.085 0.207205
2.086 0.207443
2.087 0.207681
2.088 0.20792
2.089 0.208159
2.09 0.208397
2.091 0.208636
2.092 0.208876
2.093 0.209115
2.094 0.209354
2.095 0.209594
2.096 0.209834
2.097 0.210073
2.098 0.210313
2.099 0.210554
2.1 0.210794
2.101 0.211034
2.102 0.211275
2.103 0.211516
2.104 0.211757
2.105 0.211998
2.106 0.212239
2.107 0.21248
2.108 0.212722
2.109 0.212964
2.11 0.213206
2.111 0.213448
2.112 0.21369
2.113 0.213932
2.114 0.214174
2.115 0.214417
2.116 0.21466
2.117 0.214903
2.118 0.215146
2.119 0.215389
2.12 0.215632
2.121 0.215876
2.122 0.216119
2.123 0.216363
2.124 0.216607
2.125 0.216851
2.126 0.217096
2.127 0.21734
2.128 0.217585
2.129 0.217829
2.13 0.218074
2.131 0.218319
2.132 0.218564
2.133 0.21881
2.134 0.219055
2.135 0.219301
2.136 0.219546
2.137 0.219792
2.138 0.220038
2.139 0.220285
2.14 0.220531
2.141 0.220778
2.142 0.221024
2.143 0.221271
2.144 0.221518
2.145 0.221765
2.146 0.222012
2.147 0.22226
2.148 0.222507
2.149 0.222755
2.15 0.223003
2.151 0.223251
2.152 0.223499
2.153 0.223748
2.154 0.223996
2.155 0.224245
2.156 0.224494
2.157 0.224743
2.158 0.224992
2.159 0.225241
2.16 0.22549
2.161 0.22574
2.162 0.22599
2.163 0.226239
2.164 0.226489
2.165 0.22674
2.166 0.22699
2.167 0.22724
2.168 0.227491
2.169 0.227742
2.17 0.227993
2.171 0.228244
2.172 0.228495
2.173 0.228746
2.174 0.228998
2.175 0.229249
2.176 0.229501
2.177 0.229753
2.178 0.230005
2.179 0.230258
2.18 0.23051
2.181 0.230763
2.182 0.231015
2.183 0.231268
2.184 0.231521
2.185 0.231774
2.186 0.232028
2.187 0.232281
2.188 0.232535
2.189 0.232789
2.19 0.233043
2.191 0.233297
2.192 0.233551
2.193 0.233805
2.194 0.23406
2.195 0.234314
2.196 0.234569
2.197 0.234824
2.198 0.235079
2.199 0.235335
2.2 0.23559
2.201 0.235846
2.202 0.236102
2.203 0.236357
2.204 0.236613
2.205 0.23687
2.206 0.237126
2.207 0.237383
2.208 0.237639
2.209 0.237896
2.21 0.238153
2.211 0.23841
2.212 0.238667
2.213 0.238925
2.214 0.239182
2.215 0.23944
2.216 0.239698
2.217 0.239956
2.218 0.240214
2.219 0.240472
2.22 0.240731
2.221 0.240989
2.222 0.241248
2.223 0.241507
2.224 0.241766
2.225 0.242025
2.226 0.242285
2.227 0.242544
2.228 0.242804
2.229 0.243064
2.23 0.243324
2.231 0.243584
2.232 0.243844
2.233 0.244105
2.234 0.244365
2.235 0.244626
2.236 0.244887
2.237 0.245148
2.238 0.245409
2.239 0.24567
2.24 0.245932
2.241 0.246194
2.242 0.246455
2.243 0.246717
2.244 0.246979
2.245 0.247242
2.246 0.247504
2.247 0.247767
2.248 0.248029
2.249 0.248292
2.25 0.248555
2.251 0.248818
2.252 0.249082
2.253 0.249345
2.254 0.249609
2.255 0.249872
2.256 0.250136
2.257 0.2504
2.258 0.250665
2.259 0.250929
2.26 0.251194
2.261 0.251458
2.262 0.251723
2.263 0.251988
2.264 0.252253
2.265 0.252518
2.266 0.252784
2.267 0.253049
2.268 0.253315
2.269 0.253581
2.27 0.253847
2.271 0.254113
2.272 0.254379
2.273 0.254646
2.274 0.254913
2.275 0.255179
2.276 0.255446
2.277 0.255713
2.278 0.255981
2.279 0.256248
2.28 0.256516
2.281 0.256783
2.282 0.257051
2.283 0.257319
2.284 0.257587
2.285 0.257856
2.286 0.258124
2.287 0.258393
2.288 0.258661
2.289 0.25893
2.29 0.259199
2.291 0.259468
2.292 0.259738
2.293 0.260007
2.294 0.260277
2.295 0.260547
2.296 0.260817
2.297 0.261087
2.298 0.261357
2.299 0.261628
2.3 0.261898
2.301 0.262169
2.302 0.26244
2.303 0.262711
2.304 0.262982
2.305 0.263253
2.306 0.263525
2.307 0.263796
2.308 0.264068
2.309 0.26434
2.31 0.264612
2.311 0.264884
2.312 0.265157
2.313 0.265429
2.314 0.265702
2.315 0.265975
2.316 0.266248
2.317 0.266521
2.318 0.266794
2.319 0.267067
2.32 0.267341
2.321 0.267615
2.322 0.267889
2.323 0.268163
2.324 0.268437
2.325 0.268711
2.326 0.268986
2.327 0.26926
2.328 0.269535
2.329 0.26981
2.33 0.270085
2.331 0.27036
2.332 0.270636
2.333 0.270911
2.334 0.271187
2.335 0.271463
2.336 0.271739
2.337 0.272015
2.338 0.272291
2.339 0.272568
2.34 0.272844
2.341 0.273121
2.342 0.273398
2.343 0.273675
2.344 0.273952
2.345 0.27423
2.346 0.274507
2.347 0.274785
2.348 0.275063
2.349 0.275341
2.35 0.275619
2.351 0.275897
2.352 0.276176
2.353 0.276454
2.354 0.276733
2.355 0.277012
2.356 0.277291
2.357 0.27757
2.358 0.277849
2.359 0.278129
2.36 0.278408
2.361 0.278688
2.362 0.278968
2.363 0.279248
2.364 0.279528
2.365 0.279809
2.366 0.280089
2.367 0.28037
2.368 0.280651
2.369 0.280932
2.37 0.281213
2.371 0.281494
2.372 0.281776
2.373 0.282057
2.374 0.282339
2.375 0.282621
2.376 0.282903
2.377 0.283185
2.378 0.283468
2.379 0.28375
2.38 0.284033
2.381 0.284316
2.382 0.284599
2.383 0.284882
2.384 0.285165
2.385 0.285448
2.386 0.285732
2.387 0.286016
2.388 0.286299
2.389 0.286583
2.39 0.286868
2.391 0.287152
2.392 0.287436
2.393 0.287721
2.394 0.288006
2.395 0.288291
2.396 0.288576
2.397 0.288861
2.398 0.289146
2.399 0.289432
2.4 0.289718
2.401 0.290003
2.402 0.290289
2.403 0.290576
2.404 0.290862
2.405 0.291148
2.406 0.291435
2.407 0.291722
2.408 0.292008
2.409 0.292296
2.41 0.292583
2.411 0.29287
2.412 0.293158
2.413 0.293445
2.414 0.293733
2.415 0.294021
2.416 0.294309
2.417 0.294597
2.418 0.294886
2.419 0.295174
2.42 0.295463
2.421 0.295752
2.422 0.296041
2.423 0.29633
2.424 0.296619
2.425 0.296909
2.426 0.297198
2.427 0.297488
2.428 0.297778
2.429 0.298068
2.43 0.298358
2.431 0.298649
2.432 0.298939
2.433 0.29923
2.434 0.299521
2.435 0.299812
2.436 0.300103
2.437 0.300394
2.438 0.300685
2.439 0.300977
2.44 0.301269
2.441 0.301561
2.442 0.301853
2.443 0.302145
2.444 0.302437
2.445 0.30273
2.446 0.303022
2.447 0.303315
2.448 0.303608
2.449 0.303901
2.45 0.304194
2.451 0.304488
2.452 0.304781
2.453 0.305075
2.454 0.305369
2.455 0.305663
2.456 0.305957
2.457 0.306251
2.458 0.306546
2.459 0.30684
2.46 0.307135
2.461 0.30743
2.462 0.307725
2.463 0.30802
2.464 0.308315
2.465 0.308611
2.466 0.308907
2.467 0.309202
2.468 0.309498
2.469 0.309795
2.47 0.310091
2.471 0.310387
2.472 0.310684
2.473 0.31098
2.474 0.311277
2.475 0.311574
2.476 0.311871
2.477 0.312169
2.478 0.312466
2.479 0.312764
2.48 0.313062
2.481 0.31336
2.482 0.313658
2.483 0.313956
2.484 0.314254
2.485 0.314553
2.486 0.314851
2.487 0.31515
2.488 0.315449
2.489 0.315748
2.49 0.316048
2.491 0.316347
2.492 0.316647
2.493 0.316946
2.494 0.317246
2.495 0.317546
2.496 0.317847
2.497 0.318147
2.498 0.318447
2.499 0.318748
2.5 0.319049
2.501 0.31935
2.502 0.319651
2.503 0.319952
2.504 0.320254
2.505 0.320555
2.506 0.320857
2.507 0.321159
2.508 0.321461
2.509 0.321763
2.51 0.322065
2.511 0.322368
2.512 0.32267
2.513 0.322973
2.514 0.323276
2.515 0.323579
2.516 0.323882
2.517 0.324186
2.518 0.324489
2.519 0.324793
2.52 0.325097
2.521 0.3254
2.522 0.325705
2.523 0.326009
2.524 0.326313
2.525 0.326618
2.526 0.326923
2.527 0.327227
2.528 0.327532
2.529 0.327838
2.53 0.328143
2.531 0.328448
2.532 0.328754
2.533 0.32906
2.534 0.329366
2.535 0.329672
2.536 0.329978
2.537 0.330285
2.538 0.330591
2.539 0.330898
2.54 0.331205
2.541 0.331512
2.542 0.331819
2.543 0.332126
2.544 0.332434
2.545 0.332741
2.546 0.333049
2.547 0.333357
2.548 0.333665
2.549 0.333973
2.55 0.334281
2.551 0.33459
2.552 0.334899
2.553 0.335207
2.554 0.335516
2.555 0.335825
2.556 0.336135
2.557 0.336444
2.558 0.336754
2.559 0.337063
2.56 0.337373
2.561 0.337683
2.562 0.337993
2.563 0.338304
2.564 0.338614
2.565 0.338925
2.566 0.339236
2.567 0.339546
2.568 0.339858
2.569 0.340169
2.57 0.34048
2.571 0.340792
2.572 0.341103
2.573 0.341415
2.574 0.341727
2.575 0.342039
2.576 0.342352
2.577 0.342664
2.578 0.342977
2.579 0.343289
2.58 0.343602
2.581 0.343915
2.582 0.344228
2.583 0.344542
2.584 0.344855
2.585 0.345169
2.586 0.345483
2.587 0.345797
2.588 0.346111
2.589 0.346425
2.59 0.346739
2.591 0.347054
2.592 0.347369
2.593 0.347684
2.594 0.347999
2.595 0.348314
2.596 0.348629
2.597 0.348944
2.598 0.34926
2.599 0.349576
2.6 0.349892
2.601 0.350208
2.602 0.350524
2.603 0.35084
2.604 0.351157
2.605 0.351474
2.606 0.35179
2.607 0.352107
2.608 0.352425
2.609 0.352742
2.61 0.353059
2.611 0.353377
2.612 0.353695
2.613 0.354012
2.614 0.35433
2.615 0.354649
2.616 0.354967
2.617 0.355285
2.618 0.355604
2.619 0.355923
2.62 0.356242
2.621 0.356561
2.622 0.35688
2.623 0.357199
2.624 0.357519
2.625 0.357839
2.626 0.358159
2.627 0.358479
2.628 0.358799
2.629 0.359119
2.63 0.359439
2.631 0.35976
2.632 0.360081
2.633 0.360402
2.634 0.360723
2.635 0.361044
2.636 0.361365
2.637 0.361687
2.638 0.362008
2.639 0.36233
2.64 0.362652
2.641 0.362974
2.642 0.363297
2.643 0.363619
2.644 0.363942
2.645 0.364264
2.646 0.364587
2.647 0.36491
2.648 0.365233
2.649 0.365557
2.65 0.36588
2.651 0.366204
2.652 0.366527
2.653 0.366851
2.654 0.367175
2.655 0.3675
2.656 0.367824
2.657 0.368149
2.658 0.368473
2.659 0.368798
2.66 0.369123
2.661 0.369448
2.662 0.369774
2.663 0.370099
2.664 0.370425
2.665 0.37075
2.666 0.371076
2.667 0.371402
2.668 0.371728
2.669 0.372055
2.67 0.372381
2.671 0.372708
2.672 0.373035
2.673 0.373362
2.674 0.373689
2.675 0.374016
2.676 0.374343
2.677 0.374671
2.678 0.374999
2.679 0.375326
2.68 0.375655
2.681 0.375983
2.682 0.376311
2.683 0.376639
2.684 0.376968
2.685 0.377297
2.686 0.377626
2.687 0.377955
2.688 0.378284
2.689 0.378613
2.69 0.378943
2.691 0.379273
2.692 0.379602
2.693 0.379932
2.694 0.380262
2.695 0.380593
2.696 0.380923
2.697 0.381254
2.698 0.381584
2.699 0.381915
2.7 0.382246
2.701 0.382578
2.702 0.382909
2.703 0.38324
2.704 0.383572
2.705 0.383904
2.706 0.384236
2.707 0.384568
2.708 0.3849
2.709 0.385232
2.71 0.385565
2.711 0.385898
2.712 0.38623
2.713 0.386563
2.714 0.386897
2.715 0.38723
2.716 0.387563
2.717 0.387897
2.718 0.388231
2.719 0.388565
2.72 0.388899
2.721 0.389233
2.722 0.389567
2.723 0.389902
2.724 0.390236
2.725 0.390571
2.726 0.390906
2.727 0.391241
2.728 0.391577
2.729 0.391912
2.73 0.392248
2.731 0.392583
2.732 0.392919
2.733 0.393255
2.734 0.393591
2.735 0.393928
2.736 0.394264
2.737 0.394601
2.738 0.394937
2.739 0.395274
2.74 0.395611
2.741 0.395949
2.742 0.396286
2.743 0.396624
2.744 0.396961
2.745 0.397299
2.746 0.397637
2.747 0.397975
2.748 0.398313
2.749 0.398652
2.75 0.398991
2.751 0.399329
2.752 0.399668
2.753 0.400007
2.754 0.400346
2.755 0.400686
2.756 0.401025
2.757 0.401365
2.758 0.401705
2.759 0.402045
2.76 0.402385
2.761 0.402725
2.762 0.403065
2.763 0.403406
2.764 0.403747
2.765 0.404087
2.766 0.404428
2.767 0.40477
2.768 0.405111
2.769 0.405452
2.77 0.405794
2.771 0.406136
2.772 0.406478
2.773 0.40682
2.774 0.407162
2.775 0.407504
2.776 0.407847
2.777 0.40819
2.778 0.408532
2.779 0.408875
2.78 0.409218
2.781 0.409562
2.782 0.409905
2.783 0.410249
2.784 0.410592
2.785 0.410936
2.786 0.41128
2.787 0.411625
2.788 0.411969
2.789 0.412313
2.79 0.412658
2.791 0.413003
2.792 0.413348
2.793 0.413693
2.794 0.414038
2.795 0.414383
2.796 0.414729
2.797 0.415075
2.798 0.41542
2.799 0.415766
2.8 0.416113
2.801 0.416459
2.802 0.416805
2.803 0.417152
2.804 0.417499
2.805 0.417846
2.806 0.418193
2.807 0.41854
2.808 0.418887
2.809 0.419235
2.81 0.419582
2.811 0.41993
2.812 0.420278
2.813 0.420626
2.814 0.420975
2.815 0.421323
2.816 0.421671
2.817 0.42202
2.818 0.422369
2.819 0.422718
2.82 0.423067
2.821 0.423417
2.822 0.423766
2.823 0.424116
2.824 0.424465
2.825 0.0196351
2.826 0.019635
2.827 0.019635
2.828 0.0196352
2.829 0.019635
2.83 0.019635
2.831 0.019635
2.832 0.019635
2.833 0.019635
2.834 0.019635
2.835 0.019635
2.836 0.019635
2.837 0.019635
2.838 0.019635
2.839 0.019635
2.84 0.019635
2.841 0.019635
2.842 0.019635
2.843 0.019635
2.844 0.019635
2.845 0.019635
2.846 0.019635
2.847 0.019635
2.848 0.019635
2.849 0.019635
2.85 0.019635
2.851 0.019635
2.852 0.019635
2.853 0.019635
2.854 0.019635
2.855 0.019635
2.856 0.019635
2.857 0.019635
2.858 0.019635
2.859 0.019635
2.86 0.019635
2.861 0.019635
2.862 0.019635
2.863 0.019635
2.864 0.019635
2.865 0.019635
2.866 0.019635
2.867 0.019635
2.868 0.019635
2.869 0.019635
2.87 0.019635
2.871 0.019635
2.872 0.019635
2.873 0.019635
2.874 0.019635
2.875 0.019635
2.876 0.019635
2.877 0.019635
2.878 0.019635
2.879 0.019635
2.88 0.019635
2.881 0.019635
2.882 0.019635
2.883 0.019635
2.884 0.019635
2.885 0.019635
2.886 0.019635
2.887 0.019635
2.888 0.019635
2.889 0.019635
2.89 0.019635
2.891 0.019635
2.892 0.019635
2.893 0.019635
2.894 0.019635
2.895 0.019635
2.896 0.019635
2.897 0.019635
2.898 0.019635
2.899 0.019635
2.9 0.019635
2.901 0.019635
2.902 0.019635
2.903 0.019635
2.904 0.019635
2.905 0.019635
2.906 0.019635
2.907 0.019635
2.908 0.019635
2.909 0.019635
2.91 0.019635
2.911 0.019635
2.912 0.019635
2.913 0.019635
2.914 0.019635
2.915 0.019635
2.916 0.019635
2.917 0.019635
2.918 0.019635
2.919 0.019635
2.92 0.019635
2.921 0.019635
2.922 0.019635
2.923 0.019635
2.924 0.019635
2.925 0.019635
2.926 0.019635
2.927 0.019635
2.928 0.019635
2.929 0.019635
2.93 0.019635
2.931 0.019635
2.932 0.019635
2.933 0.019635
2.934 0.019635
2.935 0.019635
2.936 0.019635
2.937 0.019635
2.938 0.019635
2.939 0.019635
2.94 0.019635
2.941 0.019635
2.942 0.019635
2.943 0.019635
2.944 0.019635
2.945 0.019635
2.946 0.019635
2.947 0.019635
2.948 0.019635
2.949 0.019635
2.95 0.019635
2.951 0.019635
2.952 0.019635
2.953 0.019635
2.954 0.019635
2.955 0.019635
2.956 0.019635
2.957 0.019635
2.958 0.019635
2.959 0.019635
2.96 0.019635
2.961 0.019635
2.962 0.019635
2.963 0.019635
2.964 0.019635
2.965 0.019635
2.966 0.019635
2.967 0.019635
2.968 0.019635
2.969 0.019635
2.97 0.019635
2.971 0.019635
2.972 0.019635
2.973 0.019635
2.974 0.019635
2.975 0.019635
2.976 0.019635
2.977 0.019635
2.978 0.019635
2.979 0.019635
2.98 0.019635
2.981 0.019635
2.982 0.019635
2.983 0.019635
2.984 0.019635
2.985 0.019635
2.986 0.019635
2.987 0.019635
2.988 0.019635
2.989 0.019635
2.99 0.019635
2.991 0.019635
2.992 0.019635
2.993 0.019635
2.994 0.019635
2.995 0.019635
2.996 0.019635
2.997 0.019635
2.998 0.019635
2.999 0.019635
3 0.019635
3.001 0.019635
