0.5 15 0 0 0 0 0.1
1 14.9019 0 0 0 0 0.2
1.5 14.7057 0 0 0 0 0.3
2 14.4114 0 0 0 0 0.4
2.5 14.019 0 0 0 0 0.5
3 13.5285 0 0 0 0 0.6
3.5 12.9399 0 0 0 0 0.7
4 12.2532 0 0 0 0 0.8
4.5 11.4684 0 0 0 0 0.9
5 10.5855 0 0 0 0 1
5.5 9.6045 0 0 0 0 1.1
6 8.5254 0 0 0 0 1.2
6.5 7.3482 0 0 0 0 1.3
7 6.0729 0 0 0 0 1.4
7.5 4.6995 0 0 0 0 1.5
8 3.228 0 0 0 0 1.6
8.5 1.6584 0 0 0 0 1.7
9 -0.0093 0 0 0 0 1.8
9.5 -1.7751 0 0 0 0 1.9
10 -3.639 0 0 0 0 2
10.5 -5.601 0 0 0 0 2.1
11 -7.6611 0 0 0 0 2.2
11.5 -9.8193 0 0 0 0 2.3
12 -12.0756 0 0 0 0 2.4
12.3333 -9.99292 -2.62285e-16 1.98695e-19 -4.89436e-12 -0.99955 2.5
12.6667 -10.0889 -5.24571e-16 4.50376e-17 -2.97902e-13 -0.059946 2.6
13 -9.99491 -5.08553e-14 4.34035e-15 4.87647e-12 0.995955 2.7
13.3333 -10.0929 -1.01186e-13 -1.65811e-15 5.79063e-13 0.119676 2.8
13.6667 -9.9949 -1.22947e-13 6.87541e-15 -4.84386e-12 -0.988778 2.9
14 -10.0929 -1.44708e-13 2.37961e-15 -8.97061e-13 -0.178976 3
