0.05 15 0 0 0 0 0.01
0.1 14.999 0 0 0 0 0.02
0.15 14.9971 0 0 0 0 0.03
0.2 14.9941 0 0 0 0 0.04
0.25 14.9902 0 0 0 0 0.05
0.3 14.9853 0 0 0 0 0.06
0.35 14.9794 0 0 0 0 0.07
0.4 14.9725 0 0 0 0 0.08
0.45 14.9647 0 0 0 0 0.09
0.5 14.9559 0 0 0 0 0.1
0.55 14.946 0 0 0 0 0.11
0.6 14.9353 0 0 0 0 0.12
0.65 14.9235 0 0 0 0 0.13
0.7 14.9107 0 0 0 0 0.14
0.75 14.897 0 0 0 0 0.15
0.8 14.8823 0 0 0 0 0.16
0.85 14.8666 0 0 0 0 0.17
0.9 14.8499 0 0 0 0 0.18
0.95 14.8322 0 0 0 0 0.19
1 14.8136 0 0 0 0 0.2
1.05 14.794 0 0 0 0 0.21
1.1 14.7734 0 0 0 0 0.22
1.15 14.7518 0 0 0 0 0.23
1.2 14.7292 0 0 0 0 0.24
1.25 14.7057 0 0 0 0 0.25
1.3 14.6812 0 0 0 0 0.26
1.35 14.6557 0 0 0 0 0.27
1.4 14.6292 0 0 0 0 0.28
1.45 14.6017 0 0 0 0 0.29
1.5 14.5733 0 0 0 0 0.3
1.55 14.5438 0 0 0 0 0.31
1.6 14.5134 0 0 0 0 0.32
1.65 14.482 0 0 0 0 0.33
1.7 14.4497 0 0 0 0 0.34
1.75 14.4163 0 0 0 0 0.35
1.8 14.382 0 0 0 0 0.36
1.85 14.3467 0 0 0 0 0.37
1.9 14.3104 0 0 0 0 0.38
1.95 14.2731 0 0 0 0 0.39
2 14.2348 0 0 0 0 0.4
2.05 14.1956 0 0 0 0 0.41
2.1 14.1554 0 0 0 0 0.42
2.15 14.1142 0 0 0 0 0.43
2.2 14.072 0 0 0 0 0.44
2.25 14.0288 0 0 0 0 0.45
2.3 13.9847 0 0 0 0 0.46
2.35 13.9395 0 0 0 0 0.47
2.4 13.8934 0 0 0 0 0.48
2.45 13.8463 0 0 0 0 0.49
2.5 13.7983 0 0 0 0 0.5
2.55 13.7492 0 0 0 0 0.51
2.6 13.6992 0 0 0 0 0.52
2.65 13.6482 0 0 0 0 0.53
2.7 13.5962 0 0 0 0 0.54
2.75 13.5432 0 0 0 0 0.55
2.8 13.4893 0 0 0 0 0.56
2.85 13.4343 0 0 0 0 0.57
2.9 13.3784 0 0 0 0 0.58
2.95 13.3215 0 0 0 0 0.59
3 13.2636 0 0 0 0 0.6
3.05 13.2048 0 0 0 0 0.61
3.1 13.1449 0 0 0 0 0.62
3.15 13.0841 0 0 0 0 0.63
3.2 13.0223 0 0 0 0 0.64
3.25 12.9595 0 0 0 0 0.65
3.3 12.8958 0 0 0 0 0.66
3.35 12.831 0 0 0 0 0.67
3.4 12.7653 0 0 0 0 0.68
3.45 12.6986 0 0 0 0 0.69
3.5 12.6309 0 0 0 0 0.7
3.55 12.5622 0 0 0 0 0.71
3.6 12.4926 0 0 0 0 0.72
3.65 12.4219 0 0 0 0 0.73
3.7 12.3503 0 0 0 0 0.74
3.75 12.2777 0 0 0 0 0.75
3.8 12.2042 0 0 0 0 0.76
3.85 12.1296 0 0 0 0 0.77
3.9 12.0541 0 0 0 0 0.78
3.95 11.9775 0 0 0 0 0.79
4 11.9 0 0 0 0 0.8
4.05 11.8216 0 0 0 0 0.81
4.1 11.7421 0 0 0 0 0.82
4.15 11.6617 0 0 0 0 0.83
4.2 11.5802 0 0 0 0 0.84
4.25 11.4978 0 0 0 0 0.85
4.3 11.4144 0 0 0 0 0.86
4.35 11.3301 0 0 0 0 0.87
4.4 11.2447 0 0 0 0 0.88
4.45 11.1584 0 0 0 0 0.89
4.5 11.0711 0 0 0 0 0.9
4.55 10.9828 0 0 0 0 0.91
4.6 10.8935 0 0 0 0 0.92
4.65 10.8033 0 0 0 0 0.93
4.7 10.712 0 0 0 0 0.94
4.75 10.6198 0 0 0 0 0.95
4.8 10.5266 0 0 0 0 0.96
4.85 10.4325 0 0 0 0 0.97
4.9 10.3373 0 0 0 0 0.98
4.95 10.2412 0 0 0 0 0.99
5 10.1441 0 0 0 0 1
5.05 10.046 0 0 0 0 1.01
5.1 9.94687 0 0 0 0 1.02
5.15 9.84681 0 0 0 0 1.03
5.2 9.74576 0 0 0 0 1.04
5.25 9.64374 0 0 0 0 1.05
5.3 9.54074 0 0 0 0 1.06
5.35 9.43675 0 0 0 0 1.07
5.4 9.33178 0 0 0 0 1.08
5.45 9.22583 0 0 0 0 1.09
5.5 9.11891 0 0 0 0 1.1
5.55 9.011 0 0 0 0 1.11
5.6 8.9021 0 0 0 0 1.12
5.65 8.79223 0 0 0 0 1.13
5.7 8.68138 0 0 0 0 1.14
5.75 8.56955 0 0 0 0 1.15
5.8 8.45673 0 0 0 0 1.16
5.85 8.34293 0 0 0 0 1.17
5.9 8.22816 0 0 0 0 1.18
5.95 8.1124 0 0 0 0 1.19
6 7.99566 0 0 0 0 1.2
6.05 7.87794 0 0 0 0 1.21
6.1 7.75924 0 0 0 0 1.22
6.15 7.63956 0 0 0 0 1.23
6.2 7.51889 0 0 0 0 1.24
6.25 7.39725 0 0 0 0 1.25
6.3 7.27463 0 0 0 0 1.26
6.35 7.15102 0 0 0 0 1.27
6.4 7.02643 0 0 0 0 1.28
6.45 6.90086 0 0 0 0 1.29
6.5 6.77432 0 0 0 0 1.3
6.55 6.64679 0 0 0 0 1.31
6.6 6.51827 0 0 0 0 1.32
6.65 6.38878 0 0 0 0 1.33
6.7 6.25831 0 0 0 0 1.34
6.75 6.12686 0 0 0 0 1.35
6.8 5.99442 0 0 0 0 1.36
6.85 5.861 0 0 0 0 1.37
6.9 5.72661 0 0 0 0 1.38
6.95 5.59123 0 0 0 0 1.39
7 5.45487 0 0 0 0 1.4
7.05 5.31753 0 0 0 0 1.41
7.1 5.17921 0 0 0 0 1.42
7.15 5.03991 0 0 0 0 1.43
7.2 4.89962 0 0 0 0 1.44
7.25 4.75836 0 0 0 0 1.45
7.3 4.61612 0 0 0 0 1.46
7.35 4.47289 0 0 0 0 1.47
7.4 4.32868 0 0 0 0 1.48
7.45 4.18349 0 0 0 0 1.49
7.5 4.03732 0 0 0 0 1.5
7.55 3.89017 0 0 0 0 1.51
7.6 3.74204 0 0 0 0 1.52
7.65 3.59293 0 0 0 0 1.53
7.7 3.44284 0 0 0 0 1.54
7.75 3.29176 0 0 0 0 1.55
7.8 3.13971 0 0 0 0 1.56
7.85 2.98667 0 0 0 0 1.57
7.9 2.83266 0 0 0 0 1.58
7.95 2.67766 0 0 0 0 1.59
8 2.52168 0 0 0 0 1.6
8.05 2.36472 0 0 0 0 1.61
8.1 2.20678 0 0 0 0 1.62
8.15 2.04786 0 0 0 0 1.63
8.2 1.88795 0 0 0 0 1.64
8.25 1.72707 0 0 0 0 1.65
8.3 1.5652 0 0 0 0 1.66
8.35 1.40236 0 0 0 0 1.67
8.4 1.23853 0 0 0 0 1.68
8.45 1.07372 0 0 0 0 1.69
8.5 0.907935 0 0 0 0 1.7
8.55 0.741165 0 0 0 0 1.71
8.6 0.573414 0 0 0 0 1.72
8.65 0.404682 0 0 0 0 1.73
8.7 0.234969 0 0 0 0 1.74
8.75 0.064275 0 0 0 0 1.75
8.8 -0.1074 0 0 0 0 1.76
8.85 -0.280056 0 0 0 0 1.77
8.9 -0.453693 0 0 0 0 1.78
8.95 -0.628311 0 0 0 0 1.79
9 -0.80391 0 0 0 0 1.8
9.05 -0.98049 0 0 0 0 1.81
9.1 -1.15805 0 0 0 0 1.82
9.15 -1.33659 0 0 0 0 1.83
9.2 -1.51612 0 0 0 0 1.84
9.25 -1.69662 0 0 0 0 1.85
9.3 -1.87811 0 0 0 0 1.86
9.35 -2.06057 0 0 0 0 1.87
9.4 -2.24402 0 0 0 0 1.88
9.45 -2.42845 0 0 0 0 1.89
9.5 -2.61386 0 0 0 0 1.9
9.55 -2.80025 0 0 0 0 1.91
9.6 -2.98762 0 0 0 0 1.92
9.65 -3.17597 0 0 0 0 1.93
9.7 -3.3653 0 0 0 0 1.94
9.75 -3.55562 0 0 0 0 1.95
9.8 -3.74691 0 0 0 0 1.96
9.85 -3.93919 0 0 0 0 1.97
9.9 -4.13244 0 0 0 0 1.98
9.95 -4.32668 0 0 0 0 1.99
10 -4.5219 0 0 0 0 2
10.05 -4.7181 0 0 0 0 2.01
10.1 -4.91528 0 0 0 0 2.02
10.15 -5.11344 0 0 0 0 2.03
10.2 -5.31259 0 0 0 0 2.04
10.25 -5.51271 0 0 0 0 2.05
10.3 -5.71382 0 0 0 0 2.06
10.35 -5.9159 0 0 0 0 2.07
10.4 -6.11897 0 0 0 0 2.08
10.45 -6.32302 0 0 0 0 2.09
10.5 -6.52805 0 0 0 0 2.1
10.55 -6.73406 0 0 0 0 2.11
10.6 -6.94105 0 0 0 0 2.12
10.65 -7.14902 0 0 0 0 2.13
10.7 -7.35797 0 0 0 0 2.14
10.75 -7.56791 0 0 0 0 2.15
10.8 -7.77882 0 0 0 0 2.16
10.85 -7.99072 0 0 0 0 2.17
10.9 -8.20359 0 0 0 0 2.18
10.95 -8.41745 0 0 0 0 2.19
11 -8.63229 0 0 0 0 2.2
11.05 -8.84811 0 0 0 0 2.21
11.1 -9.06491 0 0 0 0 2.22
11.15 -9.28269 0 0 0 0 2.23
11.2 -9.50146 0 0 0 0 2.24
11.25 -9.7212 0 0 0 0 2.25
11.3 -9.94192 0 0 0 0 2.26
11.35 -10.1636 0 0 0 0 2.27
11.3833 -9.99483 -2.7609e-17 5.95003e-19 -4.69002e-12 -0.957826 2.28
11.4167 -9.99564 -5.5218e-17 4.78054e-18 -2.69536e-12 -0.550459 2.29
11.45 -9.995 -8.28269e-17 -1.99891e-16 3.14105e-12 0.64148 2.3
11.4833 -9.995 2.21582e-14 1.43534e-16 4.50046e-12 0.919115 2.31
11.5167 -9.995 5.81304e-15 1.11029e-16 -5.54359e-13 -0.113269 2.32
11.55 -9.995 -1.05322e-14 -3.53331e-16 -4.81815e-12 -0.98421 2.33
11.5833 -9.995 -1.05677e-14 -1.19077e-15 -2.21497e-12 -0.452352 2.34
11.6167 -9.995 -1.06032e-14 -4.40393e-16 3.545e-12 0.724245 2.35
11.65 -9.995 -1.06387e-14 1.3792e-15 4.25208e-12 0.868573 2.36
11.6833 -9.995 -1.06743e-14 2.53882e-15 -1.1004e-12 -0.22508 2.37
11.7167 -9.995 -1.07512e-14 -9.99514e-16 -4.88359e-12 -0.997925 2.38
11.75 -9.995 -1.08282e-14 -3.39289e-15 -1.70615e-12 -0.348424 2.39
11.7833 -9.995 -1.09052e-14 -1.27775e-15 3.9017e-12 0.797687 2.4
11.8167 -9.995 3.84648e-14 4.1301e-15 3.94818e-12 0.806851 2.41
11.85 -9.995 8.78347e-14 5.67009e-15 -1.631e-12 -0.333993 2.42
11.8833 -9.995 1.26306e-13 -2.66949e-15 -4.88401e-12 -0.998796 2.43
11.9167 -9.995 1.64777e-13 -7.61186e-15 -1.17583e-12 -0.24001 2.44
11.95 -9.995 2.03248e-13 -1.89513e-15 4.20678e-12 0.860863 2.45
11.9833 -9.995 2.41698e-13 7.81999e-15 3.59367e-12 0.734745 2.46
12.0167 -9.995 2.80204e-13 6.27381e-15 -2.14139e-12 -0.438608 2.47
12.05 -9.995 2.99884e-13 -4.30486e-15 -4.82414e-12 -0.986811 2.48
12.0833 -9.995 3.19564e-13 -9.40993e-15 -6.31132e-13 -0.128508 2.49
12.1167 -9.995 3.2111e-13 -9.1533e-16 4.46023e-12 0.912958 2.5
12.15 -9.995 3.22656e-13 1.11458e-14 3.19395e-12 0.653181 2.51
12.1833 -9.995 3.22395e-13 7.52273e-15 -2.62288e-12 -0.537578 2.52
12.2167 -9.995 3.22135e-13 -6.56501e-15 -4.70171e-12 -0.962125 2.53
12.25 -9.995 3.21874e-13 -9.64369e-15 -7.83555e-14 -0.0153512 2.54
12.2833 -9.995 3.21649e-13 3.65902e-16 4.65823e-12 0.953302 2.55
12.3167 -9.995 3.21424e-13 8.40989e-15 2.7557e-12 0.56321 2.56
12.35 -9.995 3.22715e-13 4.55873e-15 -3.07561e-12 -0.629628 2.57
12.3833 -9.995 3.24006e-13 -5.21588e-15 -4.52395e-12 -0.925054 2.58
12.4167 -9.995 3.24493e-13 -7.08435e-15 4.76649e-13 0.098003 2.59
12.45 -9.995 3.2498e-13 1.06905e-15 4.79865e-12 0.981376 2.6
12.4833 -9.995 3.23647e-13 6.43635e-15 2.28084e-12 0.46599 2.61
12.5167 -9.995 3.22314e-13 2.18397e-15 -3.48907e-12 -0.713574 2.62
12.55 -9.995 3.22444e-13 -4.21935e-15 -4.28622e-12 -0.876078 2.63
12.5833 -9.995 3.22573e-13 -5.12575e-15 1.02551e-12 0.210096 2.64
12.6167 -9.995 3.22703e-13 1.94371e-15 4.87408e-12 0.996819 2.65
12.65 -9.995 3.22598e-13 7.33046e-15 1.7762e-12 0.362772 2.66
12.6833 -9.995 3.22493e-13 2.52833e-15 -3.85264e-12 -0.788335 2.67
12.7167 -9.995 3.33775e-13 -6.84342e-15 -3.98997e-12 -0.815825 2.68
12.75 -9.995 3.05958e-13 -6.84756e-15 1.55914e-12 0.319484 2.69
12.7833 -9.995 2.78141e-13 2.95273e-15 4.88587e-12 0.999431 2.7
12.8167 -9.995 2.50324e-13 7.6846e-15 1.24855e-12 0.254885 2.71
12.85 -9.995 2.61999e-13 1.67257e-15 -4.16954e-12 -0.85295 2.72
12.8833 -9.995 3.09774e-13 -5.82941e-15 -3.64512e-12 -0.745071 2.73
12.9167 -9.995 3.57549e-13 -4.52445e-15 2.07538e-12 0.424761 2.74
12.95 -9.995 3.881e-13 2.87086e-15 4.83819e-12 0.98918 2.75
12.9833 -9.995 4.18652e-13 5.22718e-15 7.04794e-13 0.143717 2.76
13.0167 -9.995 4.20399e-13 4.10963e-16 -4.43479e-12 -0.906586 2.77
13.05 -9.995 4.31798e-13 -3.89227e-15 -3.2534e-12 -0.664728 2.78
13.0833 -9.995 4.43198e-13 -2.52938e-15 2.56521e-12 0.52457 2.79
13.1167 -9.995 4.54597e-13 2.75335e-15 4.72743e-12 0.966196 2.8
13.15 -9.995 4.61857e-13 4.17371e-15 1.51815e-13 0.0306988 2.81
13.1833 -9.995 4.69118e-13 -2.09254e-16 -4.64098e-12 -0.948554 2.82
13.2167 -9.995 4.31818e-13 -2.93198e-15 -2.81889e-12 -0.575829 2.83
13.25 -9.995 4.18224e-13 -1.04253e-15 3.02248e-12 0.617627 2.84
13.2833 -9.995 4.70572e-13 8.93719e-16 4.55663e-12 0.930776 2.85
13.3167 -9.995 4.7042e-13 1.17485e-15 -4.04509e-13 -0.0827141 2.86
13.35 -9.995 4.70267e-13 -1.76009e-16 -4.78961e-12 -0.978312 2.87
13.3833 -9.995 4.70114e-13 2.83613e-16 -2.34821e-12 -0.479518 2.88
13.4167 -9.995 4.26923e-13 5.5409e-16 3.44191e-12 0.702735 2.89
13.45 -9.995 3.96051e-13 -6.67947e-16 4.32649e-12 0.883376 2.9
13.4833 -9.995 3.65179e-13 -2.18228e-16 -9.55112e-13 -0.195062 2.91
13.5167 -9.995 3.49663e-13 -9.78557e-17 -4.87479e-12 -0.995478 2.92
13.55 -9.995 3.34147e-13 5.40122e-16 -1.84644e-12 -0.377035 2.93
13.5833 -9.995 3.18632e-13 3.9116e-16 3.81405e-12 0.778798 2.94
13.6167 -9.995 3.03116e-13 -1.4441e-15 4.03906e-12 0.824606 2.95
13.65 -9.995 3.46567e-13 -2.31358e-15 -1.4944e-12 -0.3049 2.96
13.6833 -9.995 3.90019e-13 1.33793e-15 -4.90059e-12 -0.999831 2.97
13.7167 -9.995 3.90102e-13 5.27168e-15 -1.32071e-12 -0.269699 2.98
13.75 -9.995 3.90184e-13 1.71944e-15 4.14231e-12 0.844836 2.99
13.7833 -9.995 3.71864e-13 -5.74784e-15 3.70181e-12 0.755223 3
13.8167 -9.995 3.71647e-13 -4.94972e-15 -2.01573e-12 -0.410813 3.01
