0.01 5.02664
0.02 5.02631
0.03 5.02556
0.04 5.02437
0.05 5.02277
0.06 5.02073
0.07 5.01828
0.08 5.0154
0.09 5.01209
0.1 5.00837
0.11 5.00422
0.12 4.99965
0.13 4.99467
0.14 4.98927
0.15 4.98345
0.16 4.97722
0.17 4.97057
0.18 4.96352
0.19 4.95606
0.2 4.94819
0.21 4.93991
0.22 4.93123
0.23 4.92216
0.24 4.91268
0.25 4.90282
0.26 4.89256
0.27 4.88191
0.28 4.87087
0.29 4.85945
0.3 4.84765
0.31 4.83548
0.32 4.82293
0.33 4.81001
0.34 4.79672
0.35 4.78307
0.36 4.76907
0.37 4.75471
0.38 4.74
0.39 4.72494
0.4 4.70954
0.41 4.6938
0.42 4.67773
0.43 4.66133
0.44 4.64461
0.45 4.62757
0.46 4.61022
0.47 4.59255
0.48 4.57458
0.49 4.55632
0.5 4.53776
0.51 4.51892
0.52 4.49979
0.53 4.48039
0.54 4.46072
0.55 4.44078
0.56 4.42059
0.57 4.40014
0.58 4.37945
0.59 4.35852
0.6 4.33736
0.61 4.31598
0.62 4.29437
0.63 4.27256
0.64 4.25054
0.65 4.22832
0.66 4.20591
0.67 4.18332
0.68 4.16055
0.69 4.13762
0.7 4.11453
0.71 4.09128
0.72 4.06789
0.73 4.04436
0.74 4.02071
0.75 3.99693
0.76 3.97305
0.77 3.94906
0.78 3.92497
0.79 3.9008
0.8 3.87656
0.81 3.85224
0.82 3.82787
0.83 3.80345
0.84 3.77899
0.85 3.7545
0.86 3.72998
0.87 3.70546
0.88 3.68093
0.89 3.65641
0.9 3.63191
0.91 3.60744
0.92 3.583
0.93 3.55861
0.94 3.53429
0.95 3.51003
0.96 3.48585
0.97 3.46176
0.98 3.43778
0.99 3.41391
1 3.39016
1.01 3.36654
1.02 3.34308
1.03 3.31977
1.04 3.29663
1.05 3.27367
1.06 3.25091
1.07 3.22835
1.08 3.206
1.09 3.18389
1.1 3.16202
1.11 3.1404
1.12 3.11905
1.13 3.09797
1.14 3.07719
1.15 3.05671
1.16 3.03655
1.17 3.01672
1.18 2.99723
1.19 2.9781
1.2 2.95934
1.21 2.94096
1.22 2.92298
1.23 2.90541
1.24 2.88827
1.25 2.87156
1.26 2.85531
1.27 2.83952
1.28 2.82421
1.29 2.8094
1.3 2.7951
1.31 2.78133
1.32 2.76809
1.33 2.75541
1.34 2.74329
1.35 2.73176
1.36 2.72084
1.37 2.71052
1.38 2.70084
1.39 2.6918
1.4 2.68342
1.41 2.67572
1.42 2.66871
1.43 2.66241
1.44 2.65684
1.45 2.65201
1.46 2.64794
1.47 2.64463
1.48 2.64213
1.49 2.64042
1.5 2.63954
1.51 2.63951
1.52 2.64033
1.53 2.64202
1.54 2.64461
1.55 2.64811
1.56 2.65253
1.57 2.6579
1.58 2.66424
1.59 2.67155
1.6 2.67986
1.61 2.68918
1.62 2.69954
1.63 2.71096
1.64 2.72344
1.65 2.73701
1.66 2.7517
1.67 2.7675
1.68 2.78446
1.69 2.80257
1.7 2.82188
1.71 2.84238
1.72 2.8641
1.73 2.88707
1.74 2.9113
1.75 2.93681
1.76 2.96362
1.77 2.99174
1.78 3.02121
1.79 3.05204
1.8 3.08425
1.81 3.11786
1.82 3.15289
1.83 3.18936
1.84 3.22729
1.85 3.26671
1.86 3.30763
1.87 3.35007
1.88 3.39406
1.89 3.43962
1.9 3.48676
1.91 3.53551
1.92 3.5859
1.93 3.63794
1.94 3.69165
1.95 3.74706
1.96 3.80419
1.97 3.86306
1.98 3.92369
1.99 3.98611
2 4.05033
2.01 4.11638
2.02 4.18429
2.03 4.25407
2.04 4.32575
2.05 4.39936
2.06 4.4749
2.07 4.55242
2.08 4.63193
2.09 4.71345
2.1 4.79701
2.11 4.88263
2.12 4.97034
2.13 5.06015
2.14 5.1521
2.15 5.24621
2.16 5.3425
2.17 5.441
2.18 5.54173
2.19 5.64471
2.2 5.74998
2.21 5.85755
2.22 5.96745
2.23 6.0797
2.24 6.19434
2.25 6.31138
2.26 6.43085
2.27 4.17671
2.28 4.14764
2.29 4.16308
2.3 4.18539
2.31 4.20802
2.32 4.23074
2.33 4.25357
2.34 4.27649
2.35 4.29952
2.36 4.32264
2.37 4.34585
2.38 4.36917
2.39 4.39259
2.4 4.4161
2.41 4.43971
2.42 4.46342
2.43 4.48723
2.44 4.51113
2.45 4.53513
2.46 4.55924
2.47 4.58344
2.48 4.60774
2.49 4.63213
2.5 4.65663
2.51 4.68122
2.52 4.70591
2.53 4.7307
2.54 4.75559
2.55 4.78057
2.56 4.80566
2.57 4.83084
2.58 4.85612
2.59 4.8815
2.6 4.90697
2.61 4.93255
2.62 4.95822
2.63 4.98399
2.64 5.00986
2.65 5.03583
2.66 5.06189
2.67 5.08806
2.68 5.11432
2.69 5.14068
2.7 5.16714
2.71 5.19369
2.72 5.22035
2.73 5.2471
2.74 5.27395
2.75 5.3009
2.76 5.32795
2.77 5.35509
2.78 5.38233
2.79 5.40968
2.8 5.43712
2.81 5.46465
2.82 5.49229
2.83 5.52002
2.84 5.54786
2.85 5.57579
2.86 5.60382
2.87 5.63194
2.88 5.66017
2.89 5.68849
2.9 5.71691
2.91 5.74543
2.92 5.77405
2.93 5.80277
2.94 5.83158
2.95 5.86049
2.96 5.8895
2.97 5.91861
2.98 5.94782
2.99 5.97713
3 6.00653
3.01 6.03603
