0 15 0 0 0 0 0.01
0 14.999 0 0 0 0 0.02
0 14.9971 0 0 0 0 0.03
0 14.9941 0 0 0 0 0.04
0 14.9902 0 0 0 0 0.05
0 14.9853 0 0 0 0 0.06
0 14.9794 0 0 0 0 0.07
0 14.9725 0 0 0 0 0.08
0 14.9647 0 0 0 0 0.09
0 14.9559 0 0 0 0 0.1
0 14.946 0 0 0 0 0.11
0 14.9353 0 0 0 0 0.12
0 14.9235 0 0 0 0 0.13
0 14.9107 0 0 0 0 0.14
0 14.897 0 0 0 0 0.15
0 14.8823 0 0 0 0 0.16
0 14.8666 0 0 0 0 0.17
0 14.8499 0 0 0 0 0.18
0 14.8322 0 0 0 0 0.19
0 14.8136 0 0 0 0 0.2
0 14.794 0 0 0 0 0.21
0 14.7734 0 0 0 0 0.22
0 14.7518 0 0 0 0 0.23
0 14.7292 0 0 0 0 0.24
0 14.7057 0 0 0 0 0.25
0 14.6812 0 0 0 0 0.26
0 14.6557 0 0 0 0 0.27
0 14.6292 0 0 0 0 0.28
0 14.6017 0 0 0 0 0.29
0 14.5733 0 0 0 0 0.3
0 14.5438 0 0 0 0 0.31
0 14.5134 0 0 0 0 0.32
0 14.482 0 0 0 0 0.33
0 14.4497 0 0 0 0 0.34
0 14.4163 0 0 0 0 0.35
0 14.382 0 0 0 0 0.36
0 14.3467 0 0 0 0 0.37
0 14.3104 0 0 0 0 0.38
0 14.2731 0 0 0 0 0.39
0 14.2348 0 0 0 0 0.4
0 14.1956 0 0 0 0 0.41
0 14.1554 0 0 0 0 0.42
0 14.1142 0 0 0 0 0.43
0 14.072 0 0 0 0 0.44
0 14.0288 0 0 0 0 0.45
0 13.9847 0 0 0 0 0.46
0 13.9395 0 0 0 0 0.47
0 13.8934 0 0 0 0 0.48
0 13.8463 0 0 0 0 0.49
0 13.7983 0 0 0 0 0.5
0 13.7492 0 0 0 0 0.51
0 13.6992 0 0 0 0 0.52
0 13.6482 0 0 0 0 0.53
0 13.5962 0 0 0 0 0.54
0 13.5432 0 0 0 0 0.55
0 13.4893 0 0 0 0 0.56
0 13.4343 0 0 0 0 0.57
0 13.3784 0 0 0 0 0.58
0 13.3215 0 0 0 0 0.59
0 13.2636 0 0 0 0 0.6
0 13.2048 0 0 0 0 0.61
0 13.1449 0 0 0 0 0.62
0 13.0841 0 0 0 0 0.63
0 13.0223 0 0 0 0 0.64
0 12.9595 0 0 0 0 0.65
0 12.8958 0 0 0 0 0.66
0 12.831 0 0 0 0 0.67
0 12.7653 0 0 0 0 0.68
0 12.6986 0 0 0 0 0.69
0 12.6309 0 0 0 0 0.7
0 12.5622 0 0 0 0 0.71
0 12.4926 0 0 0 0 0.72
0 12.4219 0 0 0 0 0.73
0 12.3503 0 0 0 0 0.74
0 12.2777 0 0 0 0 0.75
0 12.2042 0 0 0 0 0.76
0 12.1296 0 0 0 0 0.77
0 12.0541 0 0 0 0 0.78
0 11.9775 0 0 0 0 0.79
0 11.9 0 0 0 0 0.8
0 11.8216 0 0 0 0 0.81
0 11.7421 0 0 0 0 0.82
0 11.6617 0 0 0 0 0.83
0 11.5802 0 0 0 0 0.84
0 11.4978 0 0 0 0 0.85
0 11.4144 0 0 0 0 0.86
0 11.3301 0 0 0 0 0.87
0 11.2447 0 0 0 0 0.88
0 11.1584 0 0 0 0 0.89
0 11.0711 0 0 0 0 0.9
0 10.9828 0 0 0 0 0.91
0 10.8935 0 0 0 0 0.92
0 10.8033 0 0 0 0 0.93
0 10.712 0 0 0 0 0.94
0 10.6198 0 0 0 0 0.95
0 10.5266 0 0 0 0 0.96
0 10.4325 0 0 0 0 0.97
0 10.3373 0 0 0 0 0.98
0 10.2412 0 0 0 0 0.99
0 10.1441 0 0 0 0 1
0 10.046 0 0 0 0 1.01
0 9.94687 0 0 0 0 1.02
0 9.84681 0 0 0 0 1.03
0 9.74576 0 0 0 0 1.04
0 9.64374 0 0 0 0 1.05
0 9.54074 0 0 0 0 1.06
0 9.43675 0 0 0 0 1.07
0 9.33178 0 0 0 0 1.08
0 9.22583 0 0 0 0 1.09
0 9.11891 0 0 0 0 1.1
0 9.011 0 0 0 0 1.11
0 8.9021 0 0 0 0 1.12
0 8.79223 0 0 0 0 1.13
0 8.68138 0 0 0 0 1.14
0 8.56955 0 0 0 0 1.15
0 8.45673 0 0 0 0 1.16
0 8.34293 0 0 0 0 1.17
0 8.22816 0 0 0 0 1.18
0 8.1124 0 0 0 0 1.19
0 7.99566 0 0 0 0 1.2
0 7.87794 0 0 0 0 1.21
0 7.75924 0 0 0 0 1.22
0 7.63956 0 0 0 0 1.23
0 7.51889 0 0 0 0 1.24
0 7.39725 0 0 0 0 1.25
0 7.27463 0 0 0 0 1.26
0 7.15102 0 0 0 0 1.27
0 7.02643 0 0 0 0 1.28
0 6.90086 0 0 0 0 1.29
0 6.77432 0 0 0 0 1.3
0 6.64679 0 0 0 0 1.31
0 6.51827 0 0 0 0 1.32
0 6.38878 0 0 0 0 1.33
0 6.25831 0 0 0 0 1.34
0 6.12686 0 0 0 0 1.35
0 5.99442 0 0 0 0 1.36
0 5.861 0 0 0 0 1.37
0 5.72661 0 0 0 0 1.38
0 5.59123 0 0 0 0 1.39
0 5.45487 0 0 0 0 1.4
0 5.31753 0 0 0 0 1.41
0 5.17921 0 0 0 0 1.42
0 5.03991 0 0 0 0 1.43
0 4.89962 0 0 0 0 1.44
0 4.75836 0 0 0 0 1.45
0 4.61612 0 0 0 0 1.46
0 4.47289 0 0 0 0 1.47
0 4.32868 0 0 0 0 1.48
0 4.18349 0 0 0 0 1.49
0 4.03732 0 0 0 0 1.5
0 3.89017 0 0 0 0 1.51
0 3.74204 0 0 0 0 1.52
0 3.59293 0 0 0 0 1.53
0 3.44284 0 0 0 0 1.54
0 3.29176 0 0 0 0 1.55
0 3.13971 0 0 0 0 1.56
0 2.98667 0 0 0 0 1.57
0 2.83266 0 0 0 0 1.58
0 2.67766 0 0 0 0 1.59
0 2.52168 0 0 0 0 1.6
0 2.36472 0 0 0 0 1.61
0 2.20678 0 0 0 0 1.62
0 2.04786 0 0 0 0 1.63
0 1.88795 0 0 0 0 1.64
0 1.72707 0 0 0 0 1.65
0 1.5652 0 0 0 0 1.66
0 1.40236 0 0 0 0 1.67
0 1.23853 0 0 0 0 1.68
0 1.07372 0 0 0 0 1.69
0 0.907935 0 0 0 0 1.7
0 0.741165 0 0 0 0 1.71
0 0.573414 0 0 0 0 1.72
0 0.404682 0 0 0 0 1.73
0 0.234969 0 0 0 0 1.74
0 0.064275 0 0 0 0 1.75
0 -0.1074 0 0 0 0 1.76
0 -0.280056 0 0 0 0 1.77
0 -0.453693 0 0 0 0 1.78
0 -0.628311 0 0 0 0 1.79
0 -0.80391 0 0 0 0 1.8
0 -0.98049 0 0 0 0 1.81
0 -1.15805 0 0 0 0 1.82
0 -1.33659 0 0 0 0 1.83
0 -1.51612 0 0 0 0 1.84
0 -1.69662 0 0 0 0 1.85
0 -1.87811 0 0 0 0 1.86
0 -2.06057 0 0 0 0 1.87
0 -2.24402 0 0 0 0 1.88
0 -2.42845 0 0 0 0 1.89
0 -2.61386 0 0 0 0 1.9
0 -2.80025 0 0 0 0 1.91
0 -2.98762 0 0 0 0 1.92
0 -3.17597 0 0 0 0 1.93
0 -3.3653 0 0 0 0 1.94
0 -3.55562 0 0 0 0 1.95
0 -3.74691 0 0 0 0 1.96
0 -3.93919 0 0 0 0 1.97
0 -4.13244 0 0 0 0 1.98
0 -4.32668 0 0 0 0 1.99
0 -4.5219 0 0 0 0 2
0 -4.7181 0 0 0 0 2.01
0 -4.91528 0 0 0 0 2.02
0 -5.11344 0 0 0 0 2.03
0 -5.31259 0 0 0 0 2.04
0 -5.51271 0 0 0 0 2.05
0 -5.71382 0 0 0 0 2.06
0 -5.9159 0 0 0 0 2.07
0 -6.11897 0 0 0 0 2.08
0 -6.32302 0 0 0 0 2.09
0 -6.52805 0 0 0 0 2.1
0 -6.73406 0 0 0 0 2.11
0 -6.94105 0 0 0 0 2.12
0 -7.14902 0 0 0 0 2.13
0 -7.35797 0 0 0 0 2.14
0 -7.56791 0 0 0 0 2.15
0 -7.77882 0 0 0 0 2.16
0 -7.99072 0 0 0 0 2.17
0 -8.20359 0 0 0 0 2.18
0 -8.41745 0 0 0 0 2.19
0 -8.63229 0 0 0 0 2.2
0 -8.84811 0 0 0 0 2.21
0 -9.06491 0 0 0 0 2.22
0 -9.28269 0 0 0 0 2.23
0 -9.50146 0 0 0 0 2.24
0 -9.7212 0 0 0 0 2.25
0 -9.94192 0 0 0 0 2.26
0 -10.1636 0 0 0 0 2.27
0 -9.99483 0 4.72113e-18 0 0 2.28
0 -9.99564 0 7.3716e-18 0 0 2.29
0 -9.995 3.96462e-36 7.35898e-18 0 0 2.3
0 -9.995 8.79539e-36 7.34862e-18 0 0 2.31
0 -9.995 1.49531e-35 7.33827e-18 0 0 2.32
0 -9.995 2.26165e-35 7.32792e-18 0 0 2.33
0 -9.995 3.02434e-35 7.31756e-18 0 0 2.34
0 -9.995 3.9974e-35 7.31756e-18 0 0 2.35
0 -9.995 4.94583e-35 7.31756e-18 0 0 2.36
0 -9.995 6.07773e-35 7.30721e-18 0 0 2.37
0 -9.995 7.45456e-35 7.31756e-18 0 0 2.38
0 -9.995 8.57243e-35 7.31756e-18 0 0 2.39
0 -9.995 9.71691e-35 7.29686e-18 0 0 2.4
0 -9.995 1.06782e-34 7.2865e-18 0 0 2.41
0 -9.995 1.16215e-34 7.2865e-18 0 0 2.42
0 -9.995 1.24973e-34 7.27615e-18 0 0 2.43
0 -9.995 1.34915e-34 7.2658e-18 0 0 2.44
0 -9.995 1.44045e-34 7.27615e-18 0 0 2.45
0 -9.995 1.53594e-34 7.2865e-18 0 0 2.46
0 -9.995 1.6248e-34 7.2865e-18 0 0 2.47
0 -9.995 1.71766e-34 7.2865e-18 0 0 2.48
0 -9.995 1.81591e-34 7.2865e-18 0 0 2.49
0 -9.995 1.92956e-34 7.2865e-18 0 0 2.5
0 -9.995 2.04748e-34 7.2865e-18 0 0 2.51
0 -9.995 2.17486e-34 7.27615e-18 0 0 2.52
0 -9.995 2.30696e-34 7.27615e-18 0 0 2.53
0 -9.995 2.45985e-34 7.27615e-18 0 0 2.54
0 -9.995 2.62289e-34 7.2658e-18 0 0 2.55
0 -9.995 2.79551e-34 7.23474e-18 0 0 2.56
0 -9.995 2.96267e-34 7.22438e-18 0 0 2.57
0 -9.995 3.14309e-34 7.21403e-18 0 0 2.58
0 -9.995 3.28958e-34 7.21403e-18 0 0 2.59
0 -9.995 3.45327e-34 7.21403e-18 0 0 2.6
0 -9.995 3.63969e-34 7.21403e-18 0 0 2.61
0 -9.995 3.83583e-34 7.22438e-18 0 0 2.62
0 -9.995 4.04169e-34 7.22438e-18 0 0 2.63
0 -9.995 4.23536e-34 7.22438e-18 0 0 2.64
0 -9.995 4.43235e-34 7.22438e-18 0 0 2.65
0 -9.995 4.63711e-34 7.23474e-18 0 0 2.66
0 -9.995 4.83993e-34 7.23474e-18 0 0 2.67
0 -9.995 5.04537e-34 7.23474e-18 0 0 2.68
0 -9.995 5.282e-34 7.23474e-18 0 0 2.69
0 -9.995 5.51241e-34 7.23474e-18 0 0 2.7
0 -9.995 5.74675e-34 7.22438e-18 0 0 2.71
0 -9.995 5.99672e-34 7.23474e-18 0 0 2.72
0 -9.995 6.24471e-34 7.23474e-18 0 0 2.73
0 -9.995 6.5024e-34 7.23474e-18 0 0 2.74
0 -9.995 6.75696e-34 7.22438e-18 0 0 2.75
0 -9.995 7.01054e-34 7.22438e-18 0 0 2.76
0 -9.995 7.26185e-34 7.22438e-18 0 0 2.77
0 -9.995 7.50581e-34 7.22438e-18 0 0 2.78
0 -9.995 7.76557e-34 7.22438e-18 0 0 2.79
0 -9.995 8.03395e-34 7.23474e-18 0 0 2.8
0 -9.995 8.29805e-34 7.24509e-18 0 0 2.81
0 -9.995 8.55875e-34 7.24509e-18 0 0 2.82
0 -9.995 8.81156e-34 7.23474e-18 0 0 2.83
0 -9.995 9.06367e-34 7.24509e-18 0 0 2.84
0 -9.995 9.29462e-34 7.24509e-18 0 0 2.85
0 -9.995 9.51329e-34 7.24509e-18 0 0 2.86
0 -9.995 9.73142e-34 7.24509e-18 0 0 2.87
0 -9.995 9.95509e-34 7.22438e-18 0 0 2.88
0 -9.995 1.01808e-33 7.21403e-18 0 0 2.89
0 -9.995 1.03967e-33 7.21403e-18 0 0 2.9
0 -9.995 1.06003e-33 7.21403e-18 0 0 2.91
0 -9.995 1.08239e-33 7.21403e-18 0 0 2.92
0 -9.995 1.10556e-33 7.21403e-18 0 0 2.93
0 -9.995 1.12707e-33 7.20368e-18 0 0 2.94
0 -9.995 1.14965e-33 7.20368e-18 0 0 2.95
0 -9.995 1.17076e-33 7.20368e-18 0 0 2.96
0 -9.995 1.19252e-33 7.20368e-18 0 0 2.97
0 -9.995 1.21388e-33 7.20368e-18 0 0 2.98
0 -9.995 1.23489e-33 7.20368e-18 0 0 2.99
0 -9.995 1.25649e-33 7.20368e-18 0 0 3
0 -9.995 1.27593e-33 7.20368e-18 0 0 3.01
