0 15 0 0 0 0 0.001
0 15 0 0 0 0 0.002
0 15 0 0 0 0 0.003
0 14.9999 0 0 0 0 0.004
0 14.9999 0 0 0 0 0.005
0 14.9999 0 0 0 0 0.006
0 14.9998 0 0 0 0 0.007
0 14.9997 0 0 0 0 0.008
0 14.9996 0 0 0 0 0.009
0 14.9996 0 0 0 0 0.01
0 14.9995 0 0 0 0 0.011
0 14.9994 0 0 0 0 0.012
0 14.9992 0 0 0 0 0.013
0 14.9991 0 0 0 0 0.014
0 14.999 0 0 0 0 0.015
0 14.9988 0 0 0 0 0.016
0 14.9987 0 0 0 0 0.017
0 14.9985 0 0 0 0 0.018
0 14.9983 0 0 0 0 0.019
0 14.9981 0 0 0 0 0.02
0 14.9979 0 0 0 0 0.021
0 14.9977 0 0 0 0 0.022
0 14.9975 0 0 0 0 0.023
0 14.9973 0 0 0 0 0.024
0 14.9971 0 0 0 0 0.025
0 14.9968 0 0 0 0 0.026
0 14.9966 0 0 0 0 0.027
0 14.9963 0 0 0 0 0.028
0 14.996 0 0 0 0 0.029
0 14.9957 0 0 0 0 0.03
0 14.9954 0 0 0 0 0.031
0 14.9951 0 0 0 0 0.032
0 14.9948 0 0 0 0 0.033
0 14.9945 0 0 0 0 0.034
0 14.9942 0 0 0 0 0.035
0 14.9938 0 0 0 0 0.036
0 14.9935 0 0 0 0 0.037
0 14.9931 0 0 0 0 0.038
0 14.9927 0 0 0 0 0.039
0 14.9923 0 0 0 0 0.04
0 14.992 0 0 0 0 0.041
0 14.9916 0 0 0 0 0.042
0 14.9911 0 0 0 0 0.043
0 14.9907 0 0 0 0 0.044
0 14.9903 0 0 0 0 0.045
0 14.9898 0 0 0 0 0.046
0 14.9894 0 0 0 0 0.047
0 14.9889 0 0 0 0 0.048
0 14.9885 0 0 0 0 0.049
0 14.988 0 0 0 0 0.05
0 14.9875 0 0 0 0 0.051
0 14.987 0 0 0 0 0.052
0 14.9865 0 0 0 0 0.053
0 14.986 0 0 0 0 0.054
0 14.9854 0 0 0 0 0.055
0 14.9849 0 0 0 0 0.056
0 14.9843 0 0 0 0 0.057
0 14.9838 0 0 0 0 0.058
0 14.9832 0 0 0 0 0.059
0 14.9826 0 0 0 0 0.06
0 14.982 0 0 0 0 0.061
0 14.9814 0 0 0 0 0.062
0 14.9808 0 0 0 0 0.063
0 14.9802 0 0 0 0 0.064
0 14.9796 0 0 0 0 0.065
0 14.979 0 0 0 0 0.066
0 14.9783 0 0 0 0 0.067
0 14.9777 0 0 0 0 0.068
0 14.977 0 0 0 0 0.069
0 14.9763 0 0 0 0 0.07
0 14.9756 0 0 0 0 0.071
0 14.9749 0 0 0 0 0.072
0 14.9742 0 0 0 0 0.073
0 14.9735 0 0 0 0 0.074
0 14.9728 0 0 0 0 0.075
0 14.972 0 0 0 0 0.076
0 14.9713 0 0 0 0 0.077
0 14.9705 0 0 0 0 0.078
0 14.9698 0 0 0 0 0.079
0 14.969 0 0 0 0 0.08
0 14.9682 0 0 0 0 0.081
0 14.9674 0 0 0 0 0.082
0 14.9666 0 0 0 0 0.083
0 14.9658 0 0 0 0 0.084
0 14.965 0 0 0 0 0.085
0 14.9641 0 0 0 0 0.086
0 14.9633 0 0 0 0 0.087
0 14.9624 0 0 0 0 0.088
0 14.9616 0 0 0 0 0.089
0 14.9607 0 0 0 0 0.09
0 14.9598 0 0 0 0 0.091
0 14.9589 0 0 0 0 0.092
0 14.958 0 0 0 0 0.093
0 14.9571 0 0 0 0 0.094
0 14.9562 0 0 0 0 0.095
0 14.9553 0 0 0 0 0.096
0 14.9543 0 0 0 0 0.097
0 14.9534 0 0 0 0 0.098
0 14.9524 0 0 0 0 0.099
0 14.9514 0 0 0 0 0.1
0 14.9505 0 0 0 0 0.101
0 14.9495 0 0 0 0 0.102
0 14.9485 0 0 0 0 0.103
0 14.9475 0 0 0 0 0.104
0 14.9464 0 0 0 0 0.105
0 14.9454 0 0 0 0 0.106
0 14.9444 0 0 0 0 0.107
0 14.9433 0 0 0 0 0.108
0 14.9423 0 0 0 0 0.109
0 14.9412 0 0 0 0 0.11
0 14.9401 0 0 0 0 0.111
0 14.939 0 0 0 0 0.112
0 14.9379 0 0 0 0 0.113
0 14.9368 0 0 0 0 0.114
0 14.9357 0 0 0 0 0.115
0 14.9346 0 0 0 0 0.116
0 14.9334 0 0 0 0 0.117
0 14.9323 0 0 0 0 0.118
0 14.9311 0 0 0 0 0.119
0 14.93 0 0 0 0 0.12
0 14.9288 0 0 0 0 0.121
0 14.9276 0 0 0 0 0.122
0 14.9264 0 0 0 0 0.123
0 14.9252 0 0 0 0 0.124
0 14.924 0 0 0 0 0.125
0 14.9227 0 0 0 0 0.126
0 14.9215 0 0 0 0 0.127
0 14.9203 0 0 0 0 0.128
0 14.919 0 0 0 0 0.129
0 14.9177 0 0 0 0 0.13
0 14.9165 0 0 0 0 0.131
0 14.9152 0 0 0 0 0.132
0 14.9139 0 0 0 0 0.133
0 14.9126 0 0 0 0 0.134
0 14.9113 0 0 0 0 0.135
0 14.9099 0 0 0 0 0.136
0 14.9086 0 0 0 0 0.137
0 14.9073 0 0 0 0 0.138
0 14.9059 0 0 0 0 0.139
0 14.9045 0 0 0 0 0.14
0 14.9032 0 0 0 0 0.141
0 14.9018 0 0 0 0 0.142
0 14.9004 0 0 0 0 0.143
0 14.899 0 0 0 0 0.144
0 14.8976 0 0 0 0 0.145
0 14.8962 0 0 0 0 0.146
0 14.8947 0 0 0 0 0.147
0 14.8933 0 0 0 0 0.148
0 14.8918 0 0 0 0 0.149
0 14.8904 0 0 0 0 0.15
0 14.8889 0 0 0 0 0.151
0 14.8874 0 0 0 0 0.152
0 14.8859 0 0 0 0 0.153
0 14.8844 0 0 0 0 0.154
0 14.8829 0 0 0 0 0.155
0 14.8814 0 0 0 0 0.156
0 14.8799 0 0 0 0 0.157
0 14.8783 0 0 0 0 0.158
0 14.8768 0 0 0 0 0.159
0 14.8752 0 0 0 0 0.16
0 14.8736 0 0 0 0 0.161
0 14.8721 0 0 0 0 0.162
0 14.8705 0 0 0 0 0.163
0 14.8689 0 0 0 0 0.164
0 14.8673 0 0 0 0 0.165
0 14.8657 0 0 0 0 0.166
0 14.864 0 0 0 0 0.167
0 14.8624 0 0 0 0 0.168
0 14.8607 0 0 0 0 0.169
0 14.8591 0 0 0 0 0.17
0 14.8574 0 0 0 0 0.171
0 14.8557 0 0 0 0 0.172
0 14.854 0 0 0 0 0.173
0 14.8523 0 0 0 0 0.174
0 14.8506 0 0 0 0 0.175
0 14.8489 0 0 0 0 0.176
0 14.8472 0 0 0 0 0.177
0 14.8455 0 0 0 0 0.178
0 14.8437 0 0 0 0 0.179
0 14.842 0 0 0 0 0.18
0 14.8402 0 0 0 0 0.181
0 14.8384 0 0 0 0 0.182
0 14.8366 0 0 0 0 0.183
0 14.8348 0 0 0 0 0.184
0 14.833 0 0 0 0 0.185
0 14.8312 0 0 0 0 0.186
0 14.8294 0 0 0 0 0.187
0 14.8276 0 0 0 0 0.188
0 14.8257 0 0 0 0 0.189
0 14.8239 0 0 0 0 0.19
0 14.822 0 0 0 0 0.191
0 14.8201 0 0 0 0 0.192
0 14.8182 0 0 0 0 0.193
0 14.8163 0 0 0 0 0.194
0 14.8144 0 0 0 0 0.195
0 14.8125 0 0 0 0 0.196
0 14.8106 0 0 0 0 0.197
0 14.8087 0 0 0 0 0.198
0 14.8067 0 0 0 0 0.199
0 14.8048 0 0 0 0 0.2
0 14.8028 0 0 0 0 0.201
0 14.8008 0 0 0 0 0.202
0 14.7989 0 0 0 0 0.203
0 14.7969 0 0 0 0 0.204
0 14.7949 0 0 0 0 0.205
0 14.7929 0 0 0 0 0.206
0 14.7908 0 0 0 0 0.207
0 14.7888 0 0 0 0 0.208
0 14.7868 0 0 0 0 0.209
0 14.7847 0 0 0 0 0.21
0 14.7827 0 0 0 0 0.211
0 14.7806 0 0 0 0 0.212
0 14.7785 0 0 0 0 0.213
0 14.7764 0 0 0 0 0.214
0 14.7743 0 0 0 0 0.215
0 14.7722 0 0 0 0 0.216
0 14.7701 0 0 0 0 0.217
0 14.768 0 0 0 0 0.218
0 14.7658 0 0 0 0 0.219
0 14.7637 0 0 0 0 0.22
0 14.7615 0 0 0 0 0.221
0 14.7594 0 0 0 0 0.222
0 14.7572 0 0 0 0 0.223
0 14.755 0 0 0 0 0.224
0 14.7528 0 0 0 0 0.225
0 14.7506 0 0 0 0 0.226
0 14.7484 0 0 0 0 0.227
0 14.7461 0 0 0 0 0.228
0 14.7439 0 0 0 0 0.229
0 14.7417 0 0 0 0 0.23
0 14.7394 0 0 0 0 0.231
0 14.7371 0 0 0 0 0.232
0 14.7349 0 0 0 0 0.233
0 14.7326 0 0 0 0 0.234
0 14.7303 0 0 0 0 0.235
0 14.728 0 0 0 0 0.236
0 14.7257 0 0 0 0 0.237
0 14.7233 0 0 0 0 0.238
0 14.721 0 0 0 0 0.239
0 14.7186 0 0 0 0 0.24
0 14.7163 0 0 0 0 0.241
0 14.7139 0 0 0 0 0.242
0 14.7116 0 0 0 0 0.243
0 14.7092 0 0 0 0 0.244
0 14.7068 0 0 0 0 0.245
0 14.7044 0 0 0 0 0.246
0 14.702 0 0 0 0 0.247
0 14.6995 0 0 0 0 0.248
0 14.6971 0 0 0 0 0.249
0 14.6947 0 0 0 0 0.25
0 14.6922 0 0 0 0 0.251
0 14.6897 0 0 0 0 0.252
0 14.6873 0 0 0 0 0.253
0 14.6848 0 0 0 0 0.254
0 14.6823 0 0 0 0 0.255
0 14.6798 0 0 0 0 0.256
0 14.6773 0 0 0 0 0.257
0 14.6748 0 0 0 0 0.258
0 14.6722 0 0 0 0 0.259
0 14.6697 0 0 0 0 0.26
0 14.6671 0 0 0 0 0.261
0 14.6646 0 0 0 0 0.262
0 14.662 0 0 0 0 0.263
0 14.6594 0 0 0 0 0.264
0 14.6568 0 0 0 0 0.265
0 14.6542 0 0 0 0 0.266
0 14.6516 0 0 0 0 0.267
0 14.649 0 0 0 0 0.268
0 14.6464 0 0 0 0 0.269
0 14.6437 0 0 0 0 0.27
0 14.6411 0 0 0 0 0.271
0 14.6384 0 0 0 0 0.272
0 14.6358 0 0 0 0 0.273
0 14.6331 0 0 0 0 0.274
0 14.6304 0 0 0 0 0.275
0 14.6277 0 0 0 0 0.276
0 14.625 0 0 0 0 0.277
0 14.6223 0 0 0 0 0.278
0 14.6196 0 0 0 0 0.279
0 14.6168 0 0 0 0 0.28
0 14.6141 0 0 0 0 0.281
0 14.6113 0 0 0 0 0.282
0 14.6086 0 0 0 0 0.283
0 14.6058 0 0 0 0 0.284
0 14.603 0 0 0 0 0.285
0 14.6002 0 0 0 0 0.286
0 14.5974 0 0 0 0 0.287
0 14.5946 0 0 0 0 0.288
0 14.5917 0 0 0 0 0.289
0 14.5889 0 0 0 0 0.29
0 14.5861 0 0 0 0 0.291
0 14.5832 0 0 0 0 0.292
0 14.5803 0 0 0 0 0.293
0 14.5775 0 0 0 0 0.294
0 14.5746 0 0 0 0 0.295
0 14.5717 0 0 0 0 0.296
0 14.5688 0 0 0 0 0.297
0 14.5659 0 0 0 0 0.298
0 14.563 0 0 0 0 0.299
0 14.56 0 0 0 0 0.3
0 14.5571 0 0 0 0 0.301
0 14.5541 0 0 0 0 0.302
0 14.5512 0 0 0 0 0.303
0 14.5482 0 0 0 0 0.304
0 14.5452 0 0 0 0 0.305
0 14.5422 0 0 0 0 0.306
0 14.5392 0 0 0 0 0.307
0 14.5362 0 0 0 0 0.308
0 14.5332 0 0 0 0 0.309
0 14.5302 0 0 0 0 0.31
0 14.5271 0 0 0 0 0.311
0 14.5241 0 0 0 0 0.312
0 14.521 0 0 0 0 0.313
0 14.5179 0 0 0 0 0.314
0 14.5148 0 0 0 0 0.315
0 14.5118 0 0 0 0 0.316
0 14.5087 0 0 0 0 0.317
0 14.5055 0 0 0 0 0.318
0 14.5024 0 0 0 0 0.319
0 14.4993 0 0 0 0 0.32
0 14.4962 0 0 0 0 0.321
0 14.493 0 0 0 0 0.322
0 14.4899 0 0 0 0 0.323
0 14.4867 0 0 0 0 0.324
0 14.4835 0 0 0 0 0.325
0 14.4803 0 0 0 0 0.326
0 14.4771 0 0 0 0 0.327
0 14.4739 0 0 0 0 0.328
0 14.4707 0 0 0 0 0.329
0 14.4675 0 0 0 0 0.33
0 14.4642 0 0 0 0 0.331
0 14.461 0 0 0 0 0.332
0 14.4577 0 0 0 0 0.333
0 14.4545 0 0 0 0 0.334
0 14.4512 0 0 0 0 0.335
0 14.4479 0 0 0 0 0.336
0 14.4446 0 0 0 0 0.337
0 14.4413 0 0 0 0 0.338
0 14.438 0 0 0 0 0.339
0 14.4346 0 0 0 0 0.34
0 14.4313 0 0 0 0 0.341
0 14.428 0 0 0 0 0.342
0 14.4246 0 0 0 0 0.343
0 14.4212 0 0 0 0 0.344
0 14.4179 0 0 0 0 0.345
0 14.4145 0 0 0 0 0.346
0 14.4111 0 0 0 0 0.347
0 14.4077 0 0 0 0 0.348
0 14.4043 0 0 0 0 0.349
0 14.4009 0 0 0 0 0.35
0 14.3974 0 0 0 0 0.351
0 14.394 0 0 0 0 0.352
0 14.3905 0 0 0 0 0.353
0 14.3871 0 0 0 0 0.354
0 14.3836 0 0 0 0 0.355
0 14.3801 0 0 0 0 0.356
0 14.3766 0 0 0 0 0.357
0 14.3731 0 0 0 0 0.358
0 14.3696 0 0 0 0 0.359
0 14.3661 0 0 0 0 0.36
0 14.3625 0 0 0 0 0.361
0 14.359 0 0 0 0 0.362
0 14.3555 0 0 0 0 0.363
0 14.3519 0 0 0 0 0.364
0 14.3483 0 0 0 0 0.365
0 14.3447 0 0 0 0 0.366
0 14.3412 0 0 0 0 0.367
0 14.3376 0 0 0 0 0.368
0 14.3339 0 0 0 0 0.369
0 14.3303 0 0 0 0 0.37
0 14.3267 0 0 0 0 0.371
0 14.3231 0 0 0 0 0.372
0 14.3194 0 0 0 0 0.373
0 14.3157 0 0 0 0 0.374
0 14.3121 0 0 0 0 0.375
0 14.3084 0 0 0 0 0.376
0 14.3047 0 0 0 0 0.377
0 14.301 0 0 0 0 0.378
0 14.2973 0 0 0 0 0.379
0 14.2936 0 0 0 0 0.38
0 14.2899 0 0 0 0 0.381
0 14.2861 0 0 0 0 0.382
0 14.2824 0 0 0 0 0.383
0 14.2786 0 0 0 0 0.384
0 14.2748 0 0 0 0 0.385
0 14.2711 0 0 0 0 0.386
0 14.2673 0 0 0 0 0.387
0 14.2635 0 0 0 0 0.388
0 14.2597 0 0 0 0 0.389
0 14.2559 0 0 0 0 0.39
0 14.252 0 0 0 0 0.391
0 14.2482 0 0 0 0 0.392
0 14.2444 0 0 0 0 0.393
0 14.2405 0 0 0 0 0.394
0 14.2366 0 0 0 0 0.395
0 14.2328 0 0 0 0 0.396
0 14.2289 0 0 0 0 0.397
0 14.225 0 0 0 0 0.398
0 14.2211 0 0 0 0 0.399
0 14.2172 0 0 0 0 0.4
0 14.2132 0 0 0 0 0.401
0 14.2093 0 0 0 0 0.402
0 14.2054 0 0 0 0 0.403
0 14.2014 0 0 0 0 0.404
0 14.1974 0 0 0 0 0.405
0 14.1935 0 0 0 0 0.406
0 14.1895 0 0 0 0 0.407
0 14.1855 0 0 0 0 0.408
0 14.1815 0 0 0 0 0.409
0 14.1775 0 0 0 0 0.41
0 14.1735 0 0 0 0 0.411
0 14.1694 0 0 0 0 0.412
0 14.1654 0 0 0 0 0.413
0 14.1613 0 0 0 0 0.414
0 14.1573 0 0 0 0 0.415
0 14.1532 0 0 0 0 0.416
0 14.1491 0 0 0 0 0.417
0 14.145 0 0 0 0 0.418
0 14.1409 0 0 0 0 0.419
0 14.1368 0 0 0 0 0.42
0 14.1327 0 0 0 0 0.421
0 14.1286 0 0 0 0 0.422
0 14.1244 0 0 0 0 0.423
0 14.1203 0 0 0 0 0.424
0 14.1161 0 0 0 0 0.425
0 14.1119 0 0 0 0 0.426
0 14.1078 0 0 0 0 0.427
0 14.1036 0 0 0 0 0.428
0 14.0994 0 0 0 0 0.429
0 14.0952 0 0 0 0 0.43
0 14.091 0 0 0 0 0.431
0 14.0867 0 0 0 0 0.432
0 14.0825 0 0 0 0 0.433
0 14.0782 0 0 0 0 0.434
0 14.074 0 0 0 0 0.435
0 14.0697 0 0 0 0 0.436
0 14.0654 0 0 0 0 0.437
0 14.0612 0 0 0 0 0.438
0 14.0569 0 0 0 0 0.439
0 14.0526 0 0 0 0 0.44
0 14.0482 0 0 0 0 0.441
0 14.0439 0 0 0 0 0.442
0 14.0396 0 0 0 0 0.443
0 14.0352 0 0 0 0 0.444
0 14.0309 0 0 0 0 0.445
0 14.0265 0 0 0 0 0.446
0 14.0221 0 0 0 0 0.447
0 14.0177 0 0 0 0 0.448
0 14.0133 0 0 0 0 0.449
0 14.0089 0 0 0 0 0.45
0 14.0045 0 0 0 0 0.451
0 14.0001 0 0 0 0 0.452
0 13.9957 0 0 0 0 0.453
0 13.9912 0 0 0 0 0.454
0 13.9868 0 0 0 0 0.455
0 13.9823 0 0 0 0 0.456
0 13.9778 0 0 0 0 0.457
0 13.9734 0 0 0 0 0.458
0 13.9689 0 0 0 0 0.459
0 13.9644 0 0 0 0 0.46
0 13.9598 0 0 0 0 0.461
0 13.9553 0 0 0 0 0.462
0 13.9508 0 0 0 0 0.463
0 13.9462 0 0 0 0 0.464
0 13.9417 0 0 0 0 0.465
0 13.9371 0 0 0 0 0.466
0 13.9326 0 0 0 0 0.467
0 13.928 0 0 0 0 0.468
0 13.9234 0 0 0 0 0.469
0 13.9188 0 0 0 0 0.47
0 13.9142 0 0 0 0 0.471
0 13.9096 0 0 0 0 0.472
0 13.9049 0 0 0 0 0.473
0 13.9003 0 0 0 0 0.474
0 13.8956 0 0 0 0 0.475
0 13.891 0 0 0 0 0.476
0 13.8863 0 0 0 0 0.477
0 13.8816 0 0 0 0 0.478
0 13.8769 0 0 0 0 0.479
0 13.8722 0 0 0 0 0.48
0 13.8675 0 0 0 0 0.481
0 13.8628 0 0 0 0 0.482
0 13.8581 0 0 0 0 0.483
0 13.8533 0 0 0 0 0.484
0 13.8486 0 0 0 0 0.485
0 13.8438 0 0 0 0 0.486
0 13.8391 0 0 0 0 0.487
0 13.8343 0 0 0 0 0.488
0 13.8295 0 0 0 0 0.489
0 13.8247 0 0 0 0 0.49
0 13.8199 0 0 0 0 0.491
0 13.8151 0 0 0 0 0.492
0 13.8103 0 0 0 0 0.493
0 13.8054 0 0 0 0 0.494
0 13.8006 0 0 0 0 0.495
0 13.7957 0 0 0 0 0.496
0 13.7909 0 0 0 0 0.497
0 13.786 0 0 0 0 0.498
0 13.7811 0 0 0 0 0.499
0 13.7762 0 0 0 0 0.5
0 13.7713 0 0 0 0 0.501
0 13.7664 0 0 0 0 0.502
0 13.7615 0 0 0 0 0.503
0 13.7565 0 0 0 0 0.504
0 13.7516 0 0 0 0 0.505
0 13.7466 0 0 0 0 0.506
0 13.7417 0 0 0 0 0.507
0 13.7367 0 0 0 0 0.508
0 13.7317 0 0 0 0 0.509
0 13.7267 0 0 0 0 0.51
0 13.7217 0 0 0 0 0.511
0 13.7167 0 0 0 0 0.512
0 13.7117 0 0 0 0 0.513
0 13.7066 0 0 0 0 0.514
0 13.7016 0 0 0 0 0.515
0 13.6965 0 0 0 0 0.516
0 13.6915 0 0 0 0 0.517
0 13.6864 0 0 0 0 0.518
0 13.6813 0 0 0 0 0.519
0 13.6762 0 0 0 0 0.52
0 13.6711 0 0 0 0 0.521
0 13.666 0 0 0 0 0.522
0 13.6609 0 0 0 0 0.523
0 13.6558 0 0 0 0 0.524
0 13.6506 0 0 0 0 0.525
0 13.6455 0 0 0 0 0.526
0 13.6403 0 0 0 0 0.527
0 13.6352 0 0 0 0 0.528
0 13.63 0 0 0 0 0.529
0 13.6248 0 0 0 0 0.53
0 13.6196 0 0 0 0 0.531
0 13.6144 0 0 0 0 0.532
0 13.6092 0 0 0 0 0.533
0 13.6039 0 0 0 0 0.534
0 13.5987 0 0 0 0 0.535
0 13.5934 0 0 0 0 0.536
0 13.5882 0 0 0 0 0.537
0 13.5829 0 0 0 0 0.538
0 13.5776 0 0 0 0 0.539
0 13.5724 0 0 0 0 0.54
0 13.5671 0 0 0 0 0.541
0 13.5617 0 0 0 0 0.542
0 13.5564 0 0 0 0 0.543
0 13.5511 0 0 0 0 0.544
0 13.5458 0 0 0 0 0.545
0 13.5404 0 0 0 0 0.546
0 13.5351 0 0 0 0 0.547
0 13.5297 0 0 0 0 0.548
0 13.5243 0 0 0 0 0.549
0 13.5189 0 0 0 0 0.55
0 13.5135 0 0 0 0 0.551
0 13.5081 0 0 0 0 0.552
0 13.5027 0 0 0 0 0.553
0 13.4973 0 0 0 0 0.554
0 13.4919 0 0 0 0 0.555
0 13.4864 0 0 0 0 0.556
0 13.481 0 0 0 0 0.557
0 13.4755 0 0 0 0 0.558
0 13.47 0 0 0 0 0.559
0 13.4645 0 0 0 0 0.56
0 13.459 0 0 0 0 0.561
0 13.4535 0 0 0 0 0.562
0 13.448 0 0 0 0 0.563
0 13.4425 0 0 0 0 0.564
0 13.437 0 0 0 0 0.565
0 13.4314 0 0 0 0 0.566
0 13.4259 0 0 0 0 0.567
0 13.4203 0 0 0 0 0.568
0 13.4147 0 0 0 0 0.569
0 13.4092 0 0 0 0 0.57
0 13.4036 0 0 0 0 0.571
0 13.398 0 0 0 0 0.572
0 13.3924 0 0 0 0 0.573
0 13.3867 0 0 0 0 0.574
0 13.3811 0 0 0 0 0.575
0 13.3755 0 0 0 0 0.576
0 13.3698 0 0 0 0 0.577
0 13.3642 0 0 0 0 0.578
0 13.3585 0 0 0 0 0.579
0 13.3528 0 0 0 0 0.58
0 13.3471 0 0 0 0 0.581
0 13.3414 0 0 0 0 0.582
0 13.3357 0 0 0 0 0.583
0 13.33 0 0 0 0 0.584
0 13.3243 0 0 0 0 0.585
0 13.3185 0 0 0 0 0.586
0 13.3128 0 0 0 0 0.587
0 13.307 0 0 0 0 0.588
0 13.3012 0 0 0 0 0.589
0 13.2955 0 0 0 0 0.59
0 13.2897 0 0 0 0 0.591
0 13.2839 0 0 0 0 0.592
0 13.2781 0 0 0 0 0.593
0 13.2723 0 0 0 0 0.594
0 13.2664 0 0 0 0 0.595
0 13.2606 0 0 0 0 0.596
0 13.2547 0 0 0 0 0.597
0 13.2489 0 0 0 0 0.598
0 13.243 0 0 0 0 0.599
0 13.2371 0 0 0 0 0.6
0 13.2313 0 0 0 0 0.601
0 13.2254 0 0 0 0 0.602
0 13.2195 0 0 0 0 0.603
0 13.2135 0 0 0 0 0.604
0 13.2076 0 0 0 0 0.605
0 13.2017 0 0 0 0 0.606
0 13.1957 0 0 0 0 0.607
0 13.1898 0 0 0 0 0.608
0 13.1838 0 0 0 0 0.609
0 13.1778 0 0 0 0 0.61
0 13.1719 0 0 0 0 0.611
0 13.1659 0 0 0 0 0.612
0 13.1599 0 0 0 0 0.613
0 13.1538 0 0 0 0 0.614
0 13.1478 0 0 0 0 0.615
0 13.1418 0 0 0 0 0.616
0 13.1357 0 0 0 0 0.617
0 13.1297 0 0 0 0 0.618
0 13.1236 0 0 0 0 0.619
0 13.1176 0 0 0 0 0.62
0 13.1115 0 0 0 0 0.621
0 13.1054 0 0 0 0 0.622
0 13.0993 0 0 0 0 0.623
0 13.0932 0 0 0 0 0.624
0 13.0871 0 0 0 0 0.625
0 13.0809 0 0 0 0 0.626
0 13.0748 0 0 0 0 0.627
0 13.0686 0 0 0 0 0.628
0 13.0625 0 0 0 0 0.629
0 13.0563 0 0 0 0 0.63
0 13.0501 0 0 0 0 0.631
0 13.0439 0 0 0 0 0.632
0 13.0377 0 0 0 0 0.633
0 13.0315 0 0 0 0 0.634
0 13.0253 0 0 0 0 0.635
0 13.0191 0 0 0 0 0.636
0 13.0128 0 0 0 0 0.637
0 13.0066 0 0 0 0 0.638
0 13.0003 0 0 0 0 0.639
0 12.9941 0 0 0 0 0.64
0 12.9878 0 0 0 0 0.641
0 12.9815 0 0 0 0 0.642
0 12.9752 0 0 0 0 0.643
0 12.9689 0 0 0 0 0.644
0 12.9626 0 0 0 0 0.645
0 12.9562 0 0 0 0 0.646
0 12.9499 0 0 0 0 0.647
0 12.9435 0 0 0 0 0.648
0 12.9372 0 0 0 0 0.649
0 12.9308 0 0 0 0 0.65
0 12.9244 0 0 0 0 0.651
0 12.9181 0 0 0 0 0.652
0 12.9117 0 0 0 0 0.653
0 12.9053 0 0 0 0 0.654
0 12.8988 0 0 0 0 0.655
0 12.8924 0 0 0 0 0.656
0 12.886 0 0 0 0 0.657
0 12.8795 0 0 0 0 0.658
0 12.8731 0 0 0 0 0.659
0 12.8666 0 0 0 0 0.66
0 12.8601 0 0 0 0 0.661
0 12.8537 0 0 0 0 0.662
0 12.8472 0 0 0 0 0.663
0 12.8407 0 0 0 0 0.664
0 12.8341 0 0 0 0 0.665
0 12.8276 0 0 0 0 0.666
0 12.8211 0 0 0 0 0.667
0 12.8145 0 0 0 0 0.668
0 12.808 0 0 0 0 0.669
0 12.8014 0 0 0 0 0.67
0 12.7949 0 0 0 0 0.671
0 12.7883 0 0 0 0 0.672
0 12.7817 0 0 0 0 0.673
0 12.7751 0 0 0 0 0.674
0 12.7685 0 0 0 0 0.675
0 12.7618 0 0 0 0 0.676
0 12.7552 0 0 0 0 0.677
0 12.7486 0 0 0 0 0.678
0 12.7419 0 0 0 0 0.679
0 12.7353 0 0 0 0 0.68
0 12.7286 0 0 0 0 0.681
0 12.7219 0 0 0 0 0.682
0 12.7152 0 0 0 0 0.683
0 12.7085 0 0 0 0 0.684
0 12.7018 0 0 0 0 0.685
0 12.6951 0 0 0 0 0.686
0 12.6884 0 0 0 0 0.687
0 12.6816 0 0 0 0 0.688
0 12.6749 0 0 0 0 0.689
0 12.6681 0 0 0 0 0.69
0 12.6613 0 0 0 0 0.691
0 12.6546 0 0 0 0 0.692
0 12.6478 0 0 0 0 0.693
0 12.641 0 0 0 0 0.694
0 12.6342 0 0 0 0 0.695
0 12.6274 0 0 0 0 0.696
0 12.6205 0 0 0 0 0.697
0 12.6137 0 0 0 0 0.698
0 12.6068 0 0 0 0 0.699
0 12.6 0 0 0 0 0.7
0 12.5931 0 0 0 0 0.701
0 12.5862 0 0 0 0 0.702
0 12.5794 0 0 0 0 0.703
0 12.5725 0 0 0 0 0.704
0 12.5656 0 0 0 0 0.705
0 12.5586 0 0 0 0 0.706
0 12.5517 0 0 0 0 0.707
0 12.5448 0 0 0 0 0.708
0 12.5378 0 0 0 0 0.709
0 12.5309 0 0 0 0 0.71
0 12.5239 0 0 0 0 0.711
0 12.5169 0 0 0 0 0.712
0 12.5099 0 0 0 0 0.713
0 12.503 0 0 0 0 0.714
0 12.4959 0 0 0 0 0.715
0 12.4889 0 0 0 0 0.716
0 12.4819 0 0 0 0 0.717
0 12.4749 0 0 0 0 0.718
0 12.4678 0 0 0 0 0.719
0 12.4608 0 0 0 0 0.72
0 12.4537 0 0 0 0 0.721
0 12.4466 0 0 0 0 0.722
0 12.4396 0 0 0 0 0.723
0 12.4325 0 0 0 0 0.724
0 12.4254 0 0 0 0 0.725
0 12.4183 0 0 0 0 0.726
0 12.4111 0 0 0 0 0.727
0 12.404 0 0 0 0 0.728
0 12.3969 0 0 0 0 0.729
0 12.3897 0 0 0 0 0.73
0 12.3825 0 0 0 0 0.731
0 12.3754 0 0 0 0 0.732
0 12.3682 0 0 0 0 0.733
0 12.361 0 0 0 0 0.734
0 12.3538 0 0 0 0 0.735
0 12.3466 0 0 0 0 0.736
0 12.3394 0 0 0 0 0.737
0 12.3321 0 0 0 0 0.738
0 12.3249 0 0 0 0 0.739
0 12.3177 0 0 0 0 0.74
0 12.3104 0 0 0 0 0.741
0 12.3031 0 0 0 0 0.742
0 12.2958 0 0 0 0 0.743
0 12.2886 0 0 0 0 0.744
0 12.2813 0 0 0 0 0.745
0 12.2739 0 0 0 0 0.746
0 12.2666 0 0 0 0 0.747
0 12.2593 0 0 0 0 0.748
0 12.252 0 0 0 0 0.749
0 12.2446 0 0 0 0 0.75
0 12.2373 0 0 0 0 0.751
0 12.2299 0 0 0 0 0.752
0 12.2225 0 0 0 0 0.753
0 12.2151 0 0 0 0 0.754
0 12.2077 0 0 0 0 0.755
0 12.2003 0 0 0 0 0.756
0 12.1929 0 0 0 0 0.757
0 12.1855 0 0 0 0 0.758
0 12.178 0 0 0 0 0.759
0 12.1706 0 0 0 0 0.76
0 12.1631 0 0 0 0 0.761
0 12.1557 0 0 0 0 0.762
0 12.1482 0 0 0 0 0.763
0 12.1407 0 0 0 0 0.764
0 12.1332 0 0 0 0 0.765
0 12.1257 0 0 0 0 0.766
0 12.1182 0 0 0 0 0.767
0 12.1107 0 0 0 0 0.768
0 12.1031 0 0 0 0 0.769
0 12.0956 0 0 0 0 0.77
0 12.088 0 0 0 0 0.771
0 12.0805 0 0 0 0 0.772
0 12.0729 0 0 0 0 0.773
0 12.0653 0 0 0 0 0.774
0 12.0577 0 0 0 0 0.775
0 12.0501 0 0 0 0 0.776
0 12.0425 0 0 0 0 0.777
0 12.0349 0 0 0 0 0.778
0 12.0273 0 0 0 0 0.779
0 12.0196 0 0 0 0 0.78
0 12.012 0 0 0 0 0.781
0 12.0043 0 0 0 0 0.782
0 11.9966 0 0 0 0 0.783
0 11.989 0 0 0 0 0.784
0 11.9813 0 0 0 0 0.785
0 11.9736 0 0 0 0 0.786
0 11.9659 0 0 0 0 0.787
0 11.9581 0 0 0 0 0.788
0 11.9504 0 0 0 0 0.789
0 11.9427 0 0 0 0 0.79
0 11.9349 0 0 0 0 0.791
0 11.9272 0 0 0 0 0.792
0 11.9194 0 0 0 0 0.793
0 11.9116 0 0 0 0 0.794
0 11.9038 0 0 0 0 0.795
0 11.896 0 0 0 0 0.796
0 11.8882 0 0 0 0 0.797
0 11.8804 0 0 0 0 0.798
0 11.8726 0 0 0 0 0.799
0 11.8647 0 0 0 0 0.8
0 11.8569 0 0 0 0 0.801
0 11.849 0 0 0 0 0.802
0 11.8412 0 0 0 0 0.803
0 11.8333 0 0 0 0 0.804
0 11.8254 0 0 0 0 0.805
0 11.8175 0 0 0 0 0.806
0 11.8096 0 0 0 0 0.807
0 11.8017 0 0 0 0 0.808
0 11.7937 0 0 0 0 0.809
0 11.7858 0 0 0 0 0.81
0 11.7779 0 0 0 0 0.811
0 11.7699 0 0 0 0 0.812
0 11.7619 0 0 0 0 0.813
0 11.754 0 0 0 0 0.814
0 11.746 0 0 0 0 0.815
0 11.738 0 0 0 0 0.816
0 11.73 0 0 0 0 0.817
0 11.722 0 0 0 0 0.818
0 11.7139 0 0 0 0 0.819
0 11.7059 0 0 0 0 0.82
0 11.6979 0 0 0 0 0.821
0 11.6898 0 0 0 0 0.822
0 11.6817 0 0 0 0 0.823
0 11.6737 0 0 0 0 0.824
0 11.6656 0 0 0 0 0.825
0 11.6575 0 0 0 0 0.826
0 11.6494 0 0 0 0 0.827
0 11.6413 0 0 0 0 0.828
0 11.6331 0 0 0 0 0.829
0 11.625 0 0 0 0 0.83
0 11.6169 0 0 0 0 0.831
0 11.6087 0 0 0 0 0.832
0 11.6006 0 0 0 0 0.833
0 11.5924 0 0 0 0 0.834
0 11.5842 0 0 0 0 0.835
0 11.576 0 0 0 0 0.836
0 11.5678 0 0 0 0 0.837
0 11.5596 0 0 0 0 0.838
0 11.5514 0 0 0 0 0.839
0 11.5432 0 0 0 0 0.84
0 11.5349 0 0 0 0 0.841
0 11.5267 0 0 0 0 0.842
0 11.5184 0 0 0 0 0.843
0 11.5101 0 0 0 0 0.844
0 11.5019 0 0 0 0 0.845
0 11.4936 0 0 0 0 0.846
0 11.4853 0 0 0 0 0.847
0 11.477 0 0 0 0 0.848
0 11.4686 0 0 0 0 0.849
0 11.4603 0 0 0 0 0.85
0 11.452 0 0 0 0 0.851
0 11.4436 0 0 0 0 0.852
0 11.4353 0 0 0 0 0.853
0 11.4269 0 0 0 0 0.854
0 11.4185 0 0 0 0 0.855
0 11.4101 0 0 0 0 0.856
0 11.4017 0 0 0 0 0.857
0 11.3933 0 0 0 0 0.858
0 11.3849 0 0 0 0 0.859
0 11.3765 0 0 0 0 0.86
0 11.368 0 0 0 0 0.861
0 11.3596 0 0 0 0 0.862
0 11.3511 0 0 0 0 0.863
0 11.3427 0 0 0 0 0.864
0 11.3342 0 0 0 0 0.865
0 11.3257 0 0 0 0 0.866
0 11.3172 0 0 0 0 0.867
0 11.3087 0 0 0 0 0.868
0 11.3002 0 0 0 0 0.869
0 11.2917 0 0 0 0 0.87
0 11.2831 0 0 0 0 0.871
0 11.2746 0 0 0 0 0.872
0 11.266 0 0 0 0 0.873
0 11.2575 0 0 0 0 0.874
0 11.2489 0 0 0 0 0.875
0 11.2403 0 0 0 0 0.876
0 11.2317 0 0 0 0 0.877
0 11.2231 0 0 0 0 0.878
0 11.2145 0 0 0 0 0.879
0 11.2059 0 0 0 0 0.88
0 11.1973 0 0 0 0 0.881
0 11.1886 0 0 0 0 0.882
0 11.18 0 0 0 0 0.883
0 11.1713 0 0 0 0 0.884
0 11.1626 0 0 0 0 0.885
0 11.1539 0 0 0 0 0.886
0 11.1452 0 0 0 0 0.887
0 11.1365 0 0 0 0 0.888
0 11.1278 0 0 0 0 0.889
0 11.1191 0 0 0 0 0.89
0 11.1104 0 0 0 0 0.891
0 11.1016 0 0 0 0 0.892
0 11.0929 0 0 0 0 0.893
0 11.0841 0 0 0 0 0.894
0 11.0754 0 0 0 0 0.895
0 11.0666 0 0 0 0 0.896
0 11.0578 0 0 0 0 0.897
0 11.049 0 0 0 0 0.898
0 11.0402 0 0 0 0 0.899
0 11.0314 0 0 0 0 0.9
0 11.0225 0 0 0 0 0.901
0 11.0137 0 0 0 0 0.902
0 11.0048 0 0 0 0 0.903
0 10.996 0 0 0 0 0.904
0 10.9871 0 0 0 0 0.905
0 10.9782 0 0 0 0 0.906
0 10.9694 0 0 0 0 0.907
0 10.9605 0 0 0 0 0.908
0 10.9516 0 0 0 0 0.909
0 10.9426 0 0 0 0 0.91
0 10.9337 0 0 0 0 0.911
0 10.9248 0 0 0 0 0.912
0 10.9158 0 0 0 0 0.913
0 10.9069 0 0 0 0 0.914
0 10.8979 0 0 0 0 0.915
0 10.8889 0 0 0 0 0.916
0 10.8799 0 0 0 0 0.917
0 10.8709 0 0 0 0 0.918
0 10.8619 0 0 0 0 0.919
0 10.8529 0 0 0 0 0.92
0 10.8439 0 0 0 0 0.921
0 10.8349 0 0 0 0 0.922
0 10.8258 0 0 0 0 0.923
0 10.8168 0 0 0 0 0.924
0 10.8077 0 0 0 0 0.925
0 10.7986 0 0 0 0 0.926
0 10.7895 0 0 0 0 0.927
0 10.7804 0 0 0 0 0.928
0 10.7713 0 0 0 0 0.929
0 10.7622 0 0 0 0 0.93
0 10.7531 0 0 0 0 0.931
0 10.744 0 0 0 0 0.932
0 10.7348 0 0 0 0 0.933
0 10.7257 0 0 0 0 0.934
0 10.7165 0 0 0 0 0.935
0 10.7073 0 0 0 0 0.936
0 10.6982 0 0 0 0 0.937
0 10.689 0 0 0 0 0.938
0 10.6798 0 0 0 0 0.939
0 10.6706 0 0 0 0 0.94
0 10.6613 0 0 0 0 0.941
0 10.6521 0 0 0 0 0.942
0 10.6429 0 0 0 0 0.943
0 10.6336 0 0 0 0 0.944
0 10.6243 0 0 0 0 0.945
0 10.6151 0 0 0 0 0.946
0 10.6058 0 0 0 0 0.947
0 10.5965 0 0 0 0 0.948
0 10.5872 0 0 0 0 0.949
0 10.5779 0 0 0 0 0.95
0 10.5686 0 0 0 0 0.951
0 10.5592 0 0 0 0 0.952
0 10.5499 0 0 0 0 0.953
0 10.5406 0 0 0 0 0.954
0 10.5312 0 0 0 0 0.955
0 10.5218 0 0 0 0 0.956
0 10.5125 0 0 0 0 0.957
0 10.5031 0 0 0 0 0.958
0 10.4937 0 0 0 0 0.959
0 10.4843 0 0 0 0 0.96
0 10.4748 0 0 0 0 0.961
0 10.4654 0 0 0 0 0.962
0 10.456 0 0 0 0 0.963
0 10.4465 0 0 0 0 0.964
0 10.4371 0 0 0 0 0.965
0 10.4276 0 0 0 0 0.966
0 10.4181 0 0 0 0 0.967
0 10.4086 0 0 0 0 0.968
0 10.3991 0 0 0 0 0.969
0 10.3896 0 0 0 0 0.97
0 10.3801 0 0 0 0 0.971
0 10.3706 0 0 0 0 0.972
0 10.3611 0 0 0 0 0.973
0 10.3515 0 0 0 0 0.974
0 10.342 0 0 0 0 0.975
0 10.3324 0 0 0 0 0.976
0 10.3228 0 0 0 0 0.977
0 10.3132 0 0 0 0 0.978
0 10.3036 0 0 0 0 0.979
0 10.294 0 0 0 0 0.98
0 10.2844 0 0 0 0 0.981
0 10.2748 0 0 0 0 0.982
0 10.2652 0 0 0 0 0.983
0 10.2555 0 0 0 0 0.984
0 10.2459 0 0 0 0 0.985
0 10.2362 0 0 0 0 0.986
0 10.2265 0 0 0 0 0.987
0 10.2169 0 0 0 0 0.988
0 10.2072 0 0 0 0 0.989
0 10.1975 0 0 0 0 0.99
0 10.1878 0 0 0 0 0.991
0 10.178 0 0 0 0 0.992
0 10.1683 0 0 0 0 0.993
0 10.1586 0 0 0 0 0.994
0 10.1488 0 0 0 0 0.995
0 10.139 0 0 0 0 0.996
0 10.1293 0 0 0 0 0.997
0 10.1195 0 0 0 0 0.998
0 10.1097 0 0 0 0 0.999
0 10.0999 0 0 0 0 1
0 10.0901 0 0 0 0 1.001
0 10.0803 0 0 0 0 1.002
0 10.0704 0 0 0 0 1.003
0 10.0606 0 0 0 0 1.004
0 10.0508 0 0 0 0 1.005
0 10.0409 0 0 0 0 1.006
0 10.031 0 0 0 0 1.007
0 10.0212 0 0 0 0 1.008
0 10.0113 0 0 0 0 1.009
0 10.0014 0 0 0 0 1.01
0 9.99146 0 0 0 0 1.011
0 9.98154 0 0 0 0 1.012
0 9.97161 0 0 0 0 1.013
0 9.96167 0 0 0 0 1.014
0 9.95172 0 0 0 0 1.015
0 9.94177 0 0 0 0 1.016
0 9.9318 0 0 0 0 1.017
0 9.92182 0 0 0 0 1.018
0 9.91184 0 0 0 0 1.019
0 9.90184 0 0 0 0 1.02
0 9.89183 0 0 0 0 1.021
0 9.88182 0 0 0 0 1.022
0 9.87179 0 0 0 0 1.023
0 9.86176 0 0 0 0 1.024
0 9.85171 0 0 0 0 1.025
0 9.84166 0 0 0 0 1.026
0 9.83159 0 0 0 0 1.027
0 9.82152 0 0 0 0 1.028
0 9.81143 0 0 0 0 1.029
0 9.80134 0 0 0 0 1.03
0 9.79123 0 0 0 0 1.031
0 9.78112 0 0 0 0 1.032
0 9.771 0 0 0 0 1.033
0 9.76086 0 0 0 0 1.034
0 9.75072 0 0 0 0 1.035
0 9.74056 0 0 0 0 1.036
0 9.7304 0 0 0 0 1.037
0 9.72023 0 0 0 0 1.038
0 9.71005 0 0 0 0 1.039
0 9.69985 0 0 0 0 1.04
0 9.68965 0 0 0 0 1.041
0 9.67944 0 0 0 0 1.042
0 9.66922 0 0 0 0 1.043
0 9.65898 0 0 0 0 1.044
0 9.64874 0 0 0 0 1.045
0 9.63849 0 0 0 0 1.046
0 9.62823 0 0 0 0 1.047
0 9.61796 0 0 0 0 1.048
0 9.60768 0 0 0 0 1.049
0 9.59739 0 0 0 0 1.05
0 9.58709 0 0 0 0 1.051
0 9.57678 0 0 0 0 1.052
0 9.56646 0 0 0 0 1.053
0 9.55613 0 0 0 0 1.054
0 9.54579 0 0 0 0 1.055
0 9.53544 0 0 0 0 1.056
0 9.52508 0 0 0 0 1.057
0 9.51471 0 0 0 0 1.058
0 9.50433 0 0 0 0 1.059
0 9.49394 0 0 0 0 1.06
0 9.48354 0 0 0 0 1.061
0 9.47313 0 0 0 0 1.062
0 9.46272 0 0 0 0 1.063
0 9.45229 0 0 0 0 1.064
0 9.44185 0 0 0 0 1.065
0 9.4314 0 0 0 0 1.066
0 9.42095 0 0 0 0 1.067
0 9.41048 0 0 0 0 1.068
0 9.4 0 0 0 0 1.069
0 9.38951 0 0 0 0 1.07
0 9.37902 0 0 0 0 1.071
0 9.36851 0 0 0 0 1.072
0 9.35799 0 0 0 0 1.073
0 9.34747 0 0 0 0 1.074
0 9.33693 0 0 0 0 1.075
0 9.32639 0 0 0 0 1.076
0 9.31583 0 0 0 0 1.077
0 9.30527 0 0 0 0 1.078
0 9.29469 0 0 0 0 1.079
0 9.28411 0 0 0 0 1.08
0 9.27351 0 0 0 0 1.081
0 9.26291 0 0 0 0 1.082
0 9.25229 0 0 0 0 1.083
0 9.24167 0 0 0 0 1.084
0 9.23103 0 0 0 0 1.085
0 9.22039 0 0 0 0 1.086
0 9.20974 0 0 0 0 1.087
0 9.19907 0 0 0 0 1.088
0 9.1884 0 0 0 0 1.089
0 9.17772 0 0 0 0 1.09
0 9.16702 0 0 0 0 1.091
0 9.15632 0 0 0 0 1.092
0 9.14561 0 0 0 0 1.093
0 9.13489 0 0 0 0 1.094
0 9.12415 0 0 0 0 1.095
0 9.11341 0 0 0 0 1.096
0 9.10266 0 0 0 0 1.097
0 9.0919 0 0 0 0 1.098
0 9.08113 0 0 0 0 1.099
0 9.07035 0 0 0 0 1.1
0 9.05955 0 0 0 0 1.101
0 9.04875 0 0 0 0 1.102
0 9.03794 0 0 0 0 1.103
0 9.02712 0 0 0 0 1.104
0 9.01629 0 0 0 0 1.105
0 9.00545 0 0 0 0 1.106
0 8.9946 0 0 0 0 1.107
0 8.98374 0 0 0 0 1.108
0 8.97287 0 0 0 0 1.109
0 8.96199 0 0 0 0 1.11
0 8.9511 0 0 0 0 1.111
0 8.94021 0 0 0 0 1.112
0 8.9293 0 0 0 0 1.113
0 8.91838 0 0 0 0 1.114
0 8.90745 0 0 0 0 1.115
0 8.89651 0 0 0 0 1.116
0 8.88556 0 0 0 0 1.117
0 8.87461 0 0 0 0 1.118
0 8.86364 0 0 0 0 1.119
0 8.85266 0 0 0 0 1.12
0 8.84167 0 0 0 0 1.121
0 8.83068 0 0 0 0 1.122
0 8.81967 0 0 0 0 1.123
0 8.80865 0 0 0 0 1.124
0 8.79763 0 0 0 0 1.125
0 8.78659 0 0 0 0 1.126
0 8.77555 0 0 0 0 1.127
0 8.76449 0 0 0 0 1.128
0 8.75342 0 0 0 0 1.129
0 8.74235 0 0 0 0 1.13
0 8.73126 0 0 0 0 1.131
0 8.72017 0 0 0 0 1.132
0 8.70906 0 0 0 0 1.133
0 8.69795 0 0 0 0 1.134
0 8.68682 0 0 0 0 1.135
0 8.67569 0 0 0 0 1.136
0 8.66455 0 0 0 0 1.137
0 8.65339 0 0 0 0 1.138
0 8.64223 0 0 0 0 1.139
0 8.63105 0 0 0 0 1.14
0 8.61987 0 0 0 0 1.141
0 8.60868 0 0 0 0 1.142
0 8.59747 0 0 0 0 1.143
0 8.58626 0 0 0 0 1.144
0 8.57504 0 0 0 0 1.145
0 8.56381 0 0 0 0 1.146
0 8.55256 0 0 0 0 1.147
0 8.54131 0 0 0 0 1.148
0 8.53005 0 0 0 0 1.149
0 8.51878 0 0 0 0 1.15
0 8.5075 0 0 0 0 1.151
0 8.49621 0 0 0 0 1.152
0 8.4849 0 0 0 0 1.153
0 8.47359 0 0 0 0 1.154
0 8.46227 0 0 0 0 1.155
0 8.45094 0 0 0 0 1.156
0 8.4396 0 0 0 0 1.157
0 8.42825 0 0 0 0 1.158
0 8.41689 0 0 0 0 1.159
0 8.40552 0 0 0 0 1.16
0 8.39414 0 0 0 0 1.161
0 8.38275 0 0 0 0 1.162
0 8.37135 0 0 0 0 1.163
0 8.35994 0 0 0 0 1.164
0 8.34853 0 0 0 0 1.165
0 8.3371 0 0 0 0 1.166
0 8.32566 0 0 0 0 1.167
0 8.31421 0 0 0 0 1.168
0 8.30275 0 0 0 0 1.169
0 8.29128 0 0 0 0 1.17
0 8.27981 0 0 0 0 1.171
0 8.26832 0 0 0 0 1.172
0 8.25682 0 0 0 0 1.173
0 8.24531 0 0 0 0 1.174
0 8.2338 0 0 0 0 1.175
0 8.22227 0 0 0 0 1.176
0 8.21073 0 0 0 0 1.177
0 8.19919 0 0 0 0 1.178
0 8.18763 0 0 0 0 1.179
0 8.17607 0 0 0 0 1.18
0 8.16449 0 0 0 0 1.181
0 8.1529 0 0 0 0 1.182
0 8.14131 0 0 0 0 1.183
0 8.1297 0 0 0 0 1.184
0 8.11809 0 0 0 0 1.185
0 8.10646 0 0 0 0 1.186
0 8.09483 0 0 0 0 1.187
0 8.08318 0 0 0 0 1.188
0 8.07153 0 0 0 0 1.189
0 8.05987 0 0 0 0 1.19
0 8.04819 0 0 0 0 1.191
0 8.03651 0 0 0 0 1.192
0 8.02482 0 0 0 0 1.193
0 8.01311 0 0 0 0 1.194
0 8.0014 0 0 0 0 1.195
0 7.98968 0 0 0 0 1.196
0 7.97794 0 0 0 0 1.197
0 7.9662 0 0 0 0 1.198
0 7.95445 0 0 0 0 1.199
0 7.94269 0 0 0 0 1.2
0 7.93091 0 0 0 0 1.201
0 7.91913 0 0 0 0 1.202
0 7.90734 0 0 0 0 1.203
0 7.89554 0 0 0 0 1.204
0 7.88373 0 0 0 0 1.205
0 7.87191 0 0 0 0 1.206
0 7.86008 0 0 0 0 1.207
0 7.84824 0 0 0 0 1.208
0 7.83638 0 0 0 0 1.209
0 7.82452 0 0 0 0 1.21
0 7.81265 0 0 0 0 1.211
0 7.80077 0 0 0 0 1.212
0 7.78888 0 0 0 0 1.213
0 7.77699 0 0 0 0 1.214
0 7.76508 0 0 0 0 1.215
0 7.75316 0 0 0 0 1.216
0 7.74123 0 0 0 0 1.217
0 7.72929 0 0 0 0 1.218
0 7.71734 0 0 0 0 1.219
0 7.70538 0 0 0 0 1.22
0 7.69341 0 0 0 0 1.221
0 7.68144 0 0 0 0 1.222
0 7.66945 0 0 0 0 1.223
0 7.65745 0 0 0 0 1.224
0 7.64544 0 0 0 0 1.225
0 7.63343 0 0 0 0 1.226
0 7.6214 0 0 0 0 1.227
0 7.60936 0 0 0 0 1.228
0 7.59732 0 0 0 0 1.229
0 7.58526 0 0 0 0 1.23
0 7.57319 0 0 0 0 1.231
0 7.56112 0 0 0 0 1.232
0 7.54903 0 0 0 0 1.233
0 7.53693 0 0 0 0 1.234
0 7.52483 0 0 0 0 1.235
0 7.51271 0 0 0 0 1.236
0 7.50059 0 0 0 0 1.237
0 7.48845 0 0 0 0 1.238
0 7.47631 0 0 0 0 1.239
0 7.46415 0 0 0 0 1.24
0 7.45199 0 0 0 0 1.241
0 7.43982 0 0 0 0 1.242
0 7.42763 0 0 0 0 1.243
0 7.41544 0 0 0 0 1.244
0 7.40323 0 0 0 0 1.245
0 7.39102 0 0 0 0 1.246
0 7.3788 0 0 0 0 1.247
0 7.36656 0 0 0 0 1.248
0 7.35432 0 0 0 0 1.249
0 7.34207 0 0 0 0 1.25
0 7.32981 0 0 0 0 1.251
0 7.31753 0 0 0 0 1.252
0 7.30525 0 0 0 0 1.253
0 7.29296 0 0 0 0 1.254
0 7.28066 0 0 0 0 1.255
0 7.26835 0 0 0 0 1.256
0 7.25603 0 0 0 0 1.257
0 7.24369 0 0 0 0 1.258
0 7.23135 0 0 0 0 1.259
0 7.219 0 0 0 0 1.26
0 7.20664 0 0 0 0 1.261
0 7.19427 0 0 0 0 1.262
0 7.18189 0 0 0 0 1.263
0 7.1695 0 0 0 0 1.264
0 7.1571 0 0 0 0 1.265
0 7.14469 0 0 0 0 1.266
0 7.13227 0 0 0 0 1.267
0 7.11984 0 0 0 0 1.268
0 7.1074 0 0 0 0 1.269
0 7.09495 0 0 0 0 1.27
0 7.0825 0 0 0 0 1.271
0 7.07003 0 0 0 0 1.272
0 7.05755 0 0 0 0 1.273
0 7.04506 0 0 0 0 1.274
0 7.03256 0 0 0 0 1.275
0 7.02006 0 0 0 0 1.276
0 7.00754 0 0 0 0 1.277
0 6.99501 0 0 0 0 1.278
0 6.98247 0 0 0 0 1.279
0 6.96993 0 0 0 0 1.28
0 6.95737 0 0 0 0 1.281
0 6.9448 0 0 0 0 1.282
0 6.93223 0 0 0 0 1.283
0 6.91964 0 0 0 0 1.284
0 6.90704 0 0 0 0 1.285
0 6.89444 0 0 0 0 1.286
0 6.88182 0 0 0 0 1.287
0 6.8692 0 0 0 0 1.288
0 6.85656 0 0 0 0 1.289
0 6.84392 0 0 0 0 1.29
0 6.83126 0 0 0 0 1.291
0 6.8186 0 0 0 0 1.292
0 6.80592 0 0 0 0 1.293
0 6.79324 0 0 0 0 1.294
0 6.78054 0 0 0 0 1.295
0 6.76784 0 0 0 0 1.296
0 6.75513 0 0 0 0 1.297
0 6.7424 0 0 0 0 1.298
0 6.72967 0 0 0 0 1.299
0 6.71693 0 0 0 0 1.3
0 6.70417 0 0 0 0 1.301
0 6.69141 0 0 0 0 1.302
0 6.67864 0 0 0 0 1.303
0 6.66586 0 0 0 0 1.304
0 6.65306 0 0 0 0 1.305
0 6.64026 0 0 0 0 1.306
0 6.62745 0 0 0 0 1.307
0 6.61463 0 0 0 0 1.308
0 6.6018 0 0 0 0 1.309
0 6.58896 0 0 0 0 1.31
0 6.5761 0 0 0 0 1.311
0 6.56324 0 0 0 0 1.312
0 6.55037 0 0 0 0 1.313
0 6.53749 0 0 0 0 1.314
0 6.5246 0 0 0 0 1.315
0 6.5117 0 0 0 0 1.316
0 6.49879 0 0 0 0 1.317
0 6.48587 0 0 0 0 1.318
0 6.47294 0 0 0 0 1.319
0 6.46 0 0 0 0 1.32
0 6.44705 0 0 0 0 1.321
0 6.43409 0 0 0 0 1.322
0 6.42113 0 0 0 0 1.323
0 6.40815 0 0 0 0 1.324
0 6.39516 0 0 0 0 1.325
0 6.38216 0 0 0 0 1.326
0 6.36915 0 0 0 0 1.327
0 6.35613 0 0 0 0 1.328
0 6.34311 0 0 0 0 1.329
0 6.33007 0 0 0 0 1.33
0 6.31702 0 0 0 0 1.331
0 6.30396 0 0 0 0 1.332
0 6.2909 0 0 0 0 1.333
0 6.27782 0 0 0 0 1.334
0 6.26473 0 0 0 0 1.335
0 6.25164 0 0 0 0 1.336
0 6.23853 0 0 0 0 1.337
0 6.22542 0 0 0 0 1.338
0 6.21229 0 0 0 0 1.339
0 6.19915 0 0 0 0 1.34
0 6.18601 0 0 0 0 1.341
0 6.17285 0 0 0 0 1.342
0 6.15969 0 0 0 0 1.343
0 6.14651 0 0 0 0 1.344
0 6.13333 0 0 0 0 1.345
0 6.12014 0 0 0 0 1.346
0 6.10693 0 0 0 0 1.347
0 6.09372 0 0 0 0 1.348
0 6.08049 0 0 0 0 1.349
0 6.06726 0 0 0 0 1.35
0 6.05402 0 0 0 0 1.351
0 6.04076 0 0 0 0 1.352
0 6.0275 0 0 0 0 1.353
0 6.01423 0 0 0 0 1.354
0 6.00094 0 0 0 0 1.355
0 5.98765 0 0 0 0 1.356
0 5.97435 0 0 0 0 1.357
0 5.96104 0 0 0 0 1.358
0 5.94771 0 0 0 0 1.359
0 5.93438 0 0 0 0 1.36
0 5.92104 0 0 0 0 1.361
0 5.90769 0 0 0 0 1.362
0 5.89433 0 0 0 0 1.363
0 5.88096 0 0 0 0 1.364
0 5.86758 0 0 0 0 1.365
0 5.85419 0 0 0 0 1.366
0 5.84079 0 0 0 0 1.367
0 5.82738 0 0 0 0 1.368
0 5.81396 0 0 0 0 1.369
0 5.80053 0 0 0 0 1.37
0 5.78709 0 0 0 0 1.371
0 5.77364 0 0 0 0 1.372
0 5.76018 0 0 0 0 1.373
0 5.74671 0 0 0 0 1.374
0 5.73323 0 0 0 0 1.375
0 5.71974 0 0 0 0 1.376
0 5.70624 0 0 0 0 1.377
0 5.69273 0 0 0 0 1.378
0 5.67921 0 0 0 0 1.379
0 5.66569 0 0 0 0 1.38
0 5.65215 0 0 0 0 1.381
0 5.6386 0 0 0 0 1.382
0 5.62504 0 0 0 0 1.383
0 5.61148 0 0 0 0 1.384
0 5.5979 0 0 0 0 1.385
0 5.58431 0 0 0 0 1.386
0 5.57072 0 0 0 0 1.387
0 5.55711 0 0 0 0 1.388
0 5.54349 0 0 0 0 1.389
0 5.52987 0 0 0 0 1.39
0 5.51623 0 0 0 0 1.391
0 5.50259 0 0 0 0 1.392
0 5.48893 0 0 0 0 1.393
0 5.47526 0 0 0 0 1.394
0 5.46159 0 0 0 0 1.395
0 5.4479 0 0 0 0 1.396
0 5.43421 0 0 0 0 1.397
0 5.42051 0 0 0 0 1.398
0 5.40679 0 0 0 0 1.399
0 5.39307 0 0 0 0 1.4
0 5.37933 0 0 0 0 1.401
0 5.36559 0 0 0 0 1.402
0 5.35184 0 0 0 0 1.403
0 5.33807 0 0 0 0 1.404
0 5.3243 0 0 0 0 1.405
0 5.31052 0 0 0 0 1.406
0 5.29672 0 0 0 0 1.407
0 5.28292 0 0 0 0 1.408
0 5.26911 0 0 0 0 1.409
0 5.25529 0 0 0 0 1.41
0 5.24145 0 0 0 0 1.411
0 5.22761 0 0 0 0 1.412
0 5.21376 0 0 0 0 1.413
0 5.1999 0 0 0 0 1.414
0 5.18603 0 0 0 0 1.415
0 5.17215 0 0 0 0 1.416
0 5.15825 0 0 0 0 1.417
0 5.14435 0 0 0 0 1.418
0 5.13044 0 0 0 0 1.419
0 5.11652 0 0 0 0 1.42
0 5.10259 0 0 0 0 1.421
0 5.08865 0 0 0 0 1.422
0 5.0747 0 0 0 0 1.423
0 5.06074 0 0 0 0 1.424
0 5.04677 0 0 0 0 1.425
0 5.03279 0 0 0 0 1.426
0 5.01881 0 0 0 0 1.427
0 5.00481 0 0 0 0 1.428
0 4.9908 0 0 0 0 1.429
0 4.97678 0 0 0 0 1.43
0 4.96275 0 0 0 0 1.431
0 4.94871 0 0 0 0 1.432
0 4.93467 0 0 0 0 1.433
0 4.92061 0 0 0 0 1.434
0 4.90654 0 0 0 0 1.435
0 4.89246 0 0 0 0 1.436
0 4.87838 0 0 0 0 1.437
0 4.86428 0 0 0 0 1.438
0 4.85017 0 0 0 0 1.439
0 4.83606 0 0 0 0 1.44
0 4.82193 0 0 0 0 1.441
0 4.80779 0 0 0 0 1.442
0 4.79365 0 0 0 0 1.443
0 4.77949 0 0 0 0 1.444
0 4.76533 0 0 0 0 1.445
0 4.75115 0 0 0 0 1.446
0 4.73696 0 0 0 0 1.447
0 4.72277 0 0 0 0 1.448
0 4.70856 0 0 0 0 1.449
0 4.69435 0 0 0 0 1.45
0 4.68013 0 0 0 0 1.451
0 4.66589 0 0 0 0 1.452
0 4.65165 0 0 0 0 1.453
0 4.63739 0 0 0 0 1.454
0 4.62313 0 0 0 0 1.455
0 4.60886 0 0 0 0 1.456
0 4.59457 0 0 0 0 1.457
0 4.58028 0 0 0 0 1.458
0 4.56598 0 0 0 0 1.459
0 4.55166 0 0 0 0 1.46
0 4.53734 0 0 0 0 1.461
0 4.52301 0 0 0 0 1.462
0 4.50867 0 0 0 0 1.463
0 4.49431 0 0 0 0 1.464
0 4.47995 0 0 0 0 1.465
0 4.46558 0 0 0 0 1.466
0 4.4512 0 0 0 0 1.467
0 4.43681 0 0 0 0 1.468
0 4.42241 0 0 0 0 1.469
0 4.408 0 0 0 0 1.47
0 4.39358 0 0 0 0 1.471
0 4.37914 0 0 0 0 1.472
0 4.3647 0 0 0 0 1.473
0 4.35025 0 0 0 0 1.474
0 4.33579 0 0 0 0 1.475
0 4.32132 0 0 0 0 1.476
0 4.30684 0 0 0 0 1.477
0 4.29236 0 0 0 0 1.478
0 4.27786 0 0 0 0 1.479
0 4.26335 0 0 0 0 1.48
0 4.24883 0 0 0 0 1.481
0 4.2343 0 0 0 0 1.482
0 4.21976 0 0 0 0 1.483
0 4.20521 0 0 0 0 1.484
0 4.19066 0 0 0 0 1.485
0 4.17609 0 0 0 0 1.486
0 4.16151 0 0 0 0 1.487
0 4.14692 0 0 0 0 1.488
0 4.13233 0 0 0 0 1.489
0 4.11772 0 0 0 0 1.49
0 4.1031 0 0 0 0 1.491
0 4.08847 0 0 0 0 1.492
0 4.07384 0 0 0 0 1.493
0 4.05919 0 0 0 0 1.494
0 4.04454 0 0 0 0 1.495
0 4.02987 0 0 0 0 1.496
0 4.01519 0 0 0 0 1.497
0 4.00051 0 0 0 0 1.498
0 3.98581 0 0 0 0 1.499
0 3.97111 0 0 0 0 1.5
0 3.95639 0 0 0 0 1.501
0 3.94167 0 0 0 0 1.502
0 3.92693 0 0 0 0 1.503
0 3.91219 0 0 0 0 1.504
0 3.89743 0 0 0 0 1.505
0 3.88267 0 0 0 0 1.506
0 3.8679 0 0 0 0 1.507
0 3.85311 0 0 0 0 1.508
0 3.83832 0 0 0 0 1.509
0 3.82352 0 0 0 0 1.51
0 3.8087 0 0 0 0 1.511
0 3.79388 0 0 0 0 1.512
0 3.77905 0 0 0 0 1.513
0 3.7642 0 0 0 0 1.514
0 3.74935 0 0 0 0 1.515
0 3.73449 0 0 0 0 1.516
0 3.71962 0 0 0 0 1.517
0 3.70474 0 0 0 0 1.518
0 3.68984 0 0 0 0 1.519
0 3.67494 0 0 0 0 1.52
0 3.66003 0 0 0 0 1.521
0 3.64511 0 0 0 0 1.522
0 3.63018 0 0 0 0 1.523
0 3.61524 0 0 0 0 1.524
0 3.60029 0 0 0 0 1.525
0 3.58533 0 0 0 0 1.526
0 3.57036 0 0 0 0 1.527
0 3.55538 0 0 0 0 1.528
0 3.54039 0 0 0 0 1.529
0 3.52539 0 0 0 0 1.53
0 3.51038 0 0 0 0 1.531
0 3.49536 0 0 0 0 1.532
0 3.48033 0 0 0 0 1.533
0 3.46529 0 0 0 0 1.534
0 3.45025 0 0 0 0 1.535
0 3.43519 0 0 0 0 1.536
0 3.42012 0 0 0 0 1.537
0 3.40504 0 0 0 0 1.538
0 3.38995 0 0 0 0 1.539
0 3.37486 0 0 0 0 1.54
0 3.35975 0 0 0 0 1.541
0 3.34463 0 0 0 0 1.542
0 3.3295 0 0 0 0 1.543
0 3.31437 0 0 0 0 1.544
0 3.29922 0 0 0 0 1.545
0 3.28406 0 0 0 0 1.546
0 3.2689 0 0 0 0 1.547
0 3.25372 0 0 0 0 1.548
0 3.23854 0 0 0 0 1.549
0 3.22334 0 0 0 0 1.55
0 3.20813 0 0 0 0 1.551
0 3.19292 0 0 0 0 1.552
0 3.17769 0 0 0 0 1.553
0 3.16246 0 0 0 0 1.554
0 3.14721 0 0 0 0 1.555
0 3.13196 0 0 0 0 1.556
0 3.1167 0 0 0 0 1.557
0 3.10142 0 0 0 0 1.558
0 3.08614 0 0 0 0 1.559
0 3.07084 0 0 0 0 1.56
0 3.05554 0 0 0 0 1.561
0 3.04023 0 0 0 0 1.562
0 3.0249 0 0 0 0 1.563
0 3.00957 0 0 0 0 1.564
0 2.99423 0 0 0 0 1.565
0 2.97888 0 0 0 0 1.566
0 2.96351 0 0 0 0 1.567
0 2.94814 0 0 0 0 1.568
0 2.93276 0 0 0 0 1.569
0 2.91737 0 0 0 0 1.57
0 2.90196 0 0 0 0 1.571
0 2.88655 0 0 0 0 1.572
0 2.87113 0 0 0 0 1.573
0 2.8557 0 0 0 0 1.574
0 2.84026 0 0 0 0 1.575
0 2.82481 0 0 0 0 1.576
0 2.80935 0 0 0 0 1.577
0 2.79388 0 0 0 0 1.578
0 2.7784 0 0 0 0 1.579
0 2.76291 0 0 0 0 1.58
0 2.74741 0 0 0 0 1.581
0 2.7319 0 0 0 0 1.582
0 2.71638 0 0 0 0 1.583
0 2.70085 0 0 0 0 1.584
0 2.68531 0 0 0 0 1.585
0 2.66976 0 0 0 0 1.586
0 2.6542 0 0 0 0 1.587
0 2.63863 0 0 0 0 1.588
0 2.62306 0 0 0 0 1.589
0 2.60747 0 0 0 0 1.59
0 2.59187 0 0 0 0 1.591
0 2.57626 0 0 0 0 1.592
0 2.56065 0 0 0 0 1.593
0 2.54502 0 0 0 0 1.594
0 2.52938 0 0 0 0 1.595
0 2.51373 0 0 0 0 1.596
0 2.49808 0 0 0 0 1.597
0 2.48241 0 0 0 0 1.598
0 2.46673 0 0 0 0 1.599
0 2.45105 0 0 0 0 1.6
0 2.43535 0 0 0 0 1.601
0 2.41965 0 0 0 0 1.602
0 2.40393 0 0 0 0 1.603
0 2.38821 0 0 0 0 1.604
0 2.37247 0 0 0 0 1.605
0 2.35672 0 0 0 0 1.606
0 2.34097 0 0 0 0 1.607
0 2.32521 0 0 0 0 1.608
0 2.30943 0 0 0 0 1.609
0 2.29365 0 0 0 0 1.61
0 2.27785 0 0 0 0 1.611
0 2.26205 0 0 0 0 1.612
0 2.24623 0 0 0 0 1.613
0 2.23041 0 0 0 0 1.614
0 2.21458 0 0 0 0 1.615
0 2.19873 0 0 0 0 1.616
0 2.18288 0 0 0 0 1.617
0 2.16702 0 0 0 0 1.618
0 2.15115 0 0 0 0 1.619
0 2.13526 0 0 0 0 1.62
0 2.11937 0 0 0 0 1.621
0 2.10347 0 0 0 0 1.622
0 2.08756 0 0 0 0 1.623
0 2.07164 0 0 0 0 1.624
0 2.05571 0 0 0 0 1.625
0 2.03976 0 0 0 0 1.626
0 2.02381 0 0 0 0 1.627
0 2.00785 0 0 0 0 1.628
0 1.99188 0 0 0 0 1.629
0 1.9759 0 0 0 0 1.63
0 1.95991 0 0 0 0 1.631
0 1.94391 0 0 0 0 1.632
0 1.9279 0 0 0 0 1.633
0 1.91188 0 0 0 0 1.634
0 1.89585 0 0 0 0 1.635
0 1.87981 0 0 0 0 1.636
0 1.86376 0 0 0 0 1.637
0 1.8477 0 0 0 0 1.638
0 1.83163 0 0 0 0 1.639
0 1.81556 0 0 0 0 1.64
0 1.79947 0 0 0 0 1.641
0 1.78337 0 0 0 0 1.642
0 1.76726 0 0 0 0 1.643
0 1.75114 0 0 0 0 1.644
0 1.73502 0 0 0 0 1.645
0 1.71888 0 0 0 0 1.646
0 1.70273 0 0 0 0 1.647
0 1.68657 0 0 0 0 1.648
0 1.67041 0 0 0 0 1.649
0 1.65423 0 0 0 0 1.65
0 1.63804 0 0 0 0 1.651
0 1.62185 0 0 0 0 1.652
0 1.60564 0 0 0 0 1.653
0 1.58943 0 0 0 0 1.654
0 1.5732 0 0 0 0 1.655
0 1.55696 0 0 0 0 1.656
0 1.54072 0 0 0 0 1.657
0 1.52446 0 0 0 0 1.658
0 1.5082 0 0 0 0 1.659
0 1.49192 0 0 0 0 1.66
0 1.47564 0 0 0 0 1.661
0 1.45935 0 0 0 0 1.662
0 1.44304 0 0 0 0 1.663
0 1.42673 0 0 0 0 1.664
0 1.4104 0 0 0 0 1.665
0 1.39407 0 0 0 0 1.666
0 1.37773 0 0 0 0 1.667
0 1.36137 0 0 0 0 1.668
0 1.34501 0 0 0 0 1.669
0 1.32864 0 0 0 0 1.67
0 1.31225 0 0 0 0 1.671
0 1.29586 0 0 0 0 1.672
0 1.27946 0 0 0 0 1.673
0 1.26305 0 0 0 0 1.674
0 1.24663 0 0 0 0 1.675
0 1.23019 0 0 0 0 1.676
0 1.21375 0 0 0 0 1.677
0 1.1973 0 0 0 0 1.678
0 1.18084 0 0 0 0 1.679
0 1.16437 0 0 0 0 1.68
0 1.14789 0 0 0 0 1.681
0 1.1314 0 0 0 0 1.682
0 1.1149 0 0 0 0 1.683
0 1.09839 0 0 0 0 1.684
0 1.08187 0 0 0 0 1.685
0 1.06534 0 0 0 0 1.686
0 1.0488 0 0 0 0 1.687
0 1.03225 0 0 0 0 1.688
0 1.01569 0 0 0 0 1.689
0 0.999119 0 0 0 0 1.69
0 0.98254 0 0 0 0 1.691
0 0.965951 0 0 0 0 1.692
0 0.949353 0 0 0 0 1.693
0 0.932744 0 0 0 0 1.694
0 0.916126 0 0 0 0 1.695
0 0.899498 0 0 0 0 1.696
0 0.882861 0 0 0 0 1.697
0 0.866213 0 0 0 0 1.698
0 0.849556 0 0 0 0 1.699
0 0.832889 0 0 0 0 1.7
0 0.816212 0 0 0 0 1.701
0 0.799525 0 0 0 0 1.702
0 0.782828 0 0 0 0 1.703
0 0.766122 0 0 0 0 1.704
0 0.749405 0 0 0 0 1.705
0 0.732679 0 0 0 0 1.706
0 0.715943 0 0 0 0 1.707
0 0.699198 0 0 0 0 1.708
0 0.682442 0 0 0 0 1.709
0 0.665677 0 0 0 0 1.71
0 0.648902 0 0 0 0 1.711
0 0.632117 0 0 0 0 1.712
0 0.615322 0 0 0 0 1.713
0 0.598518 0 0 0 0 1.714
0 0.581703 0 0 0 0 1.715
0 0.564879 0 0 0 0 1.716
0 0.548045 0 0 0 0 1.717
0 0.531202 0 0 0 0 1.718
0 0.514348 0 0 0 0 1.719
0 0.497485 0 0 0 0 1.72
0 0.480611 0 0 0 0 1.721
0 0.463728 0 0 0 0 1.722
0 0.446836 0 0 0 0 1.723
0 0.429933 0 0 0 0 1.724
0 0.413021 0 0 0 0 1.725
0 0.396098 0 0 0 0 1.726
0 0.379166 0 0 0 0 1.727
0 0.362224 0 0 0 0 1.728
0 0.345273 0 0 0 0 1.729
0 0.328311 0 0 0 0 1.73
0 0.31134 0 0 0 0 1.731
0 0.294359 0 0 0 0 1.732
0 0.277368 0 0 0 0 1.733
0 0.260367 0 0 0 0 1.734
0 0.243357 0 0 0 0 1.735
0 0.226336 0 0 0 0 1.736
0 0.209306 0 0 0 0 1.737
0 0.192266 0 0 0 0 1.738
0 0.175216 0 0 0 0 1.739
0 0.158157 0 0 0 0 1.74
0 0.141087 0 0 0 0 1.741
0 0.124008 0 0 0 0 1.742
0 0.106919 0 0 0 0 1.743
0 0.0898202 0 0 0 0 1.744
0 0.0727116 0 0 0 0 1.745
0 0.0555932 0 0 0 0 1.746
0 0.0384649 0 0 0 0 1.747
0 0.0213268 0 0 0 0 1.748
0 0.00417894 0 0 0 0 1.749
0 -0.0129787 0 0 0 0 1.75
0 -0.0301462 0 0 0 0 1.751
0 -0.0473236 0 0 0 0 1.752
0 -0.0645107 0 0 0 0 1.753
0 -0.0817076 0 0 0 0 1.754
0 -0.0989143 0 0 0 0 1.755
0 -0.116131 0 0 0 0 1.756
0 -0.133357 0 0 0 0 1.757
0 -0.150593 0 0 0 0 1.758
0 -0.167839 0 0 0 0 1.759
0 -0.185095 0 0 0 0 1.76
0 -0.202361 0 0 0 0 1.761
0 -0.219636 0 0 0 0 1.762
0 -0.236921 0 0 0 0 1.763
0 -0.254216 0 0 0 0 1.764
0 -0.271521 0 0 0 0 1.765
0 -0.288836 0 0 0 0 1.766
0 -0.30616 0 0 0 0 1.767
0 -0.323495 0 0 0 0 1.768
0 -0.340839 0 0 0 0 1.769
0 -0.358193 0 0 0 0 1.77
0 -0.375556 0 0 0 0 1.771
0 -0.39293 0 0 0 0 1.772
0 -0.410313 0 0 0 0 1.773
0 -0.427706 0 0 0 0 1.774
0 -0.445109 0 0 0 0 1.775
0 -0.462522 0 0 0 0 1.776
0 -0.479945 0 0 0 0 1.777
0 -0.497377 0 0 0 0 1.778
0 -0.514819 0 0 0 0 1.779
0 -0.532271 0 0 0 0 1.78
0 -0.549733 0 0 0 0 1.781
0 -0.567205 0 0 0 0 1.782
0 -0.584686 0 0 0 0 1.783
0 -0.602177 0 0 0 0 1.784
0 -0.619678 0 0 0 0 1.785
0 -0.637189 0 0 0 0 1.786
0 -0.65471 0 0 0 0 1.787
0 -0.67224 0 0 0 0 1.788
0 -0.68978 0 0 0 0 1.789
0 -0.707331 0 0 0 0 1.79
0 -0.72489 0 0 0 0 1.791
0 -0.74246 0 0 0 0 1.792
0 -0.76004 0 0 0 0 1.793
0 -0.777629 0 0 0 0 1.794
0 -0.795228 0 0 0 0 1.795
0 -0.812837 0 0 0 0 1.796
0 -0.830456 0 0 0 0 1.797
0 -0.848084 0 0 0 0 1.798
0 -0.865723 0 0 0 0 1.799
0 -0.883371 0 0 0 0 1.8
0 -0.901029 0 0 0 0 1.801
0 -0.918697 0 0 0 0 1.802
0 -0.936374 0 0 0 0 1.803
0 -0.954062 0 0 0 0 1.804
0 -0.971759 0 0 0 0 1.805
0 -0.989466 0 0 0 0 1.806
0 -1.00718 0 0 0 0 1.807
0 -1.02491 0 0 0 0 1.808
0 -1.04265 0 0 0 0 1.809
0 -1.06039 0 0 0 0 1.81
0 -1.07815 0 0 0 0 1.811
0 -1.09591 0 0 0 0 1.812
0 -1.11369 0 0 0 0 1.813
0 -1.13148 0 0 0 0 1.814
0 -1.14927 0 0 0 0 1.815
0 -1.16708 0 0 0 0 1.816
0 -1.18489 0 0 0 0 1.817
0 -1.20272 0 0 0 0 1.818
0 -1.22055 0 0 0 0 1.819
0 -1.23839 0 0 0 0 1.82
0 -1.25625 0 0 0 0 1.821
0 -1.27411 0 0 0 0 1.822
0 -1.29199 0 0 0 0 1.823
0 -1.30987 0 0 0 0 1.824
0 -1.32776 0 0 0 0 1.825
0 -1.34567 0 0 0 0 1.826
0 -1.36358 0 0 0 0 1.827
0 -1.3815 0 0 0 0 1.828
0 -1.39944 0 0 0 0 1.829
0 -1.41738 0 0 0 0 1.83
0 -1.43533 0 0 0 0 1.831
0 -1.45329 0 0 0 0 1.832
0 -1.47126 0 0 0 0 1.833
0 -1.48925 0 0 0 0 1.834
0 -1.50724 0 0 0 0 1.835
0 -1.52524 0 0 0 0 1.836
0 -1.54325 0 0 0 0 1.837
0 -1.56127 0 0 0 0 1.838
0 -1.5793 0 0 0 0 1.839
0 -1.59734 0 0 0 0 1.84
0 -1.61539 0 0 0 0 1.841
0 -1.63345 0 0 0 0 1.842
0 -1.65152 0 0 0 0 1.843
0 -1.6696 0 0 0 0 1.844
0 -1.68769 0 0 0 0 1.845
0 -1.70579 0 0 0 0 1.846
0 -1.7239 0 0 0 0 1.847
0 -1.74202 0 0 0 0 1.848
0 -1.76015 0 0 0 0 1.849
0 -1.77829 0 0 0 0 1.85
0 -1.79644 0 0 0 0 1.851
0 -1.8146 0 0 0 0 1.852
0 -1.83276 0 0 0 0 1.853
0 -1.85094 0 0 0 0 1.854
0 -1.86913 0 0 0 0 1.855
0 -1.88733 0 0 0 0 1.856
0 -1.90553 0 0 0 0 1.857
0 -1.92375 0 0 0 0 1.858
0 -1.94198 0 0 0 0 1.859
0 -1.96021 0 0 0 0 1.86
0 -1.97846 0 0 0 0 1.861
0 -1.99672 0 0 0 0 1.862
0 -2.01498 0 0 0 0 1.863
0 -2.03326 0 0 0 0 1.864
0 -2.05155 0 0 0 0 1.865
0 -2.06984 0 0 0 0 1.866
0 -2.08815 0 0 0 0 1.867
0 -2.10646 0 0 0 0 1.868
0 -2.12479 0 0 0 0 1.869
0 -2.14312 0 0 0 0 1.87
0 -2.16147 0 0 0 0 1.871
0 -2.17982 0 0 0 0 1.872
0 -2.19819 0 0 0 0 1.873
0 -2.21656 0 0 0 0 1.874
0 -2.23494 0 0 0 0 1.875
0 -2.25334 0 0 0 0 1.876
0 -2.27174 0 0 0 0 1.877
0 -2.29015 0 0 0 0 1.878
0 -2.30858 0 0 0 0 1.879
0 -2.32701 0 0 0 0 1.88
0 -2.34545 0 0 0 0 1.881
0 -2.36391 0 0 0 0 1.882
0 -2.38237 0 0 0 0 1.883
0 -2.40084 0 0 0 0 1.884
0 -2.41932 0 0 0 0 1.885
0 -2.43781 0 0 0 0 1.886
0 -2.45632 0 0 0 0 1.887
0 -2.47483 0 0 0 0 1.888
0 -2.49335 0 0 0 0 1.889
0 -2.51188 0 0 0 0 1.89
0 -2.53042 0 0 0 0 1.891
0 -2.54897 0 0 0 0 1.892
0 -2.56753 0 0 0 0 1.893
0 -2.5861 0 0 0 0 1.894
0 -2.60468 0 0 0 0 1.895
0 -2.62327 0 0 0 0 1.896
0 -2.64187 0 0 0 0 1.897
0 -2.66048 0 0 0 0 1.898
0 -2.6791 0 0 0 0 1.899
0 -2.69773 0 0 0 0 1.9
0 -2.71637 0 0 0 0 1.901
0 -2.73502 0 0 0 0 1.902
0 -2.75368 0 0 0 0 1.903
0 -2.77235 0 0 0 0 1.904
0 -2.79102 0 0 0 0 1.905
0 -2.80971 0 0 0 0 1.906
0 -2.82841 0 0 0 0 1.907
0 -2.84712 0 0 0 0 1.908
0 -2.86583 0 0 0 0 1.909
0 -2.88456 0 0 0 0 1.91
0 -2.9033 0 0 0 0 1.911
0 -2.92205 0 0 0 0 1.912
0 -2.9408 0 0 0 0 1.913
0 -2.95957 0 0 0 0 1.914
0 -2.97835 0 0 0 0 1.915
0 -2.99713 0 0 0 0 1.916
0 -3.01593 0 0 0 0 1.917
0 -3.03473 0 0 0 0 1.918
0 -3.05355 0 0 0 0 1.919
0 -3.07237 0 0 0 0 1.92
0 -3.09121 0 0 0 0 1.921
0 -3.11005 0 0 0 0 1.922
0 -3.12891 0 0 0 0 1.923
0 -3.14777 0 0 0 0 1.924
0 -3.16665 0 0 0 0 1.925
0 -3.18553 0 0 0 0 1.926
0 -3.20443 0 0 0 0 1.927
0 -3.22333 0 0 0 0 1.928
0 -3.24224 0 0 0 0 1.929
0 -3.26117 0 0 0 0 1.93
0 -3.2801 0 0 0 0 1.931
0 -3.29904 0 0 0 0 1.932
0 -3.318 0 0 0 0 1.933
0 -3.33696 0 0 0 0 1.934
0 -3.35593 0 0 0 0 1.935
0 -3.37491 0 0 0 0 1.936
0 -3.39391 0 0 0 0 1.937
0 -3.41291 0 0 0 0 1.938
0 -3.43192 0 0 0 0 1.939
0 -3.45094 0 0 0 0 1.94
0 -3.46997 0 0 0 0 1.941
0 -3.48901 0 0 0 0 1.942
0 -3.50807 0 0 0 0 1.943
0 -3.52713 0 0 0 0 1.944
0 -3.5462 0 0 0 0 1.945
0 -3.56528 0 0 0 0 1.946
0 -3.58437 0 0 0 0 1.947
0 -3.60347 0 0 0 0 1.948
0 -3.62258 0 0 0 0 1.949
0 -3.6417 0 0 0 0 1.95
0 -3.66083 0 0 0 0 1.951
0 -3.67997 0 0 0 0 1.952
0 -3.69912 0 0 0 0 1.953
0 -3.71827 0 0 0 0 1.954
0 -3.73744 0 0 0 0 1.955
0 -3.75662 0 0 0 0 1.956
0 -3.77581 0 0 0 0 1.957
0 -3.79501 0 0 0 0 1.958
0 -3.81422 0 0 0 0 1.959
0 -3.83343 0 0 0 0 1.96
0 -3.85266 0 0 0 0 1.961
0 -3.8719 0 0 0 0 1.962
0 -3.89115 0 0 0 0 1.963
0 -3.9104 0 0 0 0 1.964
0 -3.92967 0 0 0 0 1.965
0 -3.94895 0 0 0 0 1.966
0 -3.96823 0 0 0 0 1.967
0 -3.98753 0 0 0 0 1.968
0 -4.00684 0 0 0 0 1.969
0 -4.02615 0 0 0 0 1.97
0 -4.04548 0 0 0 0 1.971
0 -4.06481 0 0 0 0 1.972
0 -4.08416 0 0 0 0 1.973
0 -4.10351 0 0 0 0 1.974
0 -4.12288 0 0 0 0 1.975
0 -4.14225 0 0 0 0 1.976
0 -4.16164 0 0 0 0 1.977
0 -4.18103 0 0 0 0 1.978
0 -4.20044 0 0 0 0 1.979
0 -4.21985 0 0 0 0 1.98
0 -4.23927 0 0 0 0 1.981
0 -4.25871 0 0 0 0 1.982
0 -4.27815 0 0 0 0 1.983
0 -4.2976 0 0 0 0 1.984
0 -4.31707 0 0 0 0 1.985
0 -4.33654 0 0 0 0 1.986
0 -4.35602 0 0 0 0 1.987
0 -4.37552 0 0 0 0 1.988
0 -4.39502 0 0 0 0 1.989
0 -4.41453 0 0 0 0 1.99
0 -4.43405 0 0 0 0 1.991
0 -4.45358 0 0 0 0 1.992
0 -4.47312 0 0 0 0 1.993
0 -4.49268 0 0 0 0 1.994
0 -4.51224 0 0 0 0 1.995
0 -4.53181 0 0 0 0 1.996
0 -4.55139 0 0 0 0 1.997
0 -4.57098 0 0 0 0 1.998
0 -4.59058 0 0 0 0 1.999
0 -4.61019 0 0 0 0 2
0 -4.62981 0 0 0 0 2.001
0 -4.64944 0 0 0 0 2.002
0 -4.66908 0 0 0 0 2.003
0 -4.68873 0 0 0 0 2.004
0 -4.70839 0 0 0 0 2.005
0 -4.72806 0 0 0 0 2.006
0 -4.74774 0 0 0 0 2.007
0 -4.76742 0 0 0 0 2.008
0 -4.78712 0 0 0 0 2.009
0 -4.80683 0 0 0 0 2.01
0 -4.82655 0 0 0 0 2.011
0 -4.84628 0 0 0 0 2.012
0 -4.86602 0 0 0 0 2.013
0 -4.88576 0 0 0 0 2.014
0 -4.90552 0 0 0 0 2.015
0 -4.92529 0 0 0 0 2.016
0 -4.94506 0 0 0 0 2.017
0 -4.96485 0 0 0 0 2.018
0 -4.98465 0 0 0 0 2.019
0 -5.00445 0 0 0 0 2.02
0 -5.02427 0 0 0 0 2.021
0 -5.0441 0 0 0 0 2.022
0 -5.06393 0 0 0 0 2.023
0 -5.08378 0 0 0 0 2.024
0 -5.10363 0 0 0 0 2.025
0 -5.1235 0 0 0 0 2.026
0 -5.14337 0 0 0 0 2.027
0 -5.16326 0 0 0 0 2.028
0 -5.18315 0 0 0 0 2.029
0 -5.20306 0 0 0 0 2.03
0 -5.22297 0 0 0 0 2.031
0 -5.2429 0 0 0 0 2.032
0 -5.26283 0 0 0 0 2.033
0 -5.28277 0 0 0 0 2.034
0 -5.30273 0 0 0 0 2.035
0 -5.32269 0 0 0 0 2.036
0 -5.34266 0 0 0 0 2.037
0 -5.36265 0 0 0 0 2.038
0 -5.38264 0 0 0 0 2.039
0 -5.40264 0 0 0 0 2.04
0 -5.42265 0 0 0 0 2.041
0 -5.44268 0 0 0 0 2.042
0 -5.46271 0 0 0 0 2.043
0 -5.48275 0 0 0 0 2.044
0 -5.5028 0 0 0 0 2.045
0 -5.52286 0 0 0 0 2.046
0 -5.54293 0 0 0 0 2.047
0 -5.56302 0 0 0 0 2.048
0 -5.58311 0 0 0 0 2.049
0 -5.60321 0 0 0 0 2.05
0 -5.62332 0 0 0 0 2.051
0 -5.64344 0 0 0 0 2.052
0 -5.66357 0 0 0 0 2.053
0 -5.68371 0 0 0 0 2.054
0 -5.70386 0 0 0 0 2.055
0 -5.72402 0 0 0 0 2.056
0 -5.74419 0 0 0 0 2.057
0 -5.76437 0 0 0 0 2.058
0 -5.78455 0 0 0 0 2.059
0 -5.80475 0 0 0 0 2.06
0 -5.82496 0 0 0 0 2.061
0 -5.84518 0 0 0 0 2.062
0 -5.86541 0 0 0 0 2.063
0 -5.88565 0 0 0 0 2.064
0 -5.90589 0 0 0 0 2.065
0 -5.92615 0 0 0 0 2.066
0 -5.94642 0 0 0 0 2.067
0 -5.9667 0 0 0 0 2.068
0 -5.98698 0 0 0 0 2.069
0 -6.00728 0 0 0 0 2.07
0 -6.02759 0 0 0 0 2.071
0 -6.0479 0 0 0 0 2.072
0 -6.06823 0 0 0 0 2.073
0 -6.08857 0 0 0 0 2.074
0 -6.10891 0 0 0 0 2.075
0 -6.12927 0 0 0 0 2.076
0 -6.14963 0 0 0 0 2.077
0 -6.17001 0 0 0 0 2.078
0 -6.19039 0 0 0 0 2.079
0 -6.21079 0 0 0 0 2.08
0 -6.23119 0 0 0 0 2.081
0 -6.25161 0 0 0 0 2.082
0 -6.27203 0 0 0 0 2.083
0 -6.29247 0 0 0 0 2.084
0 -6.31291 0 0 0 0 2.085
0 -6.33337 0 0 0 0 2.086
0 -6.35383 0 0 0 0 2.087
0 -6.3743 0 0 0 0 2.088
0 -6.39479 0 0 0 0 2.089
0 -6.41528 0 0 0 0 2.09
0 -6.43578 0 0 0 0 2.091
0 -6.45629 0 0 0 0 2.092
0 -6.47682 0 0 0 0 2.093
0 -6.49735 0 0 0 0 2.094
0 -6.51789 0 0 0 0 2.095
0 -6.53844 0 0 0 0 2.096
0 -6.55901 0 0 0 0 2.097
0 -6.57958 0 0 0 0 2.098
0 -6.60016 0 0 0 0 2.099
0 -6.62075 0 0 0 0 2.1
0 -6.64135 0 0 0 0 2.101
0 -6.66196 0 0 0 0 2.102
0 -6.68258 0 0 0 0 2.103
0 -6.70321 0 0 0 0 2.104
0 -6.72385 0 0 0 0 2.105
0 -6.7445 0 0 0 0 2.106
0 -6.76516 0 0 0 0 2.107
0 -6.78583 0 0 0 0 2.108
0 -6.80651 0 0 0 0 2.109
0 -6.8272 0 0 0 0 2.11
0 -6.8479 0 0 0 0 2.111
0 -6.86861 0 0 0 0 2.112
0 -6.88933 0 0 0 0 2.113
0 -6.91006 0 0 0 0 2.114
0 -6.93079 0 0 0 0 2.115
0 -6.95154 0 0 0 0 2.116
0 -6.9723 0 0 0 0 2.117
0 -6.99307 0 0 0 0 2.118
0 -7.01385 0 0 0 0 2.119
0 -7.03463 0 0 0 0 2.12
0 -7.05543 0 0 0 0 2.121
0 -7.07624 0 0 0 0 2.122
0 -7.09705 0 0 0 0 2.123
0 -7.11788 0 0 0 0 2.124
0 -7.13872 0 0 0 0 2.125
0 -7.15956 0 0 0 0 2.126
0 -7.18042 0 0 0 0 2.127
0 -7.20129 0 0 0 0 2.128
0 -7.22216 0 0 0 0 2.129
0 -7.24305 0 0 0 0 2.13
0 -7.26394 0 0 0 0 2.131
0 -7.28485 0 0 0 0 2.132
0 -7.30576 0 0 0 0 2.133
0 -7.32669 0 0 0 0 2.134
0 -7.34762 0 0 0 0 2.135
0 -7.36857 0 0 0 0 2.136
0 -7.38952 0 0 0 0 2.137
0 -7.41048 0 0 0 0 2.138
0 -7.43146 0 0 0 0 2.139
0 -7.45244 0 0 0 0 2.14
0 -7.47343 0 0 0 0 2.141
0 -7.49444 0 0 0 0 2.142
0 -7.51545 0 0 0 0 2.143
0 -7.53647 0 0 0 0 2.144
0 -7.55751 0 0 0 0 2.145
0 -7.57855 0 0 0 0 2.146
0 -7.5996 0 0 0 0 2.147
0 -7.62066 0 0 0 0 2.148
0 -7.64174 0 0 0 0 2.149
0 -7.66282 0 0 0 0 2.15
0 -7.68391 0 0 0 0 2.151
0 -7.70501 0 0 0 0 2.152
0 -7.72612 0 0 0 0 2.153
0 -7.74724 0 0 0 0 2.154
0 -7.76837 0 0 0 0 2.155
0 -7.78951 0 0 0 0 2.156
0 -7.81066 0 0 0 0 2.157
0 -7.83182 0 0 0 0 2.158
0 -7.85299 0 0 0 0 2.159
0 -7.87417 0 0 0 0 2.16
0 -7.89536 0 0 0 0 2.161
0 -7.91656 0 0 0 0 2.162
0 -7.93777 0 0 0 0 2.163
0 -7.95899 0 0 0 0 2.164
0 -7.98022 0 0 0 0 2.165
0 -8.00146 0 0 0 0 2.166
0 -8.02271 0 0 0 0 2.167
0 -8.04396 0 0 0 0 2.168
0 -8.06523 0 0 0 0 2.169
0 -8.08651 0 0 0 0 2.17
0 -8.1078 0 0 0 0 2.171
0 -8.1291 0 0 0 0 2.172
0 -8.1504 0 0 0 0 2.173
0 -8.17172 0 0 0 0 2.174
0 -8.19305 0 0 0 0 2.175
0 -8.21438 0 0 0 0 2.176
0 -8.23573 0 0 0 0 2.177
0 -8.25709 0 0 0 0 2.178
0 -8.27845 0 0 0 0 2.179
0 -8.29983 0 0 0 0 2.18
0 -8.32121 0 0 0 0 2.181
0 -8.34261 0 0 0 0 2.182
0 -8.36402 0 0 0 0 2.183
0 -8.38543 0 0 0 0 2.184
0 -8.40686 0 0 0 0 2.185
0 -8.42829 0 0 0 0 2.186
0 -8.44974 0 0 0 0 2.187
0 -8.47119 0 0 0 0 2.188
0 -8.49265 0 0 0 0 2.189
0 -8.51413 0 0 0 0 2.19
0 -8.53561 0 0 0 0 2.191
0 -8.55711 0 0 0 0 2.192
0 -8.57861 0 0 0 0 2.193
0 -8.60012 0 0 0 0 2.194
0 -8.62165 0 0 0 0 2.195
0 -8.64318 0 0 0 0 2.196
0 -8.66472 0 0 0 0 2.197
0 -8.68627 0 0 0 0 2.198
0 -8.70784 0 0 0 0 2.199
0 -8.72941 0 0 0 0 2.2
0 -8.75099 0 0 0 0 2.201
0 -8.77258 0 0 0 0 2.202
0 -8.79418 0 0 0 0 2.203
0 -8.8158 0 0 0 0 2.204
0 -8.83742 0 0 0 0 2.205
0 -8.85905 0 0 0 0 2.206
0 -8.88069 0 0 0 0 2.207
0 -8.90234 0 0 0 0 2.208
0 -8.924 0 0 0 0 2.209
0 -8.94567 0 0 0 0 2.21
0 -8.96735 0 0 0 0 2.211
0 -8.98904 0 0 0 0 2.212
0 -9.01074 0 0 0 0 2.213
0 -9.03245 0 0 0 0 2.214
0 -9.05417 0 0 0 0 2.215
0 -9.0759 0 0 0 0 2.216
0 -9.09764 0 0 0 0 2.217
0 -9.11939 0 0 0 0 2.218
0 -9.14114 0 0 0 0 2.219
0 -9.16291 0 0 0 0 2.22
0 -9.18469 0 0 0 0 2.221
0 -9.20648 0 0 0 0 2.222
0 -9.22828 0 0 0 0 2.223
0 -9.25008 0 0 0 0 2.224
0 -9.2719 0 0 0 0 2.225
0 -9.29373 0 0 0 0 2.226
0 -9.31557 0 0 0 0 2.227
0 -9.33741 0 0 0 0 2.228
0 -9.35927 0 0 0 0 2.229
0 -9.38114 0 0 0 0 2.23
0 -9.40301 0 0 0 0 2.231
0 -9.4249 0 0 0 0 2.232
0 -9.44679 0 0 0 0 2.233
0 -9.4687 0 0 0 0 2.234
0 -9.49062 0 0 0 0 2.235
0 -9.51254 0 0 0 0 2.236
0 -9.53448 0 0 0 0 2.237
0 -9.55642 0 0 0 0 2.238
0 -9.57838 0 0 0 0 2.239
0 -9.60034 0 0 0 0 2.24
0 -9.62232 0 0 0 0 2.241
0 -9.6443 0 0 0 0 2.242
0 -9.66629 0 0 0 0 2.243
0 -9.6883 0 0 0 0 2.244
0 -9.71031 0 0 0 0 2.245
0 -9.73233 0 0 0 0 2.246
0 -9.75437 0 0 0 0 2.247
0 -9.77641 0 0 0 0 2.248
0 -9.79846 0 0 0 0 2.249
0 -9.82053 0 0 0 0 2.25
0 -9.8426 0 0 0 0 2.251
0 -9.86468 0 0 0 0 2.252
0 -9.88677 0 0 0 0 2.253
0 -9.90888 0 0 0 0 2.254
0 -9.93099 0 0 0 0 2.255
0 -9.95311 0 0 0 0 2.256
0 -9.97524 0 0 0 0 2.257
0 -9.99738 0 0 0 0 2.258
0 -9.995 0 -3.23544e-20 0 0 2.259
0 -9.99501 0 -3.23544e-20 0 0 2.26
0 -9.995 -7.94416e-41 -3.24177e-20 0 0 2.261
0 -9.995 -2.13544e-40 -3.24177e-20 0 0 2.262
0 -9.995 -3.05621e-40 -3.24177e-20 0 0 2.263
0 -9.995 -4.71487e-40 -3.24177e-20 0 0 2.264
0 -9.995 -6.46331e-40 -3.24177e-20 0 0 2.265
0 -9.995 -8.40941e-40 -3.24177e-20 0 0 2.266
0 -9.995 -1.09384e-39 -3.25471e-20 0 0 2.267
0 -9.995 -1.41149e-39 -3.25471e-20 0 0 2.268
0 -9.995 -1.65637e-39 -3.25471e-20 0 0 2.269
0 -9.995 -1.8944e-39 -3.25471e-20 0 0 2.27
0 -9.995 -2.13486e-39 -3.25471e-20 0 0 2.271
0 -9.995 -2.42479e-39 -3.25471e-20 0 0 2.272
0 -9.995 -2.7176e-39 -3.25471e-20 0 0 2.273
0 -9.995 -2.98595e-39 -3.25471e-20 0 0 2.274
0 -9.995 -3.22177e-39 -3.25471e-20 0 0 2.275
0 -9.995 -3.47327e-39 -3.26765e-20 0 0 2.276
0 -9.995 -3.78782e-39 -3.25471e-20 0 0 2.277
0 -9.995 -4.02953e-39 -3.25471e-20 0 0 2.278
0 -9.995 -4.30243e-39 -3.25471e-20 0 0 2.279
0 -9.995 -4.52446e-39 -3.25471e-20 0 0 2.28
0 -9.995 -4.72649e-39 -3.22883e-20 0 0 2.281
0 -9.995 -4.89249e-39 -3.24177e-20 0 0 2.282
0 -9.995 -5.01821e-39 -3.25471e-20 0 0 2.283
0 -9.995 -5.01168e-39 -3.25471e-20 0 0 2.284
0 -9.995 -5.0936e-39 -3.25471e-20 0 0 2.285
0 -9.995 -5.14606e-39 -3.25471e-20 0 0 2.286
0 -9.995 -5.33367e-39 -3.25471e-20 0 0 2.287
0 -9.995 -5.53892e-39 -3.28059e-20 0 0 2.288
0 -9.995 -5.69875e-39 -3.29353e-20 0 0 2.289
0 -9.995 -5.76253e-39 -3.29353e-20 0 0 2.29
0 -9.995 -5.877e-39 -3.30648e-20 0 0 2.291
0 -9.995 -5.93742e-39 -3.31942e-20 0 0 2.292
0 -9.995 -6.10611e-39 -3.31942e-20 0 0 2.293
0 -9.995 -6.38106e-39 -3.33236e-20 0 0 2.294
0 -9.995 -6.67958e-39 -3.31942e-20 0 0 2.295
0 -9.995 -6.98867e-39 -3.31942e-20 0 0 2.296
0 -9.995 -7.3831e-39 -3.31942e-20 0 0 2.297
0 -9.995 -7.85976e-39 -3.31942e-20 0 0 2.298
0 -9.995 -8.30039e-39 -3.31942e-20 0 0 2.299
0 -9.995 -8.78642e-39 -3.3453e-20 0 0 2.3
0 -9.995 -9.13691e-39 -3.33236e-20 0 0 2.301
0 -9.995 -9.44431e-39 -3.31942e-20 0 0 2.302
0 -9.995 -9.59335e-39 -3.33236e-20 0 0 2.303
0 -9.995 -9.78089e-39 -3.3453e-20 0 0 2.304
0 -9.995 -9.98941e-39 -3.33236e-20 0 0 2.305
0 -9.995 -1.0179e-38 -3.31942e-20 0 0 2.306
0 -9.995 -1.03745e-38 -3.33236e-20 0 0 2.307
0 -9.995 -1.06786e-38 -3.3453e-20 0 0 2.308
0 -9.995 -1.09422e-38 -3.33236e-20 0 0 2.309
0 -9.995 -1.12254e-38 -3.31942e-20 0 0 2.31
0 -9.995 -1.14819e-38 -3.31942e-20 0 0 2.311
0 -9.995 -1.17408e-38 -3.33236e-20 0 0 2.312
0 -9.995 -1.19546e-38 -3.3453e-20 0 0 2.313
0 -9.995 -1.21219e-38 -3.35824e-20 0 0 2.314
0 -9.995 -1.22617e-38 -3.37118e-20 0 0 2.315
0 -9.995 -1.22938e-38 -3.38413e-20 0 0 2.316
0 -9.995 -1.22907e-38 -3.39707e-20 0 0 2.317
0 -9.995 -1.2348e-38 -3.42295e-20 0 0 2.318
0 -9.995 -1.23942e-38 -3.43589e-20 0 0 2.319
0 -9.995 -1.25224e-38 -3.44883e-20 0 0 2.32
0 -9.995 -1.25912e-38 -3.46178e-20 0 0 2.321
0 -9.995 -1.27565e-38 -3.46178e-20 0 0 2.322
0 -9.995 -1.28148e-38 -3.46178e-20 0 0 2.323
0 -9.995 -1.29093e-38 -3.44883e-20 0 0 2.324
0 -9.995 -1.30545e-38 -3.44883e-20 0 0 2.325
0 -9.995 -1.3169e-38 -3.44883e-20 0 0 2.326
0 -9.995 -1.32608e-38 -3.44883e-20 0 0 2.327
0 -9.995 -1.3374e-38 -3.44883e-20 0 0 2.328
0 -9.995 -1.34546e-38 -3.47472e-20 0 0 2.329
0 -9.995 -1.35618e-38 -3.48766e-20 0 0 2.33
0 -9.995 -1.36923e-38 -3.5006e-20 0 0 2.331
0 -9.995 -1.37872e-38 -3.51354e-20 0 0 2.332
0 -9.995 -1.38774e-38 -3.52648e-20 0 0 2.333
0 -9.995 -1.4074e-38 -3.53943e-20 0 0 2.334
0 -9.995 -1.42452e-38 -3.53943e-20 0 0 2.335
0 -9.995 -1.44099e-38 -3.55237e-20 0 0 2.336
0 -9.995 -1.46673e-38 -3.55237e-20 0 0 2.337
0 -9.995 -1.48912e-38 -3.55237e-20 0 0 2.338
0 -9.995 -1.51006e-38 -3.55237e-20 0 0 2.339
0 -9.995 -1.52787e-38 -3.55237e-20 0 0 2.34
0 -9.995 -1.55969e-38 -3.55237e-20 0 0 2.341
0 -9.995 -1.59756e-38 -3.55237e-20 0 0 2.342
0 -9.995 -1.63647e-38 -3.55237e-20 0 0 2.343
0 -9.995 -1.66801e-38 -3.56531e-20 0 0 2.344
0 -9.995 -1.68844e-38 -3.57825e-20 0 0 2.345
0 -9.995 -1.70657e-38 -3.57825e-20 0 0 2.346
0 -9.995 -1.71996e-38 -3.57825e-20 0 0 2.347
0 -9.995 -1.72997e-38 -3.57825e-20 0 0 2.348
0 -9.995 -1.72945e-38 -3.57825e-20 0 0 2.349
0 -9.995 -1.72479e-38 -3.59119e-20 0 0 2.35
0 -9.995 -1.72294e-38 -3.59119e-20 0 0 2.351
0 -9.995 -1.72345e-38 -3.59119e-20 0 0 2.352
0 -9.995 -1.71432e-38 -3.60413e-20 0 0 2.353
0 -9.995 -1.70095e-38 -3.61708e-20 0 0 2.354
0 -9.995 -1.68674e-38 -3.63002e-20 0 0 2.355
0 -9.995 -1.65734e-38 -3.6559e-20 0 0 2.356
0 -9.995 -1.63364e-38 -3.64296e-20 0 0 2.357
0 -9.995 -1.60248e-38 -3.64296e-20 0 0 2.358
0 -9.995 -1.58309e-38 -3.63002e-20 0 0 2.359
0 -9.995 -1.56673e-38 -3.63002e-20 0 0 2.36
0 -9.995 -1.53355e-38 -3.6559e-20 0 0 2.361
0 -9.995 -1.48415e-38 -3.6559e-20 0 0 2.362
0 -9.995 -1.43417e-38 -3.66884e-20 0 0 2.363
0 -9.995 -1.38877e-38 -3.68179e-20 0 0 2.364
0 -9.995 -1.33347e-38 -3.69473e-20 0 0 2.365
0 -9.995 -1.28185e-38 -3.70767e-20 0 0 2.366
0 -9.995 -1.22934e-38 -3.72061e-20 0 0 2.367
0 -9.995 -1.16567e-38 -3.73355e-20 0 0 2.368
0 -9.995 -1.08868e-38 -3.73355e-20 0 0 2.369
0 -9.995 -1.00779e-38 -3.73355e-20 0 0 2.37
0 -9.995 -9.29698e-39 -3.73355e-20 0 0 2.371
0 -9.995 -8.62308e-39 -3.73355e-20 0 0 2.372
0 -9.995 -7.97201e-39 -3.73355e-20 0 0 2.373
0 -9.995 -7.24658e-39 -3.73355e-20 0 0 2.374
0 -9.995 -6.43305e-39 -3.73355e-20 0 0 2.375
0 -9.995 -5.51709e-39 -3.74649e-20 0 0 2.376
0 -9.995 -4.57408e-39 -3.75944e-20 0 0 2.377
0 -9.995 -3.54283e-39 -3.77238e-20 0 0 2.378
0 -9.995 -2.58842e-39 -3.79826e-20 0 0 2.379
0 -9.995 -1.54657e-39 -3.8112e-20 0 0 2.38
0 -9.995 -6.052e-40 -3.82414e-20 0 0 2.381
0 -9.995 2.68225e-40 -3.82414e-20 0 0 2.382
0 -9.995 1.09476e-39 -3.85003e-20 0 0 2.383
0 -9.995 1.924e-39 -3.83709e-20 0 0 2.384
0 -9.995 2.80344e-39 -3.83709e-20 0 0 2.385
0 -9.995 3.62594e-39 -3.83709e-20 0 0 2.386
0 -9.995 4.41033e-39 -3.83709e-20 0 0 2.387
0 -9.995 5.25601e-39 -3.85003e-20 0 0 2.388
0 -9.995 6.10248e-39 -3.83709e-20 0 0 2.389
0 -9.995 7.00982e-39 -3.85003e-20 0 0 2.39
0 -9.995 7.85989e-39 -3.86297e-20 0 0 2.391
0 -9.995 8.76667e-39 -3.86297e-20 0 0 2.392
0 -9.995 9.70673e-39 -3.86297e-20 0 0 2.393
0 -9.995 1.06915e-38 -3.86297e-20 0 0 2.394
0 -9.995 1.15949e-38 -3.85003e-20 0 0 2.395
0 -9.995 1.25391e-38 -3.85003e-20 0 0 2.396
0 -9.995 1.35311e-38 -3.85003e-20 0 0 2.397
0 -9.995 1.46197e-38 -3.85003e-20 0 0 2.398
0 -9.995 1.55889e-38 -3.85003e-20 0 0 2.399
0 -9.995 1.64256e-38 -3.82414e-20 0 0 2.4
0 -9.995 1.74034e-38 -3.8112e-20 0 0 2.401
0 -9.995 1.8316e-38 -3.82414e-20 0 0 2.402
0 -9.995 1.92843e-38 -3.83709e-20 0 0 2.403
0 -9.995 2.0235e-38 -3.85003e-20 0 0 2.404
0 -9.995 2.11645e-38 -3.85003e-20 0 0 2.405
0 -9.995 2.21569e-38 -3.85003e-20 0 0 2.406
0 -9.995 2.32606e-38 -3.83709e-20 0 0 2.407
0 -9.995 2.43391e-38 -3.85003e-20 0 0 2.408
0 -9.995 2.53509e-38 -3.86297e-20 0 0 2.409
0 -9.995 2.63694e-38 -3.88885e-20 0 0 2.41
0 -9.995 2.743e-38 -3.87591e-20 0 0 2.411
0 -9.995 2.85e-38 -3.86297e-20 0 0 2.412
0 -9.995 2.96166e-38 -3.86297e-20 0 0 2.413
0 -9.995 3.08606e-38 -3.87591e-20 0 0 2.414
0 -9.995 3.19808e-38 -3.87591e-20 0 0 2.415
0 -9.995 3.32417e-38 -3.87591e-20 0 0 2.416
0 -9.995 3.43892e-38 -3.87591e-20 0 0 2.417
0 -9.995 3.54373e-38 -3.88885e-20 0 0 2.418
0 -9.995 3.66033e-38 -3.87591e-20 0 0 2.419
0 -9.995 3.77484e-38 -3.88885e-20 0 0 2.42
0 -9.995 3.8946e-38 -3.90179e-20 0 0 2.421
0 -9.995 4.00593e-38 -3.91474e-20 0 0 2.422
0 -9.995 4.11133e-38 -3.92768e-20 0 0 2.423
0 -9.995 4.20357e-38 -3.91474e-20 0 0 2.424
0 -9.995 4.29096e-38 -3.92768e-20 0 0 2.425
0 -9.995 4.37104e-38 -3.91474e-20 0 0 2.426
0 -9.995 4.45826e-38 -3.91474e-20 0 0 2.427
0 -9.995 4.55072e-38 -3.91474e-20 0 0 2.428
0 -9.995 4.63579e-38 -3.92768e-20 0 0 2.429
0 -9.995 4.71489e-38 -3.94062e-20 0 0 2.43
0 -9.995 4.79155e-38 -3.95356e-20 0 0 2.431
0 -9.995 4.86566e-38 -3.97944e-20 0 0 2.432
0 -9.995 4.94546e-38 -3.9665e-20 0 0 2.433
0 -9.995 5.02436e-38 -3.9665e-20 0 0 2.434
0 -9.995 5.10107e-38 -3.9665e-20 0 0 2.435
0 -9.995 5.16935e-38 -3.99239e-20 0 0 2.436
0 -9.995 5.23075e-38 -3.97944e-20 0 0 2.437
0 -9.995 5.295e-38 -3.97944e-20 0 0 2.438
0 -9.995 5.35929e-38 -3.97944e-20 0 0 2.439
0 -9.995 5.42623e-38 -3.97944e-20 0 0 2.44
0 -9.995 5.49402e-38 -3.97944e-20 0 0 2.441
0 -9.995 5.56895e-38 -3.97944e-20 0 0 2.442
0 -9.995 5.64411e-38 -3.97944e-20 0 0 2.443
0 -9.995 5.72007e-38 -3.99239e-20 0 0 2.444
0 -9.995 5.78972e-38 -3.99239e-20 0 0 2.445
0 -9.995 5.84299e-38 -3.99239e-20 0 0 2.446
0 -9.995 5.90361e-38 -3.99239e-20 0 0 2.447
0 -9.995 5.9608e-38 -4.01827e-20 0 0 2.448
0 -9.995 6.02076e-38 -4.01827e-20 0 0 2.449
0 -9.995 6.06792e-38 -4.01827e-20 0 0 2.45
0 -9.995 6.11411e-38 -4.00533e-20 0 0 2.451
0 -9.995 6.14882e-38 -4.00533e-20 0 0 2.452
0 -9.995 6.18103e-38 -4.01827e-20 0 0 2.453
0 -9.995 6.21963e-38 -4.00533e-20 0 0 2.454
0 -9.995 6.25661e-38 -4.00533e-20 0 0 2.455
0 -9.995 6.29796e-38 -4.00533e-20 0 0 2.456
0 -9.995 6.3319e-38 -4.00533e-20 0 0 2.457
0 -9.995 6.36791e-38 -4.00533e-20 0 0 2.458
0 -9.995 6.40682e-38 -4.00533e-20 0 0 2.459
0 -9.995 6.44088e-38 -4.00533e-20 0 0 2.46
0 -9.995 6.48526e-38 -4.00533e-20 0 0 2.461
0 -9.995 6.53338e-38 -4.00533e-20 0 0 2.462
0 -9.995 6.5881e-38 -4.00533e-20 0 0 2.463
0 -9.995 6.64447e-38 -4.00533e-20 0 0 2.464
0 -9.995 6.69752e-38 -4.00533e-20 0 0 2.465
0 -9.995 6.7517e-38 -4.00533e-20 0 0 2.466
0 -9.995 6.80816e-38 -4.00533e-20 0 0 2.467
0 -9.995 6.86962e-38 -4.01827e-20 0 0 2.468
0 -9.995 6.93076e-38 -4.00533e-20 0 0 2.469
0 -9.995 7.00763e-38 -3.99239e-20 0 0 2.47
0 -9.995 7.08411e-38 -3.99239e-20 0 0 2.471
0 -9.995 7.14928e-38 -4.00533e-20 0 0 2.472
0 -9.995 7.21705e-38 -4.01827e-20 0 0 2.473
0 -9.995 7.276e-38 -4.01827e-20 0 0 2.474
0 -9.995 7.32262e-38 -4.01827e-20 0 0 2.475
0 -9.995 7.37069e-38 -4.01827e-20 0 0 2.476
0 -9.995 7.42425e-38 -4.01827e-20 0 0 2.477
0 -9.995 7.48369e-38 -4.01827e-20 0 0 2.478
0 -9.995 7.5345e-38 -4.03121e-20 0 0 2.479
0 -9.995 7.58514e-38 -4.01827e-20 0 0 2.48
0 -9.995 7.62605e-38 -4.01827e-20 0 0 2.481
0 -9.995 7.66593e-38 -4.01827e-20 0 0 2.482
0 -9.995 7.70565e-38 -4.01827e-20 0 0 2.483
0 -9.995 7.74151e-38 -4.03121e-20 0 0 2.484
0 -9.995 7.78424e-38 -4.04415e-20 0 0 2.485
0 -9.995 7.82685e-38 -4.05709e-20 0 0 2.486
0 -9.995 7.87211e-38 -4.07004e-20 0 0 2.487
0 -9.995 7.92067e-38 -4.08298e-20 0 0 2.488
0 -9.995 7.97205e-38 -4.09592e-20 0 0 2.489
0 -9.995 8.022e-38 -4.10886e-20 0 0 2.49
0 -9.995 8.06309e-38 -4.13474e-20 0 0 2.491
0 -9.995 8.10167e-38 -4.14769e-20 0 0 2.492
0 -9.995 8.13663e-38 -4.16063e-20 0 0 2.493
0 -9.995 8.18244e-38 -4.17357e-20 0 0 2.494
0 -9.995 8.2274e-38 -4.18651e-20 0 0 2.495
0 -9.995 8.2813e-38 -4.17357e-20 0 0 2.496
0 -9.995 8.34538e-38 -4.16063e-20 0 0 2.497
0 -9.995 8.41369e-38 -4.14769e-20 0 0 2.498
0 -9.995 8.4711e-38 -4.13474e-20 0 0 2.499
0 -9.995 8.5324e-38 -4.13474e-20 0 0 2.5
0 -9.995 8.59694e-38 -4.13474e-20 0 0 2.501
0 -9.995 8.67709e-38 -4.13474e-20 0 0 2.502
0 -9.995 8.75098e-38 -4.13474e-20 0 0 2.503
0 -9.995 8.83194e-38 -4.13474e-20 0 0 2.504
0 -9.995 8.91314e-38 -4.13474e-20 0 0 2.505
0 -9.995 9.00802e-38 -4.13474e-20 0 0 2.506
0 -9.995 9.10131e-38 -4.16063e-20 0 0 2.507
0 -9.995 9.2035e-38 -4.14769e-20 0 0 2.508
0 -9.995 9.30661e-38 -4.14769e-20 0 0 2.509
0 -9.995 9.41127e-38 -4.16063e-20 0 0 2.51
0 -9.995 9.51184e-38 -4.17357e-20 0 0 2.511
0 -9.995 9.61041e-38 -4.18651e-20 0 0 2.512
0 -9.995 9.70529e-38 -4.19945e-20 0 0 2.513
0 -9.995 9.80267e-38 -4.2124e-20 0 0 2.514
0 -9.995 9.89532e-38 -4.22534e-20 0 0 2.515
0 -9.995 9.99278e-38 -4.23828e-20 0 0 2.516
0 -9.995 1.00791e-37 -4.23828e-20 0 0 2.517
0 -9.995 1.01627e-37 -4.23828e-20 0 0 2.518
0 -9.995 1.02441e-37 -4.23828e-20 0 0 2.519
0 -9.995 1.03288e-37 -4.25122e-20 0 0 2.52
0 -9.995 1.04235e-37 -4.26416e-20 0 0 2.521
0 -9.995 1.05117e-37 -4.26416e-20 0 0 2.522
0 -9.995 1.05954e-37 -4.26416e-20 0 0 2.523
0 -9.995 1.06732e-37 -4.26416e-20 0 0 2.524
0 -9.995 1.07384e-37 -4.2771e-20 0 0 2.525
0 -9.995 1.0802e-37 -4.29005e-20 0 0 2.526
0 -9.995 1.08697e-37 -4.29005e-20 0 0 2.527
0 -9.995 1.09253e-37 -4.29005e-20 0 0 2.528
0 -9.995 1.09793e-37 -4.30299e-20 0 0 2.529
0 -9.995 1.10505e-37 -4.31593e-20 0 0 2.53
0 -9.995 1.11291e-37 -4.32887e-20 0 0 2.531
0 -9.995 1.12075e-37 -4.32887e-20 0 0 2.532
0 -9.995 1.12963e-37 -4.32887e-20 0 0 2.533
0 -9.995 1.13857e-37 -4.32887e-20 0 0 2.534
0 -9.995 1.14942e-37 -4.32887e-20 0 0 2.535
0 -9.995 1.16155e-37 -4.32887e-20 0 0 2.536
0 -9.995 1.1725e-37 -4.32887e-20 0 0 2.537
0 -9.995 1.18277e-37 -4.34181e-20 0 0 2.538
0 -9.995 1.19159e-37 -4.34181e-20 0 0 2.539
0 -9.995 1.20121e-37 -4.34181e-20 0 0 2.54
0 -9.995 1.21114e-37 -4.34181e-20 0 0 2.541
0 -9.995 1.21938e-37 -4.32887e-20 0 0 2.542
0 -9.995 1.22604e-37 -4.31593e-20 0 0 2.543
0 -9.995 1.23271e-37 -4.31593e-20 0 0 2.544
0 -9.995 1.23875e-37 -4.32887e-20 0 0 2.545
0 -9.995 1.24479e-37 -4.32887e-20 0 0 2.546
0 -9.995 1.25185e-37 -4.32887e-20 0 0 2.547
0 -9.995 1.26086e-37 -4.32887e-20 0 0 2.548
0 -9.995 1.27063e-37 -4.32887e-20 0 0 2.549
0 -9.995 1.28169e-37 -4.32887e-20 0 0 2.55
0 -9.995 1.29363e-37 -4.31593e-20 0 0 2.551
0 -9.995 1.3056e-37 -4.31593e-20 0 0 2.552
0 -9.995 1.31832e-37 -4.32887e-20 0 0 2.553
0 -9.995 1.33287e-37 -4.34181e-20 0 0 2.554
0 -9.995 1.34756e-37 -4.35475e-20 0 0 2.555
0 -9.995 1.36452e-37 -4.3677e-20 0 0 2.556
0 -9.995 1.38062e-37 -4.3677e-20 0 0 2.557
0 -9.995 1.39695e-37 -4.3677e-20 0 0 2.558
0 -9.995 1.41485e-37 -4.39358e-20 0 0 2.559
0 -9.995 1.43291e-37 -4.39358e-20 0 0 2.56
0 -9.995 1.45073e-37 -4.39358e-20 0 0 2.561
0 -9.995 1.46979e-37 -4.39358e-20 0 0 2.562
0 -9.995 1.48812e-37 -4.40652e-20 0 0 2.563
0 -9.995 1.50877e-37 -4.40652e-20 0 0 2.564
0 -9.995 1.53083e-37 -4.40652e-20 0 0 2.565
0 -9.995 1.55388e-37 -4.41946e-20 0 0 2.566
0 -9.995 1.57766e-37 -4.4324e-20 0 0 2.567
0 -9.995 1.60223e-37 -4.44535e-20 0 0 2.568
0 -9.995 1.62562e-37 -4.44535e-20 0 0 2.569
0 -9.995 1.6464e-37 -4.44535e-20 0 0 2.57
0 -9.995 1.66774e-37 -4.45829e-20 0 0 2.571
0 -9.995 1.68919e-37 -4.45829e-20 0 0 2.572
0 -9.995 1.71014e-37 -4.45829e-20 0 0 2.573
0 -9.995 1.73172e-37 -4.45829e-20 0 0 2.574
0 -9.995 1.75095e-37 -4.45829e-20 0 0 2.575
0 -9.995 1.7708e-37 -4.45829e-20 0 0 2.576
0 -9.995 1.7911e-37 -4.47123e-20 0 0 2.577
0 -9.995 1.81134e-37 -4.48417e-20 0 0 2.578
0 -9.995 1.83127e-37 -4.49711e-20 0 0 2.579
0 -9.995 1.85186e-37 -4.51005e-20 0 0 2.58
0 -9.995 1.87296e-37 -4.523e-20 0 0 2.581
0 -9.995 1.89429e-37 -4.523e-20 0 0 2.582
0 -9.995 1.9164e-37 -4.523e-20 0 0 2.583
0 -9.995 1.9392e-37 -4.523e-20 0 0 2.584
0 -9.995 1.96235e-37 -4.523e-20 0 0 2.585
0 -9.995 1.98483e-37 -4.53594e-20 0 0 2.586
0 -9.995 2.0058e-37 -4.54888e-20 0 0 2.587
0 -9.995 2.02726e-37 -4.57476e-20 0 0 2.588
0 -9.995 2.04863e-37 -4.56182e-20 0 0 2.589
0 -9.995 2.06721e-37 -4.56182e-20 0 0 2.59
0 -9.995 2.08743e-37 -4.56182e-20 0 0 2.591
0 -9.995 2.10873e-37 -4.5877e-20 0 0 2.592
0 -9.995 2.12978e-37 -4.60065e-20 0 0 2.593
0 -9.995 2.1517e-37 -4.61359e-20 0 0 2.594
0 -9.995 2.17496e-37 -4.61359e-20 0 0 2.595
0 -9.995 2.19893e-37 -4.61359e-20 0 0 2.596
0 -9.995 2.22283e-37 -4.61359e-20 0 0 2.597
0 -9.995 2.24748e-37 -4.63947e-20 0 0 2.598
0 -9.995 2.26992e-37 -4.65241e-20 0 0 2.599
0 -9.995 2.29197e-37 -4.66536e-20 0 0 2.6
0 -9.995 2.31626e-37 -4.6783e-20 0 0 2.601
0 -9.995 2.3415e-37 -4.6783e-20 0 0 2.602
0 -9.995 2.36607e-37 -4.6783e-20 0 0 2.603
0 -9.995 2.38894e-37 -4.69124e-20 0 0 2.604
0 -9.995 2.41209e-37 -4.70418e-20 0 0 2.605
0 -9.995 2.43581e-37 -4.71712e-20 0 0 2.606
0 -9.995 2.46023e-37 -4.73006e-20 0 0 2.607
0 -9.995 2.48233e-37 -4.74301e-20 0 0 2.608
0 -9.995 2.50563e-37 -4.74301e-20 0 0 2.609
0 -9.995 2.52805e-37 -4.74301e-20 0 0 2.61
0 -9.995 2.549e-37 -4.75595e-20 0 0 2.611
0 -9.995 2.56943e-37 -4.75595e-20 0 0 2.612
0 -9.995 2.59132e-37 -4.75595e-20 0 0 2.613
0 -9.995 2.61329e-37 -4.78183e-20 0 0 2.614
0 -9.995 2.63472e-37 -4.79477e-20 0 0 2.615
0 -9.995 2.65496e-37 -4.79477e-20 0 0 2.616
0 -9.995 2.67808e-37 -4.82066e-20 0 0 2.617
0 -9.995 2.70041e-37 -4.8336e-20 0 0 2.618
0 -9.995 2.7233e-37 -4.87242e-20 0 0 2.619
0 -9.995 2.74552e-37 -4.89831e-20 0 0 2.62
0 -9.995 2.7681e-37 -4.91125e-20 0 0 2.621
0 -9.995 2.79151e-37 -4.92419e-20 0 0 2.622
0 -9.995 2.81322e-37 -4.92419e-20 0 0 2.623
0 -9.995 2.83722e-37 -4.92419e-20 0 0 2.624
0 -9.995 2.86379e-37 -4.92419e-20 0 0 2.625
0 -9.995 2.88981e-37 -4.92419e-20 0 0 2.626
0 -9.995 2.91539e-37 -4.92419e-20 0 0 2.627
0 -9.995 2.94247e-37 -4.95007e-20 0 0 2.628
0 -9.995 2.96855e-37 -4.95007e-20 0 0 2.629
0 -9.995 2.9928e-37 -4.95007e-20 0 0 2.63
0 -9.995 3.01745e-37 -4.95007e-20 0 0 2.631
0 -9.995 3.0428e-37 -4.95007e-20 0 0 2.632
0 -9.995 3.0687e-37 -4.95007e-20 0 0 2.633
0 -9.995 3.09617e-37 -4.95007e-20 0 0 2.634
0 -9.995 3.12344e-37 -4.95007e-20 0 0 2.635
0 -9.995 3.14866e-37 -4.95007e-20 0 0 2.636
0 -9.995 3.17406e-37 -4.95007e-20 0 0 2.637
0 -9.995 3.19993e-37 -4.97596e-20 0 0 2.638
0 -9.995 3.2255e-37 -4.9889e-20 0 0 2.639
0 -9.995 3.25257e-37 -4.9889e-20 0 0 2.64
0 -9.995 3.27931e-37 -4.9889e-20 0 0 2.641
0 -9.995 3.30556e-37 -4.9889e-20 0 0 2.642
0 -9.995 3.3306e-37 -4.96301e-20 0 0 2.643
0 -9.995 3.35312e-37 -4.97596e-20 0 0 2.644
0 -9.995 3.37555e-37 -4.9889e-20 0 0 2.645
0 -9.995 3.39787e-37 -4.9889e-20 0 0 2.646
0 -9.995 3.42079e-37 -4.97596e-20 0 0 2.647
0 -9.995 3.44308e-37 -5.00184e-20 0 0 2.648
0 -9.995 3.46533e-37 -5.00184e-20 0 0 2.649
0 -9.995 3.48688e-37 -5.02772e-20 0 0 2.65
0 -9.995 3.50615e-37 -5.04066e-20 0 0 2.651
0 -9.995 3.5248e-37 -5.04066e-20 0 0 2.652
0 -9.995 3.5445e-37 -5.05361e-20 0 0 2.653
0 -9.995 3.56295e-37 -5.05361e-20 0 0 2.654
0 -9.995 3.5821e-37 -5.05361e-20 0 0 2.655
0 -9.995 3.6016e-37 -5.05361e-20 0 0 2.656
0 -9.995 3.62086e-37 -5.05361e-20 0 0 2.657
0 -9.995 3.63939e-37 -5.06655e-20 0 0 2.658
0 -9.995 3.65675e-37 -5.07949e-20 0 0 2.659
0 -9.995 3.67273e-37 -5.09243e-20 0 0 2.66
0 -9.995 3.68738e-37 -5.10537e-20 0 0 2.661
0 -9.995 3.7035e-37 -5.09243e-20 0 0 2.662
0 -9.995 3.72007e-37 -5.09243e-20 0 0 2.663
0 -9.995 3.73849e-37 -5.09243e-20 0 0 2.664
0 -9.995 3.75932e-37 -5.10537e-20 0 0 2.665
0 -9.995 3.77929e-37 -5.10537e-20 0 0 2.666
0 -9.995 3.8012e-37 -5.10537e-20 0 0 2.667
0 -9.995 3.82342e-37 -5.09243e-20 0 0 2.668
0 -9.995 3.84807e-37 -5.07949e-20 0 0 2.669
0 -9.995 3.87081e-37 -5.07949e-20 0 0 2.67
0 -9.995 3.89225e-37 -5.07949e-20 0 0 2.671
0 -9.995 3.91243e-37 -5.07949e-20 0 0 2.672
0 -9.995 3.93437e-37 -5.09243e-20 0 0 2.673
0 -9.995 3.9555e-37 -5.09243e-20 0 0 2.674
0 -9.995 3.97504e-37 -5.09243e-20 0 0 2.675
0 -9.995 3.99469e-37 -5.07949e-20 0 0 2.676
0 -9.995 4.01373e-37 -5.07949e-20 0 0 2.677
0 -9.995 4.03142e-37 -5.07949e-20 0 0 2.678
0 -9.995 4.04788e-37 -5.07949e-20 0 0 2.679
0 -9.995 4.06522e-37 -5.07949e-20 0 0 2.68
0 -9.995 4.08181e-37 -5.07949e-20 0 0 2.681
0 -9.995 4.09917e-37 -5.07949e-20 0 0 2.682
0 -9.995 4.11446e-37 -5.07949e-20 0 0 2.683
0 -9.995 4.13048e-37 -5.07949e-20 0 0 2.684
0 -9.995 4.14613e-37 -5.07949e-20 0 0 2.685
0 -9.995 4.16115e-37 -5.07949e-20 0 0 2.686
0 -9.995 4.17653e-37 -5.09243e-20 0 0 2.687
0 -9.995 4.19314e-37 -5.10537e-20 0 0 2.688
0 -9.995 4.20921e-37 -5.11831e-20 0 0 2.689
0 -9.995 4.22495e-37 -5.13126e-20 0 0 2.69
0 -9.995 4.24061e-37 -5.13126e-20 0 0 2.691
0 -9.995 4.25547e-37 -5.15714e-20 0 0 2.692
0 -9.995 4.27103e-37 -5.1442e-20 0 0 2.693
0 -9.995 4.28612e-37 -5.15714e-20 0 0 2.694
0 -9.995 4.29965e-37 -5.17008e-20 0 0 2.695
0 -9.995 4.31348e-37 -5.17008e-20 0 0 2.696
0 -9.995 4.32645e-37 -5.1442e-20 0 0 2.697
0 -9.995 4.33987e-37 -5.15714e-20 0 0 2.698
0 -9.995 4.35418e-37 -5.17008e-20 0 0 2.699
0 -9.995 4.36982e-37 -5.17008e-20 0 0 2.7
0 -9.995 4.38574e-37 -5.17008e-20 0 0 2.701
0 -9.995 4.40314e-37 -5.17008e-20 0 0 2.702
0 -9.995 4.42165e-37 -5.17008e-20 0 0 2.703
0 -9.995 4.44065e-37 -5.17008e-20 0 0 2.704
0 -9.995 4.46074e-37 -5.17008e-20 0 0 2.705
0 -9.995 4.48065e-37 -5.18302e-20 0 0 2.706
0 -9.995 4.49896e-37 -5.18302e-20 0 0 2.707
0 -9.995 4.51639e-37 -5.18302e-20 0 0 2.708
0 -9.995 4.53307e-37 -5.18302e-20 0 0 2.709
0 -9.995 4.5497e-37 -5.18302e-20 0 0 2.71
0 -9.995 4.56466e-37 -5.19597e-20 0 0 2.711
0 -9.995 4.57973e-37 -5.20891e-20 0 0 2.712
0 -9.995 4.59264e-37 -5.22185e-20 0 0 2.713
0 -9.995 4.60604e-37 -5.23479e-20 0 0 2.714
0 -9.995 4.61988e-37 -5.24773e-20 0 0 2.715
0 -9.995 4.63377e-37 -5.24773e-20 0 0 2.716
0 -9.995 4.6463e-37 -5.24773e-20 0 0 2.717
0 -9.995 4.6601e-37 -5.26067e-20 0 0 2.718
0 -9.995 4.6747e-37 -5.26067e-20 0 0 2.719
0 -9.995 4.68838e-37 -5.24773e-20 0 0 2.72
0 -9.995 4.70154e-37 -5.26067e-20 0 0 2.721
0 -9.995 4.71468e-37 -5.27362e-20 0 0 2.722
0 -9.995 4.7279e-37 -5.2995e-20 0 0 2.723
0 -9.995 4.74126e-37 -5.28656e-20 0 0 2.724
0 -9.995 4.75506e-37 -5.28656e-20 0 0 2.725
0 -9.995 4.76806e-37 -5.28656e-20 0 0 2.726
0 -9.995 4.78321e-37 -5.2995e-20 0 0 2.727
0 -9.995 4.79881e-37 -5.31244e-20 0 0 2.728
0 -9.995 4.81461e-37 -5.33832e-20 0 0 2.729
0 -9.995 4.83112e-37 -5.35127e-20 0 0 2.73
0 -9.995 4.84783e-37 -5.36421e-20 0 0 2.731
0 -9.995 4.86465e-37 -5.37715e-20 0 0 2.732
0 -9.995 4.88174e-37 -5.39009e-20 0 0 2.733
0 -9.995 4.89867e-37 -5.40303e-20 0 0 2.734
0 -9.995 4.91442e-37 -5.40303e-20 0 0 2.735
0 -9.995 4.9285e-37 -5.40303e-20 0 0 2.736
0 -9.995 4.94064e-37 -5.40303e-20 0 0 2.737
0 -9.995 4.95059e-37 -5.40303e-20 0 0 2.738
0 -9.995 4.9611e-37 -5.41597e-20 0 0 2.739
0 -9.995 4.97408e-37 -5.42892e-20 0 0 2.74
0 -9.995 4.98561e-37 -5.42892e-20 0 0 2.741
0 -9.995 4.99802e-37 -5.42892e-20 0 0 2.742
0 -9.995 5.00997e-37 -5.42892e-20 0 0 2.743
0 -9.995 5.02201e-37 -5.42892e-20 0 0 2.744
0 -9.995 5.03183e-37 -5.42892e-20 0 0 2.745
0 -9.995 5.04092e-37 -5.42892e-20 0 0 2.746
0 -9.995 5.05072e-37 -5.42892e-20 0 0 2.747
0 -9.995 5.05988e-37 -5.42892e-20 0 0 2.748
0 -9.995 5.06891e-37 -5.4548e-20 0 0 2.749
0 -9.995 5.07876e-37 -5.4548e-20 0 0 2.75
0 -9.995 5.08855e-37 -5.4548e-20 0 0 2.751
0 -9.995 5.09762e-37 -5.4548e-20 0 0 2.752
0 -9.995 5.10719e-37 -5.4548e-20 0 0 2.753
0 -9.995 5.11545e-37 -5.46774e-20 0 0 2.754
0 -9.995 5.1236e-37 -5.46774e-20 0 0 2.755
0 -9.995 5.13013e-37 -5.46774e-20 0 0 2.756
0 -9.995 5.13554e-37 -5.46774e-20 0 0 2.757
0 -9.995 5.14214e-37 -5.48068e-20 0 0 2.758
0 -9.995 5.14994e-37 -5.49362e-20 0 0 2.759
0 -9.995 5.15795e-37 -5.49362e-20 0 0 2.76
0 -9.995 5.1659e-37 -5.49362e-20 0 0 2.761
0 -9.995 5.17312e-37 -5.49362e-20 0 0 2.762
0 -9.995 5.18024e-37 -5.49362e-20 0 0 2.763
0 -9.995 5.18796e-37 -5.50657e-20 0 0 2.764
0 -9.995 5.19535e-37 -5.49362e-20 0 0 2.765
0 -9.995 5.20225e-37 -5.48068e-20 0 0 2.766
0 -9.995 5.21023e-37 -5.46774e-20 0 0 2.767
0 -9.995 5.21573e-37 -5.46774e-20 0 0 2.768
0 -9.995 5.22101e-37 -5.46774e-20 0 0 2.769
0 -9.995 5.22524e-37 -5.46774e-20 0 0 2.77
0 -9.995 5.22947e-37 -5.46774e-20 0 0 2.771
0 -9.995 5.23252e-37 -5.46774e-20 0 0 2.772
0 -9.995 5.23731e-37 -5.46774e-20 0 0 2.773
0 -9.995 5.24456e-37 -5.46774e-20 0 0 2.774
0 -9.995 5.2528e-37 -5.46774e-20 0 0 2.775
0 -9.995 5.26052e-37 -5.49362e-20 0 0 2.776
0 -9.995 5.26945e-37 -5.48068e-20 0 0 2.777
0 -9.995 5.27968e-37 -5.48068e-20 0 0 2.778
0 -9.995 5.29095e-37 -5.48068e-20 0 0 2.779
0 -9.995 5.30317e-37 -5.48068e-20 0 0 2.78
0 -9.995 5.31681e-37 -5.48068e-20 0 0 2.781
0 -9.995 5.32998e-37 -5.48068e-20 0 0 2.782
0 -9.995 5.34311e-37 -5.48068e-20 0 0 2.783
0 -9.995 5.35532e-37 -5.48068e-20 0 0 2.784
0 -9.995 5.36712e-37 -5.48068e-20 0 0 2.785
0 -9.995 5.37808e-37 -5.49362e-20 0 0 2.786
0 -9.995 5.38769e-37 -5.50657e-20 0 0 2.787
0 -9.995 5.39987e-37 -5.50657e-20 0 0 2.788
0 -9.995 5.41295e-37 -5.50657e-20 0 0 2.789
0 -9.995 5.42568e-37 -5.50657e-20 0 0 2.79
0 -9.995 5.43876e-37 -5.53245e-20 0 0 2.791
0 -9.995 5.4535e-37 -5.53245e-20 0 0 2.792
0 -9.995 5.46826e-37 -5.54539e-20 0 0 2.793
0 -9.995 5.48307e-37 -5.53245e-20 0 0 2.794
0 -9.995 5.49781e-37 -5.53245e-20 0 0 2.795
0 -9.995 5.5125e-37 -5.53245e-20 0 0 2.796
0 -9.995 5.5254e-37 -5.54539e-20 0 0 2.797
0 -9.995 5.53713e-37 -5.55833e-20 0 0 2.798
0 -9.995 5.54868e-37 -5.57127e-20 0 0 2.799
0 -9.995 5.56137e-37 -5.57127e-20 0 0 2.8
0 -9.995 5.57409e-37 -5.58422e-20 0 0 2.801
0 -9.995 5.58831e-37 -5.59716e-20 0 0 2.802
0 -9.995 5.60251e-37 -5.59716e-20 0 0 2.803
0 -9.995 5.61571e-37 -5.59716e-20 0 0 2.804
0 -9.995 5.62732e-37 -5.59716e-20 0 0 2.805
0 -9.995 5.63681e-37 -5.58422e-20 0 0 2.806
0 -9.995 5.64599e-37 -5.57127e-20 0 0 2.807
0 -9.995 5.6554e-37 -5.57127e-20 0 0 2.808
0 -9.995 5.66676e-37 -5.59716e-20 0 0 2.809
0 -9.995 5.6776e-37 -5.58422e-20 0 0 2.81
0 -9.995 5.68987e-37 -5.58422e-20 0 0 2.811
0 -9.995 5.70257e-37 -5.58422e-20 0 0 2.812
0 -9.995 5.71889e-37 -5.59716e-20 0 0 2.813
0 -9.995 5.73547e-37 -5.59716e-20 0 0 2.814
0 -9.995 5.75315e-37 -5.59716e-20 0 0 2.815
0 -9.995 5.76955e-37 -5.59716e-20 0 0 2.816
0 -9.995 5.78615e-37 -5.59716e-20 0 0 2.817
0 -9.995 5.80254e-37 -5.59716e-20 0 0 2.818
0 -9.995 5.81811e-37 -5.59716e-20 0 0 2.819
0 -9.995 5.83497e-37 -5.58422e-20 0 0 2.82
0 -9.995 5.85287e-37 -5.57127e-20 0 0 2.821
0 -9.995 5.87358e-37 -5.58422e-20 0 0 2.822
0 -9.995 5.89289e-37 -5.57127e-20 0 0 2.823
0 -9.995 5.91392e-37 -5.55833e-20 0 0 2.824
0 -9.995 5.93401e-37 -5.55833e-20 0 0 2.825
0 -9.995 5.95314e-37 -5.55833e-20 0 0 2.826
0 -9.995 5.97272e-37 -5.55833e-20 0 0 2.827
0 -9.995 5.9902e-37 -5.53245e-20 0 0 2.828
0 -9.995 6.00725e-37 -5.51951e-20 0 0 2.829
0 -9.995 6.02559e-37 -5.50657e-20 0 0 2.83
0 -9.995 6.0435e-37 -5.50657e-20 0 0 2.831
0 -9.995 6.06056e-37 -5.53245e-20 0 0 2.832
0 -9.995 6.07576e-37 -5.51951e-20 0 0 2.833
0 -9.995 6.09103e-37 -5.53245e-20 0 0 2.834
0 -9.995 6.10648e-37 -5.54539e-20 0 0 2.835
0 -9.995 6.12236e-37 -5.55833e-20 0 0 2.836
0 -9.995 6.13864e-37 -5.57127e-20 0 0 2.837
0 -9.995 6.15497e-37 -5.58422e-20 0 0 2.838
0 -9.995 6.17043e-37 -5.59716e-20 0 0 2.839
0 -9.995 6.18422e-37 -5.6101e-20 0 0 2.84
0 -9.995 6.19612e-37 -5.6101e-20 0 0 2.841
0 -9.995 6.20702e-37 -5.6101e-20 0 0 2.842
0 -9.995 6.21816e-37 -5.6101e-20 0 0 2.843
0 -9.995 6.22912e-37 -5.6101e-20 0 0 2.844
0 -9.995 6.23972e-37 -5.62304e-20 0 0 2.845
0 -9.995 6.2525e-37 -5.63598e-20 0 0 2.846
0 -9.995 6.26355e-37 -5.64892e-20 0 0 2.847
0 -9.995 6.27618e-37 -5.66187e-20 0 0 2.848
0 -9.995 6.28946e-37 -5.66187e-20 0 0 2.849
0 -9.995 6.30301e-37 -5.66187e-20 0 0 2.85
0 -9.995 6.31632e-37 -5.66187e-20 0 0 2.851
0 -9.995 6.3295e-37 -5.68775e-20 0 0 2.852
0 -9.995 6.34224e-37 -5.70069e-20 0 0 2.853
0 -9.995 6.35629e-37 -5.71363e-20 0 0 2.854
0 -9.995 6.36937e-37 -5.71363e-20 0 0 2.855
0 -9.995 6.38413e-37 -5.71363e-20 0 0 2.856
0 -9.995 6.39982e-37 -5.72658e-20 0 0 2.857
0 -9.995 6.41519e-37 -5.72658e-20 0 0 2.858
0 -9.995 6.43117e-37 -5.72658e-20 0 0 2.859
0 -9.995 6.44607e-37 -5.72658e-20 0 0 2.86
0 -9.995 6.45949e-37 -5.75246e-20 0 0 2.861
0 -9.995 6.47225e-37 -5.75246e-20 0 0 2.862
0 -9.995 6.48512e-37 -5.75246e-20 0 0 2.863
0 -9.995 6.50101e-37 -5.75246e-20 0 0 2.864
0 -9.995 6.51532e-37 -5.7654e-20 0 0 2.865
0 -9.995 6.53248e-37 -5.7654e-20 0 0 2.866
0 -9.995 6.54854e-37 -5.7654e-20 0 0 2.867
0 -9.995 6.56569e-37 -5.7654e-20 0 0 2.868
0 -9.995 6.58236e-37 -5.7654e-20 0 0 2.869
0 -9.995 6.60087e-37 -5.7654e-20 0 0 2.87
0 -9.995 6.61973e-37 -5.7654e-20 0 0 2.871
0 -9.995 6.64147e-37 -5.7654e-20 0 0 2.872
0 -9.995 6.66461e-37 -5.7654e-20 0 0 2.873
0 -9.995 6.68781e-37 -5.73952e-20 0 0 2.874
0 -9.995 6.70913e-37 -5.73952e-20 0 0 2.875
0 -9.995 6.72849e-37 -5.73952e-20 0 0 2.876
0 -9.995 6.74722e-37 -5.73952e-20 0 0 2.877
0 -9.995 6.76665e-37 -5.73952e-20 0 0 2.878
0 -9.995 6.78488e-37 -5.75246e-20 0 0 2.879
0 -9.995 6.80413e-37 -5.75246e-20 0 0 2.88
0 -9.995 6.82124e-37 -5.7654e-20 0 0 2.881
0 -9.995 6.83991e-37 -5.77834e-20 0 0 2.882
0 -9.995 6.85689e-37 -5.79128e-20 0 0 2.883
0 -9.995 6.87364e-37 -5.80423e-20 0 0 2.884
0 -9.995 6.88981e-37 -5.79128e-20 0 0 2.885
0 -9.995 6.90756e-37 -5.77834e-20 0 0 2.886
0 -9.995 6.92525e-37 -5.77834e-20 0 0 2.887
0 -9.995 6.94364e-37 -5.77834e-20 0 0 2.888
0 -9.995 6.96199e-37 -5.79128e-20 0 0 2.889
0 -9.995 6.98125e-37 -5.77834e-20 0 0 2.89
0 -9.995 7.00104e-37 -5.7654e-20 0 0 2.891
0 -9.995 7.02313e-37 -5.7654e-20 0 0 2.892
0 -9.995 7.046e-37 -5.77834e-20 0 0 2.893
0 -9.995 7.06705e-37 -5.79128e-20 0 0 2.894
0 -9.995 7.08742e-37 -5.80423e-20 0 0 2.895
0 -9.995 7.10785e-37 -5.81717e-20 0 0 2.896
0 -9.995 7.12742e-37 -5.83011e-20 0 0 2.897
0 -9.995 7.14631e-37 -5.84305e-20 0 0 2.898
0 -9.995 7.16575e-37 -5.85599e-20 0 0 2.899
0 -9.995 7.1829e-37 -5.85599e-20 0 0 2.9
0 -9.995 7.20034e-37 -5.85599e-20 0 0 2.901
0 -9.995 7.21565e-37 -5.84305e-20 0 0 2.902
0 -9.995 7.23249e-37 -5.86893e-20 0 0 2.903
0 -9.995 7.24819e-37 -5.86893e-20 0 0 2.904
0 -9.995 7.26291e-37 -5.86893e-20 0 0 2.905
0 -9.995 7.27868e-37 -5.86893e-20 0 0 2.906
0 -9.995 7.29607e-37 -5.86893e-20 0 0 2.907
0 -9.995 7.31512e-37 -5.88188e-20 0 0 2.908
0 -9.995 7.33269e-37 -5.89482e-20 0 0 2.909
0 -9.995 7.34934e-37 -5.9207e-20 0 0 2.91
0 -9.995 7.36822e-37 -5.9207e-20 0 0 2.911
0 -9.995 7.38797e-37 -5.94658e-20 0 0 2.912
0 -9.995 7.40986e-37 -5.95953e-20 0 0 2.913
0 -9.995 7.43171e-37 -5.97247e-20 0 0 2.914
0 -9.995 7.45421e-37 -5.98541e-20 0 0 2.915
0 -9.995 7.47676e-37 -5.99835e-20 0 0 2.916
0 -9.995 7.49721e-37 -5.98541e-20 0 0 2.917
0 -9.995 7.52015e-37 -5.98541e-20 0 0 2.918
0 -9.995 7.54236e-37 -5.98541e-20 0 0 2.919
0 -9.995 7.56658e-37 -5.98541e-20 0 0 2.92
0 -9.995 7.58899e-37 -5.98541e-20 0 0 2.921
0 -9.995 7.61201e-37 -6.01129e-20 0 0 2.922
0 -9.995 7.63389e-37 -6.02423e-20 0 0 2.923
0 -9.995 7.65698e-37 -5.99835e-20 0 0 2.924
0 -9.995 7.67858e-37 -5.99835e-20 0 0 2.925
0 -9.995 7.70042e-37 -5.99835e-20 0 0 2.926
0 -9.995 7.72235e-37 -5.99835e-20 0 0 2.927
0 -9.995 7.74586e-37 -6.01129e-20 0 0 2.928
0 -9.995 7.76763e-37 -6.02423e-20 0 0 2.929
0 -9.995 7.79018e-37 -6.02423e-20 0 0 2.93
0 -9.995 7.81167e-37 -6.03718e-20 0 0 2.931
0 -9.995 7.83352e-37 -6.05012e-20 0 0 2.932
0 -9.995 7.85711e-37 -6.05012e-20 0 0 2.933
0 -9.995 7.881e-37 -6.05012e-20 0 0 2.934
0 -9.995 7.90633e-37 -6.05012e-20 0 0 2.935
0 -9.995 7.92883e-37 -6.06306e-20 0 0 2.936
0 -9.995 7.95077e-37 -6.06306e-20 0 0 2.937
0 -9.995 7.97067e-37 -6.08894e-20 0 0 2.938
0 -9.995 7.99119e-37 -6.10188e-20 0 0 2.939
0 -9.995 8.01171e-37 -6.11483e-20 0 0 2.94
0 -9.995 8.0331e-37 -6.10188e-20 0 0 2.941
0 -9.995 8.05479e-37 -6.10188e-20 0 0 2.942
0 -9.995 8.07641e-37 -6.10188e-20 0 0 2.943
0 -9.995 8.09481e-37 -6.10188e-20 0 0 2.944
0 -9.995 8.11644e-37 -6.076e-20 0 0 2.945
0 -9.995 8.13888e-37 -6.08894e-20 0 0 2.946
0 -9.995 8.16283e-37 -6.08894e-20 0 0 2.947
0 -9.995 8.18772e-37 -6.10188e-20 0 0 2.948
0 -9.995 8.2115e-37 -6.11483e-20 0 0 2.949
0 -9.995 8.23467e-37 -6.12777e-20 0 0 2.95
0 -9.995 8.25771e-37 -6.16659e-20 0 0 2.951
0 -9.995 8.27885e-37 -6.17953e-20 0 0 2.952
0 -9.995 8.30004e-37 -6.19248e-20 0 0 2.953
0 -9.995 8.32094e-37 -6.17953e-20 0 0 2.954
0 -9.995 8.33904e-37 -6.16659e-20 0 0 2.955
0 -9.995 8.35886e-37 -6.16659e-20 0 0 2.956
0 -9.995 8.3796e-37 -6.16659e-20 0 0 2.957
0 -9.995 8.39834e-37 -6.15365e-20 0 0 2.958
0 -9.995 8.41545e-37 -6.15365e-20 0 0 2.959
0 -9.995 8.4321e-37 -6.15365e-20 0 0 2.96
0 -9.995 8.45077e-37 -6.15365e-20 0 0 2.961
0 -9.995 8.4662e-37 -6.17953e-20 0 0 2.962
0 -9.995 8.48276e-37 -6.17953e-20 0 0 2.963
0 -9.995 8.499e-37 -6.17953e-20 0 0 2.964
0 -9.995 8.51834e-37 -6.17953e-20 0 0 2.965
0 -9.995 8.53637e-37 -6.17953e-20 0 0 2.966
0 -9.995 8.55595e-37 -6.17953e-20 0 0 2.967
0 -9.995 8.57268e-37 -6.17953e-20 0 0 2.968
0 -9.995 8.58726e-37 -6.17953e-20 0 0 2.969
0 -9.995 8.60335e-37 -6.17953e-20 0 0 2.97
0 -9.995 8.6203e-37 -6.17953e-20 0 0 2.971
0 -9.995 8.638e-37 -6.17953e-20 0 0 2.972
0 -9.995 8.65634e-37 -6.19248e-20 0 0 2.973
0 -9.995 8.67749e-37 -6.20542e-20 0 0 2.974
0 -9.995 8.69741e-37 -6.20542e-20 0 0 2.975
0 -9.995 8.71777e-37 -6.20542e-20 0 0 2.976
0 -9.995 8.7353e-37 -6.20542e-20 0 0 2.977
0 -9.995 8.75213e-37 -6.20542e-20 0 0 2.978
0 -9.995 8.76984e-37 -6.20542e-20 0 0 2.979
0 -9.995 8.78759e-37 -6.20542e-20 0 0 2.98
0 -9.995 8.80405e-37 -6.20542e-20 0 0 2.981
0 -9.995 8.82001e-37 -6.20542e-20 0 0 2.982
0 -9.995 8.83766e-37 -6.2313e-20 0 0 2.983
0 -9.995 8.85568e-37 -6.2313e-20 0 0 2.984
0 -9.995 8.87493e-37 -6.2313e-20 0 0 2.985
0 -9.995 8.89388e-37 -6.21836e-20 0 0 2.986
0 -9.995 8.91193e-37 -6.2313e-20 0 0 2.987
0 -9.995 8.92895e-37 -6.2313e-20 0 0 2.988
0 -9.995 8.94767e-37 -6.2313e-20 0 0 2.989
0 -9.995 8.96635e-37 -6.2313e-20 0 0 2.99
0 -9.995 8.9847e-37 -6.2313e-20 0 0 2.991
0 -9.995 9.00314e-37 -6.2313e-20 0 0 2.992
0 -9.995 9.02082e-37 -6.2313e-20 0 0 2.993
0 -9.995 9.03815e-37 -6.2313e-20 0 0 2.994
0 -9.995 9.05571e-37 -6.2313e-20 0 0 2.995
0 -9.995 9.07272e-37 -6.2313e-20 0 0 2.996
0 -9.995 9.08882e-37 -6.2313e-20 0 0 2.997
0 -9.995 9.104e-37 -6.2313e-20 0 0 2.998
0 -9.995 9.12108e-37 -6.25719e-20 0 0 2.999
0 -9.995 9.13635e-37 -6.25719e-20 0 0 3
0 -9.995 9.15203e-37 -6.27013e-20 0 0 3.001
