0 15 0 0 0 0 0.1
0 14.9019 0 0 0 0 0.2
0 14.7057 0 0 0 0 0.3
0 14.4114 0 0 0 0 0.4
0 14.019 0 0 0 0 0.5
0 13.5285 0 0 0 0 0.6
0 12.9399 0 0 0 0 0.7
0 12.2532 0 0 0 0 0.8
0 11.4684 0 0 0 0 0.9
0 10.5855 0 0 0 0 1
0 9.6045 0 0 0 0 1.1
0 8.5254 0 0 0 0 1.2
0 7.3482 0 0 0 0 1.3
0 6.0729 0 0 0 0 1.4
0 4.6995 0 0 0 0 1.5
0 3.228 0 0 0 0 1.6
0 1.6584 0 0 0 0 1.7
0 -0.0093 0 0 0 0 1.8
0 -1.7751 0 0 0 0 1.9
0 -3.639 0 0 0 0 2
0 -5.601 0 0 0 0 2.1
0 -7.6611 0 0 0 0 2.2
0 -9.8193 0 0 0 0 2.3
0 -12.0756 0 0 0 0 2.4
0 -9.99292 0 6.62615e-18 0 0 2.5
0 -10.0889 0 -1.98785e-17 0 0 2.6
0 -9.99491 -7.24029e-34 -1.82219e-17 0 0 2.7
0 -10.0929 -6.77686e-34 -1.65654e-17 0 0 2.8
0 -9.9949 -1.14352e-33 -1.65654e-17 0 0 2.9
0 -10.0929 -1.60935e-33 -1.65654e-17 0 0 3
