0.01 5.07237
0.02 5.07182
0.03 5.0707
0.04 5.06902
0.05 5.06678
0.06 5.06397
0.07 5.06061
0.08 5.05668
0.09 5.0522
0.1 5.04715
0.11 5.04155
0.12 5.0354
0.13 5.02868
0.14 5.02142
0.15 5.0136
0.16 5.00523
0.17 4.99631
0.18 4.98684
0.19 4.97683
0.2 4.96628
0.21 4.95518
0.22 4.94354
0.23 4.93137
0.24 4.91867
0.25 4.90543
0.26 4.89167
0.27 4.87737
0.28 4.86256
0.29 4.84722
0.3 4.83137
0.31 4.81501
0.32 4.79813
0.33 4.78075
0.34 4.76287
0.35 4.74449
0.36 4.72561
0.37 4.70624
0.38 4.68638
0.39 4.66604
0.4 4.64522
0.41 4.62393
0.42 4.60217
0.43 4.57994
0.44 4.55725
0.45 4.53411
0.46 4.51052
0.47 4.48648
0.48 4.462
0.49 4.43708
0.5 4.41174
0.51 4.38597
0.52 4.35979
0.53 4.33319
0.54 4.30618
0.55 4.27878
0.56 4.25098
0.57 4.22279
0.58 4.19422
0.59 4.16528
0.6 4.13597
0.61 4.10629
0.62 4.07626
0.63 4.04588
0.64 4.01516
0.65 3.98411
0.66 3.95273
0.67 3.92102
0.68 3.88901
0.69 3.85669
0.7 3.82408
0.71 3.79118
0.72 3.75799
0.73 3.72454
0.74 3.69082
0.75 3.65684
0.76 3.62261
0.77 3.58815
0.78 3.55345
0.79 3.51853
0.8 3.4834
0.81 3.44806
0.82 3.41253
0.83 3.37681
0.84 3.34091
0.85 3.30485
0.86 3.26863
0.87 3.23226
0.88 3.19575
0.89 3.15912
0.9 3.12236
0.91 3.0855
0.92 3.04853
0.93 3.01148
0.94 2.97436
0.95 2.93716
0.96 2.89991
0.97 2.86261
0.98 2.82528
0.99 2.78792
1 2.75055
1.01 2.71318
1.02 2.67582
1.03 2.63848
1.04 2.60118
1.05 2.56391
1.06 2.52671
1.07 2.48957
1.08 2.45251
1.09 2.41555
1.1 2.37869
1.11 2.34194
1.12 2.30533
1.13 2.26886
1.14 2.23254
1.15 2.19639
1.16 2.16042
1.17 2.12465
1.18 2.08908
1.19 2.05373
1.2 2.01861
1.21 1.98374
1.22 1.94914
1.23 1.9148
1.24 1.88075
1.25 1.84701
1.26 1.81358
1.27 1.78048
1.28 1.74773
1.29 1.71533
1.3 1.68331
1.31 1.65168
1.32 1.62044
1.33 1.58963
1.34 1.55925
1.35 1.52931
1.36 1.49984
1.37 1.47085
1.38 1.44235
1.39 1.41436
1.4 1.38689
1.41 1.35997
1.42 1.3336
1.43 1.3078
1.44 1.28259
1.45 1.25799
1.46 1.234
1.47 1.21066
1.48 1.18797
1.49 1.16595
1.5 1.14461
1.51 1.12398
1.52 1.10407
1.53 1.0849
1.54 1.06649
1.55 1.04885
1.56 1.032
1.57 1.01595
1.58 1.00074
1.59 0.986361
1.6 0.972849
1.61 0.960216
1.62 0.94848
1.63 0.93766
1.64 0.927775
1.65 0.918842
1.66 0.91088
1.67 0.903908
1.68 0.897945
1.69 0.89301
1.7 0.889121
1.71 0.886299
1.72 0.884561
1.73 0.883928
1.74 0.88442
1.75 0.886055
1.76 0.888853
1.77 0.892835
1.78 0.898019
1.79 0.904428
1.8 0.912079
1.81 0.920994
1.82 0.931194
1.83 0.942698
1.84 0.955528
1.85 0.969703
1.86 0.985246
1.87 1.00218
1.88 1.02052
1.89 1.04029
1.9 1.06151
1.91 1.0842
1.92 1.10839
1.93 1.13409
1.94 1.16134
1.95 1.19014
1.96 1.22052
1.97 1.25251
1.98 1.28612
1.99 1.32139
2 1.35832
2.01 0.000412962
2.02 0.000329077
2.03 0.000236798
2.04 0.00016668
2.05 0.000120814
2.06 6.33234e-05
2.07 3.79612e-05
2.08 9.04388e-06
2.09 2.84035e-07
2.1 3.7701e-06
2.11 1.95045e-05
2.12 4.53261e-05
2.13 8.77488e-05
2.14 0.000134047
2.15 0.000205079
2.16 0.000271895
2.17 0.000371633
2.18 0.000459023
2.19 0.000587599
2.2 0.000695639
2.21 0.000853225
2.22 0.000982011
2.23 0.00116881
2.24 0.00131846
2.25 0.00153473
2.26 0.00170538
2.27 0.0019514
2.28 0.0021432
2.29 0.00241929
2.3 0.00263244
2.31 0.00293896
2.32 0.00317365
2.33 0.00351102
2.34 0.00376746
2.35 0.00413612
2.36 0.00441457
2.37 0.004815
2.38 0.00511573
2.39 0.00554847
2.4 0.00587176
2.41 0.00633738
2.42 0.00668356
2.43 0.0071827
2.44 0.0075521
2.45 0.00808541
2.46 0.00847841
2.47 0.00904662
2.48 0.0094636
2.49 0.0100675
2.5 0.0105089
2.51 0.0111493
2.52 0.0116155
2.53 0.0122933
2.54 0.0127848
2.55 0.0135009
2.56 0.0140183
2.57 0.0147738
2.58 0.0153175
2.59 0.0161134
2.6 0.0166841
2.61 0.0175214
2.62 0.0181197
2.63 0.0189998
2.64 0.0196262
2.65 0.0205504
2.66 0.0212056
2.67 0.0221752
2.68 0.02286
2.69 0.0238764
2.7 0.0245915
2.71 0.0256562
2.72 0.0264025
2.73 0.0275172
2.74 0.0282954
2.75 0.0294619
2.76 0.0302728
2.77 0.0314929
2.78 0.0323376
2.79 0.0336132
2.8 0.0344926
2.81 0.0358258
2.82 0.036741
2.83 0.038134
2.84 0.0390859
2.85 0.0405411
2.86 0.041531
2.87 0.0430509
2.88 0.0440799
2.89 0.0456671
2.9 0.0467365
2.91 0.0483938
2.92 0.049505
2.93 0.0512355
2.94 0.0523897
2.95 0.0541966
2.96 0.0553954
2.97 0.0572822
2.98 0.0585271
2.99 0.0604974
3 0.06179
3.01 0.0638478
