0.001 5.07236
0.002 5.07236
0.003 5.07235
0.004 5.07233
0.005 5.07231
0.006 5.07228
0.007 5.07225
0.008 5.07221
0.009 5.07216
0.01 5.07211
0.011 5.07205
0.012 5.07199
0.013 5.07193
0.014 5.07185
0.015 5.07177
0.016 5.07169
0.017 5.0716
0.018 5.0715
0.019 5.0714
0.02 5.0713
0.021 5.07118
0.022 5.07107
0.023 5.07094
0.024 5.07081
0.025 5.07068
0.026 5.07054
0.027 5.07039
0.028 5.07024
0.029 5.07008
0.03 5.06992
0.031 5.06975
0.032 5.06957
0.033 5.0694
0.034 5.06921
0.035 5.06902
0.036 5.06882
0.037 5.06862
0.038 5.06841
0.039 5.0682
0.04 5.06798
0.041 5.06775
0.042 5.06752
0.043 5.06729
0.044 5.06704
0.045 5.0668
0.046 5.06654
0.047 5.06629
0.048 5.06602
0.049 5.06575
0.05 5.06548
0.051 5.0652
0.052 5.06491
0.053 5.06462
0.054 5.06432
0.055 5.06401
0.056 5.06371
0.057 5.06339
0.058 5.06307
0.059 5.06274
0.06 5.06241
0.061 5.06208
0.062 5.06173
0.063 5.06138
0.064 5.06103
0.065 5.06067
0.066 5.06031
0.067 5.05994
0.068 5.05956
0.069 5.05918
0.07 5.05879
0.071 5.0584
0.072 5.058
0.073 5.05759
0.074 5.05718
0.075 5.05677
0.076 5.05635
0.077 5.05592
0.078 5.05549
0.079 5.05505
0.08 5.05461
0.081 5.05416
0.082 5.0537
0.083 5.05324
0.084 5.05278
0.085 5.0523
0.086 5.05183
0.087 5.05134
0.088 5.05086
0.089 5.05036
0.09 5.04986
0.091 5.04936
0.092 5.04885
0.093 5.04833
0.094 5.04781
0.095 5.04728
0.096 5.04675
0.097 5.04621
0.098 5.04567
0.099 5.04512
0.1 5.04456
0.101 5.044
0.102 5.04343
0.103 5.04286
0.104 5.04228
0.105 5.0417
0.106 5.04111
0.107 5.04052
0.108 5.03992
0.109 5.03931
0.11 5.0387
0.111 5.03809
0.112 5.03746
0.113 5.03684
0.114 5.0362
0.115 5.03557
0.116 5.03492
0.117 5.03427
0.118 5.03362
0.119 5.03296
0.12 5.03229
0.121 5.03162
0.122 5.03094
0.123 5.03026
0.124 5.02957
0.125 5.02887
0.126 5.02817
0.127 5.02747
0.128 5.02676
0.129 5.02604
0.13 5.02532
0.131 5.02459
0.132 5.02386
0.133 5.02312
0.134 5.02238
0.135 5.02163
0.136 5.02087
0.137 5.02011
0.138 5.01935
0.139 5.01858
0.14 5.0178
0.141 5.01702
0.142 5.01623
0.143 5.01543
0.144 5.01463
0.145 5.01383
0.146 5.01302
0.147 5.0122
0.148 5.01138
0.149 5.01056
0.15 5.00972
0.151 5.00889
0.152 5.00804
0.153 5.00719
0.154 5.00634
0.155 5.00548
0.156 5.00462
0.157 5.00375
0.158 5.00287
0.159 5.00199
0.16 5.0011
0.161 5.00021
0.162 4.99931
0.163 4.99841
0.164 4.9975
0.165 4.99658
0.166 4.99566
0.167 4.99474
0.168 4.99381
0.169 4.99287
0.17 4.99193
0.171 4.99098
0.172 4.99003
0.173 4.98907
0.174 4.98811
0.175 4.98714
0.176 4.98616
0.177 4.98518
0.178 4.9842
0.179 4.98321
0.18 4.98221
0.181 4.98121
0.182 4.9802
0.183 4.97919
0.184 4.97817
0.185 4.97715
0.186 4.97612
0.187 4.97508
0.188 4.97404
0.189 4.973
0.19 4.97195
0.191 4.97089
0.192 4.96983
0.193 4.96876
0.194 4.96769
0.195 4.96661
0.196 4.96553
0.197 4.96444
0.198 4.96335
0.199 4.96225
0.2 4.96114
0.201 4.96003
0.202 4.95892
0.203 4.95779
0.204 4.95667
0.205 4.95554
0.206 4.9544
0.207 4.95326
0.208 4.95211
0.209 4.95095
0.21 4.9498
0.211 4.94863
0.212 4.94746
0.213 4.94629
0.214 4.94511
0.215 4.94392
0.216 4.94273
0.217 4.94153
0.218 4.94033
0.219 4.93912
0.22 4.93791
0.221 4.93669
0.222 4.93547
0.223 4.93424
0.224 4.93301
0.225 4.93177
0.226 4.93053
0.227 4.92928
0.228 4.92802
0.229 4.92676
0.23 4.92549
0.231 4.92422
0.232 4.92295
0.233 4.92166
0.234 4.92038
0.235 4.91908
0.236 4.91779
0.237 4.91648
0.238 4.91517
0.239 4.91386
0.24 4.91254
0.241 4.91122
0.242 4.90989
0.243 4.90855
0.244 4.90721
0.245 4.90587
0.246 4.90452
0.247 4.90316
0.248 4.9018
0.249 4.90043
0.25 4.89906
0.251 4.89768
0.252 4.8963
0.253 4.89491
0.254 4.89352
0.255 4.89212
0.256 4.89072
0.257 4.88931
0.258 4.88789
0.259 4.88648
0.26 4.88505
0.261 4.88362
0.262 4.88219
0.263 4.88075
0.264 4.8793
0.265 4.87785
0.266 4.87639
0.267 4.87493
0.268 4.87347
0.269 4.87199
0.27 4.87052
0.271 4.86903
0.272 4.86755
0.273 4.86605
0.274 4.86456
0.275 4.86305
0.276 4.86155
0.277 4.86003
0.278 4.85851
0.279 4.85699
0.28 4.85546
0.281 4.85393
0.282 4.85239
0.283 4.85084
0.284 4.84929
0.285 4.84774
0.286 4.84618
0.287 4.84461
0.288 4.84304
0.289 4.84147
0.29 4.83989
0.291 4.8383
0.292 4.83671
0.293 4.83511
0.294 4.83351
0.295 4.83191
0.296 4.8303
0.297 4.82868
0.298 4.82706
0.299 4.82543
0.3 4.8238
0.301 4.82216
0.302 4.82052
0.303 4.81887
0.304 4.81722
0.305 4.81556
0.306 4.8139
0.307 4.81223
0.308 4.81056
0.309 4.80888
0.31 4.8072
0.311 4.80551
0.312 4.80382
0.313 4.80212
0.314 4.80041
0.315 4.79871
0.316 4.79699
0.317 4.79527
0.318 4.79355
0.319 4.79182
0.32 4.79009
0.321 4.78835
0.322 4.7866
0.323 4.78486
0.324 4.7831
0.325 4.78134
0.326 4.77958
0.327 4.77781
0.328 4.77604
0.329 4.77426
0.33 4.77247
0.331 4.77068
0.332 4.76889
0.333 4.76709
0.334 4.76529
0.335 4.76348
0.336 4.76166
0.337 4.75984
0.338 4.75802
0.339 4.75619
0.34 4.75436
0.341 4.75252
0.342 4.75067
0.343 4.74883
0.344 4.74697
0.345 4.74511
0.346 4.74325
0.347 4.74138
0.348 4.73951
0.349 4.73763
0.35 4.73574
0.351 4.73386
0.352 4.73196
0.353 4.73006
0.354 4.72816
0.355 4.72625
0.356 4.72434
0.357 4.72242
0.358 4.7205
0.359 4.71857
0.36 4.71664
0.361 4.7147
0.362 4.71276
0.363 4.71081
0.364 4.70886
0.365 4.7069
0.366 4.70494
0.367 4.70297
0.368 4.701
0.369 4.69902
0.37 4.69704
0.371 4.69506
0.372 4.69306
0.373 4.69107
0.374 4.68907
0.375 4.68706
0.376 4.68505
0.377 4.68304
0.378 4.68102
0.379 4.67899
0.38 4.67696
0.381 4.67493
0.382 4.67289
0.383 4.67084
0.384 4.66879
0.385 4.66674
0.386 4.66468
0.387 4.66262
0.388 4.66055
0.389 4.65848
0.39 4.6564
0.391 4.65432
0.392 4.65223
0.393 4.65014
0.394 4.64804
0.395 4.64594
0.396 4.64383
0.397 4.64172
0.398 4.63961
0.399 4.63749
0.4 4.63536
0.401 4.63323
0.402 4.6311
0.403 4.62896
0.404 4.62681
0.405 4.62466
0.406 4.62251
0.407 4.62035
0.408 4.61819
0.409 4.61602
0.41 4.61385
0.411 4.61167
0.412 4.60949
0.413 4.6073
0.414 4.60511
0.415 4.60292
0.416 4.60072
0.417 4.59851
0.418 4.5963
0.419 4.59409
0.42 4.59187
0.421 4.58965
0.422 4.58742
0.423 4.58519
0.424 4.58295
0.425 4.58071
0.426 4.57846
0.427 4.57621
0.428 4.57395
0.429 4.57169
0.43 4.56943
0.431 4.56716
0.432 4.56488
0.433 4.56261
0.434 4.56032
0.435 4.55803
0.436 4.55574
0.437 4.55345
0.438 4.55114
0.439 4.54884
0.44 4.54653
0.441 4.54421
0.442 4.54189
0.443 4.53957
0.444 4.53724
0.445 4.53491
0.446 4.53257
0.447 4.53023
0.448 4.52788
0.449 4.52553
0.45 4.52317
0.451 4.52081
0.452 4.51845
0.453 4.51608
0.454 4.51371
0.455 4.51133
0.456 4.50895
0.457 4.50656
0.458 4.50417
0.459 4.50177
0.46 4.49937
0.461 4.49697
0.462 4.49456
0.463 4.49215
0.464 4.48973
0.465 4.48731
0.466 4.48488
0.467 4.48245
0.468 4.48001
0.469 4.47757
0.47 4.47513
0.471 4.47268
0.472 4.47023
0.473 4.46777
0.474 4.46531
0.475 4.46284
0.476 4.46037
0.477 4.4579
0.478 4.45542
0.479 4.45293
0.48 4.45045
0.481 4.44795
0.482 4.44546
0.483 4.44296
0.484 4.44045
0.485 4.43794
0.486 4.43543
0.487 4.43291
0.488 4.43039
0.489 4.42786
0.49 4.42533
0.491 4.4228
0.492 4.42026
0.493 4.41771
0.494 4.41517
0.495 4.41261
0.496 4.41006
0.497 4.4075
0.498 4.40493
0.499 4.40236
0.5 4.39979
0.501 4.39721
0.502 4.39463
0.503 4.39204
0.504 4.38945
0.505 4.38686
0.506 4.38426
0.507 4.38166
0.508 4.37905
0.509 4.37644
0.51 4.37383
0.511 4.37121
0.512 4.36858
0.513 4.36596
0.514 4.36333
0.515 4.36069
0.516 4.35805
0.517 4.35541
0.518 4.35276
0.519 4.3501
0.52 4.34745
0.521 4.34479
0.522 4.34212
0.523 4.33945
0.524 4.33678
0.525 4.33411
0.526 4.33142
0.527 4.32874
0.528 4.32605
0.529 4.32336
0.53 4.32066
0.531 4.31796
0.532 4.31525
0.533 4.31254
0.534 4.30983
0.535 4.30711
0.536 4.30439
0.537 4.30167
0.538 4.29894
0.539 4.29621
0.54 4.29347
0.541 4.29073
0.542 4.28798
0.543 4.28523
0.544 4.28248
0.545 4.27972
0.546 4.27696
0.547 4.2742
0.548 4.27143
0.549 4.26866
0.55 4.26588
0.551 4.2631
0.552 4.26031
0.553 4.25752
0.554 4.25473
0.555 4.25194
0.556 4.24914
0.557 4.24633
0.558 4.24352
0.559 4.24071
0.56 4.2379
0.561 4.23508
0.562 4.23225
0.563 4.22943
0.564 4.2266
0.565 4.22376
0.566 4.22092
0.567 4.21808
0.568 4.21523
0.569 4.21238
0.57 4.20953
0.571 4.20667
0.572 4.20381
0.573 4.20095
0.574 4.19808
0.575 4.1952
0.576 4.19233
0.577 4.18945
0.578 4.18656
0.579 4.18368
0.58 4.18079
0.581 4.17789
0.582 4.17499
0.583 4.17209
0.584 4.16918
0.585 4.16627
0.586 4.16336
0.587 4.16044
0.588 4.15752
0.589 4.1546
0.59 4.15167
0.591 4.14874
0.592 4.1458
0.593 4.14286
0.594 4.13992
0.595 4.13697
0.596 4.13402
0.597 4.13107
0.598 4.12811
0.599 4.12515
0.6 4.12218
0.601 4.11922
0.602 4.11624
0.603 4.11327
0.604 4.11029
0.605 4.10731
0.606 4.10432
0.607 4.10133
0.608 4.09834
0.609 4.09534
0.61 4.09234
0.611 4.08934
0.612 4.08633
0.613 4.08332
0.614 4.08031
0.615 4.07729
0.616 4.07427
0.617 4.07124
0.618 4.06821
0.619 4.06518
0.62 4.06215
0.621 4.05911
0.622 4.05607
0.623 4.05302
0.624 4.04997
0.625 4.04692
0.626 4.04386
0.627 4.0408
0.628 4.03774
0.629 4.03468
0.63 4.03161
0.631 4.02853
0.632 4.02546
0.633 4.02238
0.634 4.0193
0.635 4.01621
0.636 4.01312
0.637 4.01003
0.638 4.00693
0.639 4.00383
0.64 4.00073
0.641 3.99762
0.642 3.99451
0.643 3.9914
0.644 3.98828
0.645 3.98517
0.646 3.98204
0.647 3.97892
0.648 3.97579
0.649 3.97266
0.65 3.96952
0.651 3.96638
0.652 3.96324
0.653 3.96009
0.654 3.95695
0.655 3.95379
0.656 3.95064
0.657 3.94748
0.658 3.94432
0.659 3.94115
0.66 3.93799
0.661 3.93482
0.662 3.93164
0.663 3.92847
0.664 3.92529
0.665 3.9221
0.666 3.91892
0.667 3.91573
0.668 3.91253
0.669 3.90934
0.67 3.90614
0.671 3.90294
0.672 3.89973
0.673 3.89652
0.674 3.89331
0.675 3.8901
0.676 3.88688
0.677 3.88366
0.678 3.88044
0.679 3.87721
0.68 3.87398
0.681 3.87075
0.682 3.86751
0.683 3.86428
0.684 3.86103
0.685 3.85779
0.686 3.85454
0.687 3.85129
0.688 3.84804
0.689 3.84478
0.69 3.84152
0.691 3.83826
0.692 3.835
0.693 3.83173
0.694 3.82846
0.695 3.82518
0.696 3.82191
0.697 3.81863
0.698 3.81535
0.699 3.81206
0.7 3.80877
0.701 3.80548
0.702 3.80219
0.703 3.79889
0.704 3.79559
0.705 3.79229
0.706 3.78898
0.707 3.78568
0.708 3.78236
0.709 3.77905
0.71 3.77573
0.711 3.77242
0.712 3.76909
0.713 3.76577
0.714 3.76244
0.715 3.75911
0.716 3.75578
0.717 3.75244
0.718 3.74911
0.719 3.74576
0.72 3.74242
0.721 3.73907
0.722 3.73573
0.723 3.73237
0.724 3.72902
0.725 3.72566
0.726 3.7223
0.727 3.71894
0.728 3.71558
0.729 3.71221
0.73 3.70884
0.731 3.70546
0.732 3.70209
0.733 3.69871
0.734 3.69533
0.735 3.69195
0.736 3.68856
0.737 3.68517
0.738 3.68178
0.739 3.67839
0.74 3.67499
0.741 3.67159
0.742 3.66819
0.743 3.66479
0.744 3.66138
0.745 3.65798
0.746 3.65456
0.747 3.65115
0.748 3.64773
0.749 3.64432
0.75 3.6409
0.751 3.63747
0.752 3.63405
0.753 3.63062
0.754 3.62719
0.755 3.62375
0.756 3.62032
0.757 3.61688
0.758 3.61344
0.759 3.61
0.76 3.60655
0.761 3.60311
0.762 3.59966
0.763 3.5962
0.764 3.59275
0.765 3.58929
0.766 3.58584
0.767 3.58237
0.768 3.57891
0.769 3.57544
0.77 3.57198
0.771 3.56851
0.772 3.56503
0.773 3.56156
0.774 3.55808
0.775 3.5546
0.776 3.55112
0.777 3.54764
0.778 3.54415
0.779 3.54066
0.78 3.53717
0.781 3.53368
0.782 3.53018
0.783 3.52669
0.784 3.52319
0.785 3.51969
0.786 3.51618
0.787 3.51268
0.788 3.50917
0.789 3.50566
0.79 3.50215
0.791 3.49864
0.792 3.49512
0.793 3.4916
0.794 3.48808
0.795 3.48456
0.796 3.48103
0.797 3.47751
0.798 3.47398
0.799 3.47045
0.8 3.46692
0.801 3.46338
0.802 3.45985
0.803 3.45631
0.804 3.45277
0.805 3.44923
0.806 3.44568
0.807 3.44214
0.808 3.43859
0.809 3.43504
0.81 3.43149
0.811 3.42793
0.812 3.42438
0.813 3.42082
0.814 3.41726
0.815 3.4137
0.816 3.41013
0.817 3.40657
0.818 3.403
0.819 3.39943
0.82 3.39586
0.821 3.39229
0.822 3.38871
0.823 3.38514
0.824 3.38156
0.825 3.37798
0.826 3.3744
0.827 3.37082
0.828 3.36723
0.829 3.36364
0.83 3.36006
0.831 3.35647
0.832 3.35287
0.833 3.34928
0.834 3.34568
0.835 3.34209
0.836 3.33849
0.837 3.33489
0.838 3.33129
0.839 3.32768
0.84 3.32408
0.841 3.32047
0.842 3.31686
0.843 3.31325
0.844 3.30964
0.845 3.30603
0.846 3.30241
0.847 3.29879
0.848 3.29518
0.849 3.29156
0.85 3.28794
0.851 3.28431
0.852 3.28069
0.853 3.27706
0.854 3.27344
0.855 3.26981
0.856 3.26618
0.857 3.26254
0.858 3.25891
0.859 3.25528
0.86 3.25164
0.861 3.248
0.862 3.24436
0.863 3.24072
0.864 3.23708
0.865 3.23344
0.866 3.22979
0.867 3.22615
0.868 3.2225
0.869 3.21885
0.87 3.2152
0.871 3.21155
0.872 3.2079
0.873 3.20424
0.874 3.20059
0.875 3.19693
0.876 3.19327
0.877 3.18961
0.878 3.18595
0.879 3.18229
0.88 3.17863
0.881 3.17496
0.882 3.1713
0.883 3.16763
0.884 3.16396
0.885 3.16029
0.886 3.15662
0.887 3.15295
0.888 3.14928
0.889 3.14561
0.89 3.14193
0.891 3.13825
0.892 3.13458
0.893 3.1309
0.894 3.12722
0.895 3.12354
0.896 3.11986
0.897 3.11617
0.898 3.11249
0.899 3.1088
0.9 3.10512
0.901 3.10143
0.902 3.09774
0.903 3.09405
0.904 3.09036
0.905 3.08667
0.906 3.08298
0.907 3.07929
0.908 3.07559
0.909 3.0719
0.91 3.0682
0.911 3.06451
0.912 3.06081
0.913 3.05711
0.914 3.05341
0.915 3.04971
0.916 3.04601
0.917 3.04231
0.918 3.0386
0.919 3.0349
0.92 3.03119
0.921 3.02749
0.922 3.02378
0.923 3.02007
0.924 3.01637
0.925 3.01266
0.926 3.00895
0.927 3.00524
0.928 3.00152
0.929 2.99781
0.93 2.9941
0.931 2.99039
0.932 2.98667
0.933 2.98296
0.934 2.97924
0.935 2.97553
0.936 2.97181
0.937 2.96809
0.938 2.96437
0.939 2.96065
0.94 2.95693
0.941 2.95321
0.942 2.94949
0.943 2.94577
0.944 2.94205
0.945 2.93833
0.946 2.9346
0.947 2.93088
0.948 2.92716
0.949 2.92343
0.95 2.91971
0.951 2.91598
0.952 2.91225
0.953 2.90853
0.954 2.9048
0.955 2.90107
0.956 2.89734
0.957 2.89361
0.958 2.88988
0.959 2.88616
0.96 2.88243
0.961 2.87869
0.962 2.87496
0.963 2.87123
0.964 2.8675
0.965 2.86377
0.966 2.86004
0.967 2.8563
0.968 2.85257
0.969 2.84884
0.97 2.8451
0.971 2.84137
0.972 2.83764
0.973 2.8339
0.974 2.83017
0.975 2.82643
0.976 2.8227
0.977 2.81896
0.978 2.81523
0.979 2.81149
0.98 2.80775
0.981 2.80402
0.982 2.80028
0.983 2.79654
0.984 2.79281
0.985 2.78907
0.986 2.78533
0.987 2.7816
0.988 2.77786
0.989 2.77412
0.99 2.77038
0.991 2.76665
0.992 2.76291
0.993 2.75917
0.994 2.75543
0.995 2.7517
0.996 2.74796
0.997 2.74422
0.998 2.74048
0.999 2.73674
1 2.73301
1.001 2.72927
1.002 2.72553
1.003 2.72179
1.004 2.71806
1.005 2.71432
1.006 2.71058
1.007 2.70684
1.008 2.70311
1.009 2.69937
1.01 2.69563
1.011 2.6919
1.012 2.68816
1.013 2.68442
1.014 2.68069
1.015 2.67695
1.016 2.67321
1.017 2.66948
1.018 2.66574
1.019 2.66201
1.02 2.65827
1.021 2.65454
1.022 2.6508
1.023 2.64707
1.024 2.64334
1.025 2.6396
1.026 2.63587
1.027 2.63214
1.028 2.6284
1.029 2.62467
1.03 2.62094
1.031 2.61721
1.032 2.61348
1.033 2.60975
1.034 2.60602
1.035 2.60229
1.036 2.59856
1.037 2.59483
1.038 2.5911
1.039 2.58737
1.04 2.58365
1.041 2.57992
1.042 2.57619
1.043 2.57247
1.044 2.56874
1.045 2.56502
1.046 2.56129
1.047 2.55757
1.048 2.55385
1.049 2.55012
1.05 2.5464
1.051 2.54268
1.052 2.53896
1.053 2.53524
1.054 2.53152
1.055 2.5278
1.056 2.52408
1.057 2.52037
1.058 2.51665
1.059 2.51293
1.06 2.50922
1.061 2.5055
1.062 2.50179
1.063 2.49808
1.064 2.49437
1.065 2.49065
1.066 2.48694
1.067 2.48323
1.068 2.47953
1.069 2.47582
1.07 2.47211
1.071 2.4684
1.072 2.4647
1.073 2.46099
1.074 2.45729
1.075 2.45359
1.076 2.44989
1.077 2.44618
1.078 2.44248
1.079 2.43878
1.08 2.43509
1.081 2.43139
1.082 2.42769
1.083 2.424
1.084 2.4203
1.085 2.41661
1.086 2.41292
1.087 2.40923
1.088 2.40554
1.089 2.40185
1.09 2.39816
1.091 2.39447
1.092 2.39079
1.093 2.3871
1.094 2.38342
1.095 2.37974
1.096 2.37606
1.097 2.37238
1.098 2.3687
1.099 2.36502
1.1 2.36135
1.101 2.35767
1.102 2.354
1.103 2.35032
1.104 2.34665
1.105 2.34298
1.106 2.33931
1.107 2.33565
1.108 2.33198
1.109 2.32832
1.11 2.32465
1.111 2.32099
1.112 2.31733
1.113 2.31367
1.114 2.31001
1.115 2.30636
1.116 2.3027
1.117 2.29905
1.118 2.29539
1.119 2.29174
1.12 2.28809
1.121 2.28445
1.122 2.2808
1.123 2.27716
1.124 2.27351
1.125 2.26987
1.126 2.26623
1.127 2.26259
1.128 2.25895
1.129 2.25532
1.13 2.25168
1.131 2.24805
1.132 2.24442
1.133 2.24079
1.134 2.23716
1.135 2.23354
1.136 2.22991
1.137 2.22629
1.138 2.22267
1.139 2.21905
1.14 2.21543
1.141 2.21182
1.142 2.20821
1.143 2.20459
1.144 2.20098
1.145 2.19737
1.146 2.19377
1.147 2.19016
1.148 2.18656
1.149 2.18296
1.15 2.17936
1.151 2.17576
1.152 2.17217
1.153 2.16857
1.154 2.16498
1.155 2.16139
1.156 2.1578
1.157 2.15422
1.158 2.15063
1.159 2.14705
1.16 2.14347
1.161 2.13989
1.162 2.13631
1.163 2.13274
1.164 2.12917
1.165 2.1256
1.166 2.12203
1.167 2.11846
1.168 2.1149
1.169 2.11134
1.17 2.10778
1.171 2.10422
1.172 2.10066
1.173 2.09711
1.174 2.09356
1.175 2.09001
1.176 2.08646
1.177 2.08292
1.178 2.07938
1.179 2.07584
1.18 2.0723
1.181 2.06876
1.182 2.06523
1.183 2.0617
1.184 2.05817
1.185 2.05464
1.186 2.05112
1.187 2.0476
1.188 2.04408
1.189 2.04056
1.19 2.03705
1.191 2.03354
1.192 2.03003
1.193 2.02652
1.194 2.02301
1.195 2.01951
1.196 2.01601
1.197 2.01251
1.198 2.00902
1.199 2.00553
1.2 2.00203
1.201 1.99855
1.202 1.99506
1.203 1.99158
1.204 1.9881
1.205 1.98462
1.206 1.98115
1.207 1.97768
1.208 1.97421
1.209 1.97074
1.21 1.96728
1.211 1.96381
1.212 1.96035
1.213 1.9569
1.214 1.95344
1.215 1.94999
1.216 1.94655
1.217 1.9431
1.218 1.93966
1.219 1.93622
1.22 1.93278
1.221 1.92935
1.222 1.92592
1.223 1.92249
1.224 1.91906
1.225 1.91564
1.226 1.91222
1.227 1.9088
1.228 1.90539
1.229 1.90198
1.23 1.89857
1.231 1.89516
1.232 1.89176
1.233 1.88836
1.234 1.88497
1.235 1.88157
1.236 1.87818
1.237 1.87479
1.238 1.87141
1.239 1.86803
1.24 1.86465
1.241 1.86127
1.242 1.8579
1.243 1.85453
1.244 1.85117
1.245 1.84781
1.246 1.84445
1.247 1.84109
1.248 1.83774
1.249 1.83439
1.25 1.83104
1.251 1.8277
1.252 1.82436
1.253 1.82102
1.254 1.81768
1.255 1.81435
1.256 1.81103
1.257 1.8077
1.258 1.80438
1.259 1.80107
1.26 1.79775
1.261 1.79444
1.262 1.79113
1.263 1.78783
1.264 1.78453
1.265 1.78123
1.266 1.77794
1.267 1.77465
1.268 1.77136
1.269 1.76808
1.27 1.7648
1.271 1.76152
1.272 1.75825
1.273 1.75498
1.274 1.75172
1.275 1.74845
1.276 1.7452
1.277 1.74194
1.278 1.73869
1.279 1.73544
1.28 1.7322
1.281 1.72896
1.282 1.72572
1.283 1.72249
1.284 1.71926
1.285 1.71603
1.286 1.71281
1.287 1.70959
1.288 1.70638
1.289 1.70317
1.29 1.69996
1.291 1.69676
1.292 1.69356
1.293 1.69037
1.294 1.68717
1.295 1.68399
1.296 1.6808
1.297 1.67762
1.298 1.67445
1.299 1.67128
1.3 1.66811
1.301 1.66494
1.302 1.66178
1.303 1.65863
1.304 1.65547
1.305 1.65233
1.306 1.64918
1.307 1.64604
1.308 1.64291
1.309 1.63977
1.31 1.63665
1.311 1.63352
1.312 1.6304
1.313 1.62729
1.314 1.62418
1.315 1.62107
1.316 1.61796
1.317 1.61487
1.318 1.61177
1.319 1.60868
1.32 1.60559
1.321 1.60251
1.322 1.59943
1.323 1.59636
1.324 1.59329
1.325 1.59023
1.326 1.58717
1.327 1.58411
1.328 1.58106
1.329 1.57801
1.33 1.57497
1.331 1.57193
1.332 1.56889
1.333 1.56586
1.334 1.56284
1.335 1.55982
1.336 1.5568
1.337 1.55379
1.338 1.55078
1.339 1.54778
1.34 1.54478
1.341 1.54178
1.342 1.53879
1.343 1.53581
1.344 1.53283
1.345 1.52985
1.346 1.52688
1.347 1.52392
1.348 1.52095
1.349 1.518
1.35 1.51504
1.351 1.5121
1.352 1.50915
1.353 1.50622
1.354 1.50328
1.355 1.50035
1.356 1.49743
1.357 1.49451
1.358 1.49159
1.359 1.48869
1.36 1.48578
1.361 1.48288
1.362 1.47999
1.363 1.47709
1.364 1.47421
1.365 1.47133
1.366 1.46845
1.367 1.46558
1.368 1.46272
1.369 1.45986
1.37 1.457
1.371 1.45415
1.372 1.4513
1.373 1.44846
1.374 1.44563
1.375 1.4428
1.376 1.43997
1.377 1.43715
1.378 1.43434
1.379 1.43153
1.38 1.42872
1.381 1.42592
1.382 1.42313
1.383 1.42034
1.384 1.41755
1.385 1.41478
1.386 1.412
1.387 1.40923
1.388 1.40647
1.389 1.40371
1.39 1.40096
1.391 1.39821
1.392 1.39547
1.393 1.39273
1.394 1.39
1.395 1.38728
1.396 1.38456
1.397 1.38184
1.398 1.37913
1.399 1.37643
1.4 1.37373
1.401 1.37104
1.402 1.36835
1.403 1.36567
1.404 1.36299
1.405 1.36032
1.406 1.35765
1.407 1.35499
1.408 1.35234
1.409 1.34969
1.41 1.34705
1.411 1.34441
1.412 1.34178
1.413 1.33915
1.414 1.33653
1.415 1.33391
1.416 1.3313
1.417 1.3287
1.418 1.3261
1.419 1.32351
1.42 1.32093
1.421 1.31834
1.422 1.31577
1.423 1.3132
1.424 1.31064
1.425 1.30808
1.426 1.30553
1.427 1.30299
1.428 1.30045
1.429 1.29791
1.43 1.29538
1.431 1.29286
1.432 1.29035
1.433 1.28784
1.434 1.28533
1.435 1.28284
1.436 1.28035
1.437 1.27786
1.438 1.27538
1.439 1.27291
1.44 1.27044
1.441 1.26798
1.442 1.26552
1.443 1.26308
1.444 1.26063
1.445 1.2582
1.446 1.25577
1.447 1.25334
1.448 1.25092
1.449 1.24851
1.45 1.24611
1.451 1.24371
1.452 1.24132
1.453 1.23893
1.454 1.23655
1.455 1.23418
1.456 1.23181
1.457 1.22945
1.458 1.22709
1.459 1.22474
1.46 1.2224
1.461 1.22007
1.462 1.21774
1.463 1.21542
1.464 1.2131
1.465 1.21079
1.466 1.20849
1.467 1.20619
1.468 1.2039
1.469 1.20162
1.47 1.19934
1.471 1.19707
1.472 1.19481
1.473 1.19255
1.474 1.1903
1.475 1.18806
1.476 1.18582
1.477 1.18359
1.478 1.18137
1.479 1.17915
1.48 1.17694
1.481 1.17474
1.482 1.17255
1.483 1.17036
1.484 1.16817
1.485 1.166
1.486 1.16383
1.487 1.16167
1.488 1.15951
1.489 1.15737
1.49 1.15522
1.491 1.15309
1.492 1.15096
1.493 1.14884
1.494 1.14673
1.495 1.14462
1.496 1.14252
1.497 1.14043
1.498 1.13835
1.499 1.13627
1.5 1.1342
1.501 1.13214
1.502 1.13008
1.503 1.12803
1.504 1.12599
1.505 1.12395
1.506 1.12192
1.507 1.1199
1.508 1.11789
1.509 1.11588
1.51 1.11389
1.511 1.11189
1.512 1.10991
1.513 1.10793
1.514 1.10596
1.515 1.104
1.516 1.10205
1.517 1.1001
1.518 1.09816
1.519 1.09623
1.52 1.0943
1.521 1.09238
1.522 1.09047
1.523 1.08857
1.524 1.08668
1.525 1.08479
1.526 1.08291
1.527 1.08104
1.528 1.07917
1.529 1.07731
1.53 1.07546
1.531 1.07362
1.532 1.07179
1.533 1.06996
1.534 1.06814
1.535 1.06633
1.536 1.06453
1.537 1.06273
1.538 1.06094
1.539 1.05916
1.54 1.05739
1.541 1.05562
1.542 1.05387
1.543 1.05212
1.544 1.05038
1.545 1.04864
1.546 1.04692
1.547 1.0452
1.548 1.04349
1.549 1.04179
1.55 1.04009
1.551 1.03841
1.552 1.03673
1.553 1.03506
1.554 1.0334
1.555 1.03175
1.556 1.0301
1.557 1.02846
1.558 1.02683
1.559 1.02521
1.56 1.0236
1.561 1.02199
1.562 1.0204
1.563 1.01881
1.564 1.01723
1.565 1.01566
1.566 1.01409
1.567 1.01254
1.568 1.01099
1.569 1.00945
1.57 1.00792
1.571 1.0064
1.572 1.00488
1.573 1.00338
1.574 1.00188
1.575 1.00039
1.576 0.998909
1.577 0.997437
1.578 0.995974
1.579 0.994519
1.58 0.993072
1.581 0.991634
1.582 0.990205
1.583 0.988784
1.584 0.987371
1.585 0.985967
1.586 0.984572
1.587 0.983185
1.588 0.981808
1.589 0.980438
1.59 0.979078
1.591 0.977726
1.592 0.976382
1.593 0.975048
1.594 0.973722
1.595 0.972405
1.596 0.971097
1.597 0.969798
1.598 0.968507
1.599 0.967225
1.6 0.965952
1.601 0.964688
1.602 0.963433
1.603 0.962187
1.604 0.96095
1.605 0.959722
1.606 0.958502
1.607 0.957292
1.608 0.95609
1.609 0.954898
1.61 0.953715
1.611 0.952541
1.612 0.951375
1.613 0.950219
1.614 0.949072
1.615 0.947935
1.616 0.946806
1.617 0.945686
1.618 0.944576
1.619 0.943475
1.62 0.942383
1.621 0.9413
1.622 0.940227
1.623 0.939163
1.624 0.938108
1.625 0.937062
1.626 0.936026
1.627 0.934999
1.628 0.933982
1.629 0.932974
1.63 0.931975
1.631 0.930986
1.632 0.930006
1.633 0.929036
1.634 0.928075
1.635 0.927124
1.636 0.926182
1.637 0.92525
1.638 0.924327
1.639 0.923414
1.64 0.92251
1.641 0.921616
1.642 0.920732
1.643 0.919857
1.644 0.918992
1.645 0.918137
1.646 0.917291
1.647 0.916455
1.648 0.915629
1.649 0.914812
1.65 0.914006
1.651 0.913209
1.652 0.912422
1.653 0.911645
1.654 0.910877
1.655 0.91012
1.656 0.909372
1.657 0.908635
1.658 0.907907
1.659 0.907189
1.66 0.906481
1.661 0.905783
1.662 0.905095
1.663 0.904418
1.664 0.90375
1.665 0.903092
1.666 0.902444
1.667 0.901807
1.668 0.901179
1.669 0.900562
1.67 0.899955
1.671 0.899358
1.672 0.898771
1.673 0.898195
1.674 0.897628
1.675 0.897072
1.676 0.896526
1.677 0.895991
1.678 0.895466
1.679 0.894951
1.68 0.894446
1.681 0.893952
1.682 0.893468
1.683 0.892995
1.684 0.892532
1.685 0.892079
1.686 0.891637
1.687 0.891205
1.688 0.890784
1.689 0.890374
1.69 0.889973
1.691 0.889584
1.692 0.889205
1.693 0.888837
1.694 0.888479
1.695 0.888132
1.696 0.887795
1.697 0.887469
1.698 0.887154
1.699 0.88685
1.7 0.886556
1.701 0.886273
1.702 0.886001
1.703 0.88574
1.704 0.885489
1.705 0.885249
1.706 0.88502
1.707 0.884802
1.708 0.884595
1.709 0.884399
1.71 0.884214
1.711 0.884039
1.712 0.883876
1.713 0.883723
1.714 0.883582
1.715 0.883451
1.716 0.883332
1.717 0.883223
1.718 0.883126
1.719 0.88304
1.72 0.882965
1.721 0.882901
1.722 0.882848
1.723 0.882806
1.724 0.882776
1.725 0.882757
1.726 0.882749
1.727 0.882752
1.728 0.882766
1.729 0.882792
1.73 0.882829
1.731 0.882878
1.732 0.882938
1.733 0.883009
1.734 0.883091
1.735 0.883185
1.736 0.883291
1.737 0.883407
1.738 0.883536
1.739 0.883676
1.74 0.883827
1.741 0.88399
1.742 0.884164
1.743 0.88435
1.744 0.884547
1.745 0.884757
1.746 0.884977
1.747 0.88521
1.748 0.885454
1.749 0.885709
1.75 0.885977
1.751 0.886256
1.752 0.886547
1.753 0.88685
1.754 0.887164
1.755 0.88749
1.756 0.887828
1.757 0.888178
1.758 0.88854
1.759 0.888914
1.76 0.889299
1.761 0.889697
1.762 0.890106
1.763 0.890528
1.764 0.890961
1.765 0.891406
1.766 0.891864
1.767 0.892333
1.768 0.892815
1.769 0.893308
1.77 0.893814
1.771 0.894332
1.772 0.894862
1.773 0.895404
1.774 0.895958
1.775 0.896524
1.776 0.897103
1.777 0.897694
1.778 0.898297
1.779 0.898913
1.78 0.899541
1.781 0.900181
1.782 0.900833
1.783 0.901498
1.784 0.902175
1.785 0.902865
1.786 0.903567
1.787 0.904282
1.788 0.905008
1.789 0.905748
1.79 0.9065
1.791 0.907264
1.792 0.908041
1.793 0.908831
1.794 0.909633
1.795 0.910448
1.796 0.911275
1.797 0.912115
1.798 0.912968
1.799 0.913834
1.8 0.914712
1.801 0.915603
1.802 0.916506
1.803 0.917422
1.804 0.918352
1.805 0.919294
1.806 0.920248
1.807 0.921216
1.808 0.922197
1.809 0.92319
1.81 0.924196
1.811 0.925216
1.812 0.926248
1.813 0.927293
1.814 0.928351
1.815 0.929422
1.816 0.930507
1.817 0.931604
1.818 0.932714
1.819 0.933838
1.82 0.934974
1.821 0.936124
1.822 0.937287
1.823 0.938463
1.824 0.939652
1.825 0.940855
1.826 0.942071
1.827 0.9433
1.828 0.944542
1.829 0.945798
1.83 0.947067
1.831 0.948349
1.832 0.949644
1.833 0.950953
1.834 0.952276
1.835 0.953612
1.836 0.954961
1.837 0.956324
1.838 0.9577
1.839 0.95909
1.84 0.960493
1.841 0.96191
1.842 0.963341
1.843 0.964785
1.844 0.966242
1.845 0.967714
1.846 0.969199
1.847 0.970697
1.848 0.97221
1.849 0.973736
1.85 0.975275
1.851 0.976829
1.852 0.978396
1.853 0.979978
1.854 0.981573
1.855 0.983181
1.856 0.984804
1.857 0.986441
1.858 0.988091
1.859 0.989756
1.86 0.991434
1.861 0.993126
1.862 0.994833
1.863 0.996553
1.864 0.998287
1.865 1.00004
1.866 1.0018
1.867 1.00358
1.868 1.00537
1.869 1.00717
1.87 1.00899
1.871 1.01082
1.872 1.01267
1.873 1.01453
1.874 1.01641
1.875 1.0183
1.876 1.0202
1.877 1.02212
1.878 1.02405
1.879 1.026
1.88 1.02796
1.881 1.02994
1.882 1.03193
1.883 1.03394
1.884 1.03596
1.885 1.03799
1.886 1.04004
1.887 1.0421
1.888 1.04418
1.889 1.04627
1.89 1.04838
1.891 1.0505
1.892 1.05264
1.893 1.05479
1.894 1.05695
1.895 1.05913
1.896 1.06133
1.897 1.06354
1.898 1.06576
1.899 1.068
1.9 1.07025
1.901 1.07252
1.902 1.07481
1.903 1.0771
1.904 1.07942
1.905 1.08175
1.906 1.08409
1.907 1.08645
1.908 1.08882
1.909 1.09121
1.91 1.09361
1.911 1.09603
1.912 1.09846
1.913 1.10091
1.914 1.10337
1.915 1.10585
1.916 1.10835
1.917 1.11086
1.918 1.11338
1.919 1.11592
1.92 1.11847
1.921 1.12104
1.922 1.12363
1.923 1.12623
1.924 1.12884
1.925 1.13148
1.926 1.13412
1.927 1.13678
1.928 1.13946
1.929 1.14215
1.93 1.14486
1.931 1.14759
1.932 1.15032
1.933 1.15308
1.934 1.15585
1.935 1.15864
1.936 1.16144
1.937 1.16425
1.938 1.16709
1.939 1.16993
1.94 1.1728
1.941 1.17568
1.942 1.17857
1.943 1.18148
1.944 1.18441
1.945 1.18735
1.946 1.19031
1.947 1.19329
1.948 1.19628
1.949 1.19928
1.95 1.2023
1.951 1.20534
1.952 1.20839
1.953 1.21146
1.954 1.21455
1.955 1.21765
1.956 1.22077
1.957 1.2239
1.958 1.22705
1.959 1.23022
1.96 1.2334
1.961 1.2366
1.962 1.23981
1.963 1.24304
1.964 1.24629
1.965 1.24955
1.966 1.25283
1.967 1.25613
1.968 1.25944
1.969 1.26277
1.97 1.26611
1.971 1.26947
1.972 1.27285
1.973 1.27624
1.974 1.27965
1.975 1.28308
1.976 1.28652
1.977 1.28998
1.978 1.29346
1.979 1.29695
1.98 1.30046
1.981 1.30398
1.982 1.30753
1.983 1.31109
1.984 1.31466
1.985 1.31825
1.986 1.32186
1.987 1.32549
1.988 1.32913
1.989 1.33279
1.99 1.33646
1.991 1.34016
1.992 1.34387
1.993 1.34759
1.994 1.35134
1.995 1.3551
1.996 1.35887
1.997 1.36267
1.998 1.36648
1.999 1.37031
2 3.80489e-05
2.001 3.52154e-05
2.002 3.25645e-05
2.003 3.00648e-05
2.004 2.77163e-05
2.005 2.5519e-05
2.006 2.34728e-05
2.007 2.15779e-05
2.008 1.98341e-05
2.009 1.82415e-05
2.01 1.68001e-05
2.011 1.55099e-05
2.012 1.43708e-05
2.013 9.50677e-06
2.014 8.03725e-06
2.015 6.68969e-06
2.016 5.4657e-06
2.017 4.36529e-06
2.018 3.38844e-06
2.019 2.53516e-06
2.02 1.80543e-06
2.021 1.19927e-06
2.022 7.16665e-07
2.023 3.57616e-07
2.024 1.22122e-07
2.025 1.01829e-08
2.026 2.17974e-08
2.027 1.56966e-07
2.028 4.15689e-07
2.029 7.97966e-07
2.03 1.3038e-06
2.031 1.93319e-06
2.032 2.68614e-06
2.033 3.56265e-06
2.034 4.56273e-06
2.035 5.68637e-06
2.036 6.93358e-06
2.037 8.30437e-06
2.038 9.79873e-06
2.039 1.14167e-05
2.04 1.31582e-05
2.041 1.50233e-05
2.042 1.7012e-05
2.043 1.91244e-05
2.044 2.13603e-05
2.045 2.37198e-05
2.046 2.6203e-05
2.047 2.88098e-05
2.048 3.15402e-05
2.049 3.43943e-05
2.05 3.7372e-05
2.051 4.04734e-05
2.052 4.36984e-05
2.053 4.70472e-05
2.054 5.05196e-05
2.055 5.41157e-05
2.056 5.78355e-05
2.057 6.1679e-05
2.058 6.56463e-05
2.059 6.97373e-05
2.06 7.39521e-05
2.061 7.82906e-05
2.062 8.27529e-05
2.063 8.7339e-05
2.064 9.20489e-05
2.065 9.68827e-05
2.066 0.00010184
2.067 0.000106922
2.068 0.000112127
2.069 0.000117456
2.07 0.000122909
2.071 0.000128486
2.072 0.000134187
2.073 0.000140012
2.074 0.00014596
2.075 0.000152033
2.076 0.00015823
2.077 0.00016455
2.078 0.000170995
2.079 0.000177564
2.08 0.000184257
2.081 0.000191074
2.082 0.000198015
2.083 0.00020508
2.084 0.000212269
2.085 0.000219583
2.086 0.00022702
2.087 0.000234582
2.088 0.000242268
2.089 0.000250079
2.09 0.000258013
2.091 0.000266072
2.092 0.000274255
2.093 0.000282563
2.094 0.000290995
2.095 0.000299551
2.096 0.000308232
2.097 0.000317037
2.098 0.000325967
2.099 0.000335021
2.1 0.000344199
2.101 0.000353503
2.102 0.00036293
2.103 0.000372483
2.104 0.00038216
2.105 0.000391961
2.106 0.000401888
2.107 0.000411939
2.108 0.000422114
2.109 0.000432415
2.11 0.00044284
2.111 0.00045339
2.112 0.000464065
2.113 0.000474865
2.114 0.00048579
2.115 0.00049684
2.116 0.000508015
2.117 0.000519314
2.118 0.000530739
2.119 0.000542289
2.12 0.000553964
2.121 0.000565764
2.122 0.00057769
2.123 0.00058974
2.124 0.000601916
2.125 0.000614217
2.126 0.000626644
2.127 0.000639196
2.128 0.000651873
2.129 0.000664675
2.13 0.000677604
2.131 0.000690657
2.132 0.000703836
2.133 0.000717141
2.134 0.000730571
2.135 0.000744127
2.136 0.000757809
2.137 0.000771617
2.138 0.00078555
2.139 0.000799609
2.14 0.000813794
2.141 0.000825706
2.142 0.000842545
2.143 0.000857105
2.144 0.000871794
2.145 0.000886609
2.146 0.00090155
2.147 0.000916617
2.148 0.00093181
2.149 0.00094713
2.15 0.000962575
2.151 0.000978148
2.152 0.000993846
2.153 0.00100967
2.154 0.00102562
2.155 0.0010417
2.156 0.00105791
2.157 0.00107424
2.158 0.00109069
2.159 0.00110728
2.16 0.00112399
2.161 0.00114083
2.162 0.00115779
2.163 0.00117488
2.164 0.0011921
2.165 0.00120945
2.166 0.00122692
2.167 0.00124452
2.168 0.00126225
2.169 0.0012801
2.17 0.00129809
2.171 0.00131619
2.172 0.00133443
2.173 0.00135279
2.174 0.00137128
2.175 0.00138676
2.176 0.00140865
2.177 0.00142752
2.178 0.00144653
2.179 0.00146566
2.18 0.00148491
2.181 0.0015043
2.182 0.00152381
2.183 0.00154345
2.184 0.00156322
2.185 0.00158312
2.186 0.00160314
2.187 0.00162329
2.188 0.00164358
2.189 0.00166399
2.19 0.00168452
2.191 0.00170519
2.192 0.00172599
2.193 0.00174691
2.194 0.00176796
2.195 0.00178914
2.196 0.00181045
2.197 0.00183189
2.198 0.00185346
2.199 0.00187148
2.2 0.00189698
2.201 0.00191893
2.202 0.00194102
2.203 0.00196323
2.204 0.00198557
2.205 0.00200804
2.206 0.00203064
2.207 0.00205337
2.208 0.00207623
2.209 0.00209922
2.21 0.00212234
2.211 0.00214559
2.212 0.00216897
2.213 0.00219248
2.214 0.00221611
2.215 0.00223988
2.216 0.00226378
2.217 0.00228781
2.218 0.00230786
2.219 0.00233626
2.22 0.00236068
2.221 0.00238522
2.222 0.0024099
2.223 0.00243471
2.224 0.00245966
2.225 0.00248473
2.226 0.00250993
2.227 0.00253526
2.228 0.00256073
2.229 0.00258632
2.23 0.00261205
2.231 0.00263791
2.232 0.0026639
2.233 0.00269002
2.234 0.0027118
2.235 0.00274266
2.236 0.00276917
2.237 0.00279581
2.238 0.00282259
2.239 0.0028495
2.24 0.00287654
2.241 0.00290371
2.242 0.00293102
2.243 0.00295846
2.244 0.00298602
2.245 0.00301373
2.246 0.00304156
2.247 0.00306953
2.248 0.00309283
2.249 0.00312586
2.25 0.00315422
2.251 0.00318272
2.252 0.00321135
2.253 0.00324011
2.254 0.00326901
2.255 0.00329804
2.256 0.0033272
2.257 0.00335649
2.258 0.00338592
2.259 0.00341548
2.26 0.00344518
2.261 0.0034699
2.262 0.00350498
2.263 0.00353507
2.264 0.0035653
2.265 0.00359566
2.266 0.00362616
2.267 0.00365679
2.268 0.00368756
2.269 0.00371846
2.27 0.0037495
2.271 0.00378067
2.272 0.00381197
2.273 0.00383801
2.274 0.00387499
2.275 0.00390669
2.276 0.00393854
2.277 0.00397052
2.278 0.00400263
2.279 0.00403488
2.28 0.00406727
2.281 0.00409979
2.282 0.00413244
2.283 0.00416523
2.284 0.00419249
2.285 0.00423123
2.286 0.00426442
2.287 0.00429776
2.288 0.00433123
2.289 0.00436483
2.29 0.00439858
2.291 0.00443246
2.292 0.00446647
2.293 0.00450063
2.294 0.004529
2.295 0.00456935
2.296 0.00460391
2.297 0.00463861
2.298 0.00467345
2.299 0.00470842
2.3 0.00474353
2.301 0.00477878
2.302 0.00481417
2.303 0.00484969
2.304 0.00487919
2.305 0.00492117
2.306 0.0049571
2.307 0.00499317
2.308 0.00502939
2.309 0.00506574
2.31 0.00510223
2.311 0.00513886
2.312 0.00517563
2.313 0.00520615
2.314 0.00524959
2.315 0.00528677
2.316 0.0053241
2.317 0.00536156
2.318 0.00539916
2.319 0.0054369
2.32 0.00547479
2.321 0.00551281
2.322 0.00554435
2.323 0.00558928
2.324 0.00562771
2.325 0.00566629
2.326 0.00570501
2.327 0.00574388
2.328 0.00578288
2.329 0.00582202
2.33 0.00585447
2.331 0.00590074
2.332 0.00594029
2.333 0.00598
2.334 0.00601985
2.335 0.00605983
2.336 0.00609996
2.337 0.00614023
2.338 0.00617361
2.339 0.00622121
2.34 0.0062619
2.341 0.00630274
2.342 0.00634372
2.343 0.00638484
2.344 0.00642611
2.345 0.00646751
2.346 0.00650181
2.347 0.00655077
2.348 0.0065926
2.349 0.00663457
2.35 0.0066767
2.351 0.00671896
2.352 0.00676137
2.353 0.00679648
2.354 0.00684663
2.355 0.00688946
2.356 0.00693244
2.357 0.00697557
2.358 0.00701884
2.359 0.00706226
2.36 0.00709819
2.361 0.00714953
2.362 0.00719337
2.363 0.00723737
2.364 0.00728151
2.365 0.00732579
2.366 0.00737022
2.367 0.00740697
2.368 0.00745953
2.369 0.00750438
2.37 0.00754939
2.371 0.00759455
2.372 0.00763985
2.373 0.0076853
2.374 0.00772288
2.375 0.00777665
2.376 0.00782253
2.377 0.00786857
2.378 0.00791475
2.379 0.00796108
2.38 0.00800756
2.381 0.00804597
2.382 0.00810096
2.383 0.00814787
2.384 0.00819494
2.385 0.00824215
2.386 0.00828952
2.387 0.00833703
2.388 0.00837628
2.389 0.00843251
2.39 0.00848045
2.391 0.00852856
2.392 0.00857681
2.393 0.00862521
2.394 0.00866518
2.395 0.00872248
2.396 0.00877132
2.397 0.00882032
2.398 0.00886947
2.399 0.00891877
2.4 0.00895946
2.401 0.00901783
2.402 0.00906757
2.403 0.00911747
2.404 0.00916752
2.405 0.00921772
2.406 0.00925915
2.407 0.00931859
2.408 0.00936924
2.409 0.00942005
2.41 0.009471
2.411 0.00952211
2.412 0.00956427
2.413 0.00962481
2.414 0.00967636
2.415 0.00972808
2.416 0.00977995
2.417 0.00983198
2.418 0.00987487
2.419 0.0099365
2.42 0.00998897
2.421 0.0100416
2.422 0.0100944
2.423 0.0101473
2.424 0.010191
2.425 0.0102537
2.426 0.0103071
2.427 0.0103607
2.428 0.0104144
2.429 0.0104682
2.43 0.0105126
2.431 0.0105765
2.432 0.0106308
2.433 0.0106853
2.434 0.0107399
2.435 0.0107947
2.436 0.0108398
2.437 0.0109048
2.438 0.0109601
2.439 0.0110155
2.44 0.0110711
2.441 0.0111168
2.442 0.0111827
2.443 0.0112388
2.444 0.011295
2.445 0.0113513
2.446 0.0113977
2.447 0.0114646
2.448 0.0115214
2.449 0.0115784
2.45 0.0116355
2.451 0.0116826
2.452 0.0117504
2.453 0.011808
2.454 0.0118658
2.455 0.0119237
2.456 0.0119714
2.457 0.0120401
2.458 0.0120985
2.459 0.0121571
2.46 0.0122159
2.461 0.0122642
2.462 0.0123339
2.463 0.0123931
2.464 0.0124525
2.465 0.012512
2.466 0.012561
2.467 0.0126316
2.468 0.0126917
2.469 0.0127519
2.47 0.0128122
2.471 0.0128618
2.472 0.0129334
2.473 0.0129943
2.474 0.0130553
2.475 0.0131165
2.476 0.0131667
2.477 0.0132393
2.478 0.013301
2.479 0.0133628
2.48 0.0134248
2.481 0.0134757
2.482 0.0135493
2.483 0.0136118
2.484 0.0136744
2.485 0.0137372
2.486 0.0137887
2.487 0.0138634
2.488 0.0139267
2.489 0.0139901
2.49 0.0140538
2.491 0.014106
2.492 0.0141816
2.493 0.0142457
2.494 0.01431
2.495 0.0143745
2.496 0.0144273
2.497 0.0145039
2.498 0.0145689
2.499 0.014634
2.5 0.0146994
2.501 0.0147529
2.502 0.0148305
2.503 0.0148963
2.504 0.0149623
2.505 0.0150284
2.506 0.0150826
2.507 0.0151613
2.508 0.0152279
2.509 0.0152948
2.51 0.0153618
2.511 0.0154166
2.512 0.0154963
2.513 0.0155638
2.514 0.0156315
2.515 0.0156993
2.516 0.0157549
2.517 0.0158356
2.518 0.0159039
2.519 0.0159725
2.52 0.0160286
2.521 0.0161101
2.522 0.0161791
2.523 0.0162484
2.524 0.016305
2.525 0.0163874
2.526 0.0164571
2.527 0.016527
2.528 0.0165842
2.529 0.0166674
2.53 0.0167379
2.531 0.0168085
2.532 0.0168662
2.533 0.0169503
2.534 0.0170214
2.535 0.0170927
2.536 0.017151
2.537 0.0172359
2.538 0.0173078
2.539 0.0173798
2.54 0.0174387
2.541 0.0175244
2.542 0.017597
2.543 0.0176697
2.544 0.0177291
2.545 0.0178157
2.546 0.017889
2.547 0.0179624
2.548 0.0180224
2.549 0.0181099
2.55 0.0181839
2.551 0.018258
2.552 0.0183186
2.553 0.0184069
2.554 0.0184816
2.555 0.0185565
2.556 0.0186176
2.557 0.0187069
2.558 0.0187823
2.559 0.0188579
2.56 0.0189195
2.561 0.0190097
2.562 0.0190858
2.563 0.0191621
2.564 0.0192244
2.565 0.0193154
2.566 0.0193923
2.567 0.0194693
2.568 0.0195321
2.569 0.0196241
2.57 0.0197017
2.571 0.0197795
2.572 0.0198428
2.573 0.0199357
2.574 0.020014
2.575 0.0200925
2.576 0.0201565
2.577 0.0202502
2.578 0.0203293
2.579 0.0204086
2.58 0.0204731
2.581 0.0205678
2.582 0.0206476
2.583 0.0207276
2.584 0.0207928
2.585 0.0208883
2.586 0.0209689
2.587 0.0210497
2.588 0.0211154
2.589 0.0212119
2.59 0.0212932
2.591 0.0213748
2.592 0.0214411
2.593 0.0215385
2.594 0.0216206
2.595 0.0217029
2.596 0.0217698
2.597 0.0218681
2.598 0.021951
2.599 0.022034
2.6 0.0221015
2.601 0.0222008
2.602 0.0222844
2.603 0.0223683
2.604 0.0224364
2.605 0.0225366
2.606 0.022621
2.607 0.0227056
2.608 0.0227743
2.609 0.0228755
2.61 0.0229607
2.611 0.0230461
2.612 0.0231154
2.613 0.0232175
2.614 0.0233035
2.615 0.0233897
2.616 0.0234596
2.617 0.0235626
2.618 0.0236494
2.619 0.0237364
2.62 0.0238069
2.621 0.023911
2.622 0.0239985
2.623 0.0240863
2.624 0.0241574
2.625 0.0242624
2.626 0.0243508
2.627 0.0244394
2.628 0.0245111
2.629 0.0246171
2.63 0.0247063
2.631 0.0247956
2.632 0.024868
2.633 0.024975
2.634 0.025065
2.635 0.0251552
2.636 0.0252282
2.637 0.0253361
2.638 0.0254269
2.639 0.0255179
2.64 0.0255915
2.641 0.0257005
2.642 0.0257921
2.643 0.0258839
2.644 0.0259582
2.645 0.0260682
2.646 0.0261606
2.647 0.0262532
2.648 0.0263281
2.649 0.0264392
2.65 0.0265324
2.651 0.0266259
2.652 0.0267014
2.653 0.0268134
2.654 0.0269075
2.655 0.0270018
2.656 0.027078
2.657 0.027191
2.658 0.0272859
2.659 0.0273811
2.66 0.0274579
2.661 0.027572
2.662 0.0276678
2.663 0.0277637
2.664 0.0278412
2.665 0.0279564
2.666 0.028053
2.667 0.0281498
2.668 0.0282279
2.669 0.0283441
2.67 0.0284416
2.671 0.0285392
2.672 0.028618
2.673 0.0287353
2.674 0.0288336
2.675 0.0289321
2.676 0.0290116
2.677 0.0291299
2.678 0.0292291
2.679 0.0293285
2.68 0.0294086
2.681 0.029528
2.682 0.029628
2.683 0.0297283
2.684 0.0298091
2.685 0.0299296
2.686 0.0300305
2.687 0.0301316
2.688 0.0302131
2.689 0.0303347
2.69 0.0304365
2.691 0.0305385
2.692 0.0306206
2.693 0.0307433
2.694 0.030846
2.695 0.0309286
2.696 0.0310521
2.697 0.0311554
2.698 0.0312386
2.699 0.0313629
2.7 0.0314669
2.701 0.0315506
2.702 0.0316758
2.703 0.0317805
2.704 0.0318646
2.705 0.0319906
2.706 0.032096
2.707 0.0321807
2.708 0.0323075
2.709 0.0324136
2.71 0.0324988
2.711 0.0326265
2.712 0.0327333
2.713 0.032819
2.714 0.0329475
2.715 0.033055
2.716 0.0331412
2.717 0.0332706
2.718 0.0333788
2.719 0.0334656
2.72 0.0335958
2.721 0.0337047
2.722 0.033792
2.723 0.0339231
2.724 0.0340326
2.725 0.0341205
2.726 0.0342525
2.727 0.0343627
2.728 0.0344511
2.729 0.034584
2.73 0.034695
2.731 0.0347839
2.732 0.0349176
2.733 0.0350293
2.734 0.0351187
2.735 0.0352534
2.736 0.0353658
2.737 0.0354558
2.738 0.0355913
2.739 0.0357044
2.74 0.035795
2.741 0.0359314
2.742 0.0360452
2.743 0.0361363
2.744 0.0362737
2.745 0.0363882
2.746 0.0364798
2.747 0.0366181
2.748 0.0367334
2.749 0.0368256
2.75 0.0369648
2.751 0.0370808
2.752 0.0371735
2.753 0.0373136
2.754 0.0374303
2.755 0.0375236
2.756 0.0376647
2.757 0.0377822
2.758 0.037876
2.759 0.038018
2.76 0.0381362
2.761 0.0382306
2.762 0.0383735
2.763 0.0384925
2.764 0.0385874
2.765 0.0387313
2.766 0.038851
2.767 0.0389466
2.768 0.0390914
2.769 0.0392119
2.77 0.0393079
2.771 0.0394537
2.772 0.039575
2.773 0.0396716
2.774 0.0398183
2.775 0.0399404
2.776 0.0400376
2.777 0.0401853
2.778 0.0403081
2.779 0.0404059
2.78 0.0405545
2.781 0.0406781
2.782 0.0407765
2.783 0.0409261
2.784 0.0410505
2.785 0.0411494
2.786 0.0413
2.787 0.0414252
2.788 0.0415247
2.789 0.0416763
2.79 0.0418022
2.791 0.0419024
2.792 0.042055
2.793 0.0421817
2.794 0.0422824
2.795 0.042436
2.796 0.0425635
2.797 0.0426648
2.798 0.0428194
2.799 0.0429477
2.8 0.0430496
2.801 0.0432053
2.802 0.0433344
2.803 0.0434369
2.804 0.0435935
2.805 0.0437235
2.806 0.0438266
2.807 0.0439842
2.808 0.044115
2.809 0.0442187
2.81 0.0443774
2.811 0.0445089
2.812 0.0446132
2.813 0.044773
2.814 0.0449054
2.815 0.0450103
2.816 0.0451711
2.817 0.0453043
2.818 0.0454098
2.819 0.0455717
2.82 0.0457057
2.821 0.0458119
2.822 0.0459747
2.823 0.0461096
2.824 0.0462164
2.825 0.0463804
2.826 0.0465161
2.827 0.0466235
2.828 0.0467885
2.829 0.0469251
2.83 0.0470331
2.831 0.0471992
2.832 0.0473366
2.833 0.0474453
2.834 0.0476125
2.835 0.0477507
2.836 0.04786
2.837 0.0480283
2.838 0.0481674
2.839 0.0482773
2.84 0.0484467
2.841 0.0485868
2.842 0.0486973
2.843 0.0488678
2.844 0.0490087
2.845 0.0491198
2.846 0.0492915
2.847 0.0494332
2.848 0.049545
2.849 0.0497178
2.85 0.0498604
2.851 0.0499729
2.852 0.0501467
2.853 0.0502903
2.854 0.0504034
2.855 0.0505784
2.856 0.0507228
2.857 0.0508366
2.858 0.0510127
2.859 0.0511581
2.86 0.0512725
2.861 0.0514498
2.862 0.051596
2.863 0.0517111
2.864 0.0518895
2.865 0.0520367
2.866 0.0521524
2.867 0.052332
2.868 0.0524801
2.869 0.0525965
2.87 0.0527773
2.871 0.0529263
2.872 0.0530433
2.873 0.0532253
2.874 0.0533752
2.875 0.053493
2.876 0.0536761
2.877 0.053827
2.878 0.0539454
2.879 0.0541297
2.88 0.0542815
2.881 0.0544006
2.882 0.0545862
2.883 0.0547389
2.884 0.0548587
2.885 0.0550454
2.886 0.0551991
2.887 0.0553196
2.888 0.0555076
2.889 0.0556622
2.89 0.0557834
2.891 0.0559726
2.892 0.0561282
2.893 0.05625
2.894 0.0564405
2.895 0.0565971
2.896 0.0567196
2.897 0.0569113
2.898 0.0570689
2.899 0.0571921
2.9 0.0573851
2.901 0.0575436
2.902 0.0576675
2.903 0.0578618
2.904 0.0580213
2.905 0.0581459
2.906 0.0583414
2.907 0.0585019
2.908 0.0586273
2.909 0.0588241
2.91 0.0589856
2.911 0.0591116
2.912 0.0593097
2.913 0.0594722
2.914 0.059599
2.915 0.0597984
2.916 0.0599619
2.917 0.0600894
2.918 0.0602901
2.919 0.0604546
2.92 0.0605829
2.921 0.0607849
2.922 0.0609504
2.923 0.0610794
2.924 0.0612827
2.925 0.0614493
2.926 0.061579
2.927 0.0617837
2.928 0.0619513
2.929 0.0620817
2.93 0.0622877
2.931 0.0624564
2.932 0.0625876
2.933 0.062795
2.934 0.0629647
2.935 0.0630966
2.936 0.0633053
2.937 0.0634761
2.938 0.0636088
2.939 0.0638189
2.94 0.0639907
2.941 0.0641242
2.942 0.0643356
2.943 0.0645086
2.944 0.0646428
2.945 0.0648556
2.946 0.0650296
2.947 0.0651646
2.948 0.0653789
2.949 0.0655539
2.95 0.0656897
2.951 0.0659054
2.952 0.0660815
2.953 0.066218
2.954 0.0664351
2.955 0.0666124
2.956 0.0667497
2.957 0.0669682
2.958 0.0671466
2.959 0.0672847
2.96 0.0675047
2.961 0.0676842
2.962 0.067823
2.963 0.0680444
2.964 0.0682251
2.965 0.0683647
2.966 0.0685876
2.967 0.0687693
2.968 0.0689097
2.969 0.0691341
2.97 0.069317
2.971 0.0694582
2.972 0.0696841
2.973 0.0698682
2.974 0.0700101
2.975 0.0702375
2.976 0.0704227
2.977 0.0705655
2.978 0.0707944
2.979 0.0709808
2.98 0.0711244
2.981 0.0713548
2.982 0.0715423
2.983 0.0716867
2.984 0.0719187
2.985 0.0721074
2.986 0.0722526
2.987 0.0724861
2.988 0.072676
2.989 0.0728221
2.99 0.0730571
2.991 0.0732482
2.992 0.0733951
2.993 0.0736317
2.994 0.073824
2.995 0.0739717
2.996 0.0742099
2.997 0.0744034
2.998 0.074552
2.999 0.0747918
3 0.0749865
3.001 0.0751359
