0.01 4.41787
0.02 4.41732
0.03 4.4162
0.04 4.41452
0.05 4.41228
0.06 4.40947
0.07 4.40611
0.08 4.40218
0.09 4.3977
0.1 4.39266
0.11 4.38705
0.12 4.3809
0.13 4.37418
0.14 4.36692
0.15 4.3591
0.16 4.35073
0.17 4.34181
0.18 4.33234
0.19 4.32233
0.2 4.31178
0.21 4.30068
0.22 4.28905
0.23 4.27688
0.24 4.26417
0.25 4.25093
0.26 4.23717
0.27 4.22288
0.28 4.20806
0.29 4.19273
0.3 4.17688
0.31 4.16051
0.32 4.14364
0.33 4.12626
0.34 4.10837
0.35 4.08999
0.36 4.07111
0.37 4.05174
0.38 4.03188
0.39 4.01154
0.4 3.99073
0.41 3.96943
0.42 3.94767
0.43 3.92544
0.44 3.90276
0.45 3.87961
0.46 3.85602
0.47 3.83198
0.48 3.8075
0.49 3.78259
0.5 3.75724
0.51 3.73147
0.52 3.70529
0.53 3.67869
0.54 3.65169
0.55 3.62428
0.56 3.59648
0.57 3.56829
0.58 3.53973
0.59 3.51078
0.6 3.48147
0.61 3.45179
0.62 3.42176
0.63 3.39138
0.64 3.36066
0.65 3.32961
0.66 3.29823
0.67 3.26653
0.68 3.23451
0.69 3.2022
0.7 3.16958
0.71 3.13668
0.72 3.1035
0.73 3.07004
0.74 3.03632
0.75 3.00234
0.76 2.96811
0.77 2.93365
0.78 2.89895
0.79 2.86403
0.8 2.8289
0.81 2.79356
0.82 2.75803
0.83 2.72231
0.84 2.68642
0.85 2.65035
0.86 2.61413
0.87 2.57776
0.88 2.54125
0.89 2.50462
0.9 2.46786
0.91 2.431
0.92 2.39404
0.93 2.35699
0.94 2.31986
0.95 2.28266
0.96 2.24541
0.97 2.20811
0.98 2.17078
0.99 2.13342
1 2.09606
1.01 2.05868
1.02 2.02132
1.03 1.98398
1.04 1.94668
1.05 1.90942
1.06 1.87221
1.07 1.83507
1.08 1.79802
1.09 1.76105
1.1 1.72419
1.11 1.68745
1.12 1.65083
1.13 1.61436
1.14 1.57804
1.15 1.54189
1.16 1.50592
1.17 1.47015
1.18 1.43458
1.19 1.39923
1.2 1.36411
1.21 1.32925
1.22 1.29464
1.23 1.2603
1.24 1.22626
1.25 1.19251
1.26 1.15908
1.27 1.12598
1.28 1.09323
1.29 1.06083
1.3 1.02881
1.31 0.997177
1.32 0.965945
1.33 0.935131
1.34 0.904749
1.35 0.874815
1.36 0.845344
1.37 0.816351
1.38 0.787851
1.39 0.75986
1.4 0.732394
1.41 0.705469
1.42 0.679099
1.43 0.653302
1.44 0.628093
1.45 0.603489
1.46 0.579506
1.47 0.55616
1.48 0.533468
1.49 0.511447
1.5 0.490113
1.51 0.469483
1.52 0.449575
1.53 0.430405
1.54 0.41199
1.55 0.394349
1.56 0.377498
1.57 0.361455
1.58 0.346237
1.59 0.331863
1.6 0.318351
1.61 0.305717
1.62 0.293982
1.63 0.283162
1.64 0.273276
1.65 0.264343
1.66 0.256382
1.67 0.24941
1.68 0.243447
1.69 0.238512
1.7 0.234623
1.71 0.2318
1.72 0.230063
1.73 0.22943
1.74 0.229921
1.75 0.231556
1.76 0.234355
1.77 0.238336
1.78 0.243521
1.79 0.249929
1.8 0.257581
1.81 0.266496
1.82 0.276696
1.83 0.2882
1.84 0.301029
1.85 0.315205
1.86 0.330747
1.87 0.347678
1.88 0.366017
1.89 0.385787
1.9 0.407008
1.91 0.429702
1.92 0.45389
1.93 0.479595
1.94 0.506838
1.95 0.53564
1.96 0.566024
1.97 0.598012
1.98 0.631626
1.99 0.666889
2 0.703822
2.01 0.742449
2.02 0.782792
2.03 0.824874
2.04 0.868718
2.05 0.914346
2.06 0.961783
2.07 1.01105
2.08 1.06217
2.09 1.11517
2.1 1.17008
2.11 1.2269
2.12 1.28568
2.13 1.34643
2.14 1.40917
2.15 1.47394
2.16 1.54076
2.17 1.60964
2.18 1.68062
2.19 1.75371
2.2 1.82895
2.21 1.90636
2.22 1.98596
2.23 2.06778
2.24 2.15185
2.25 2.23818
2.26 2.32681
2.27 2.02828
2.28 1.96147
2.29 1.96179
2.3 1.96153
2.31 1.96153
2.32 1.96153
2.33 1.96153
2.34 1.96153
2.35 1.96153
2.36 1.96153
2.37 1.96153
2.38 1.96153
2.39 1.96153
2.4 1.96153
2.41 1.96153
2.42 1.96153
2.43 1.96153
2.44 1.96153
2.45 1.96153
2.46 1.96153
2.47 1.96153
2.48 1.96153
2.49 1.96153
2.5 1.96153
2.51 1.96153
2.52 1.96153
2.53 1.96153
2.54 1.96153
2.55 1.96153
2.56 1.96153
2.57 1.96153
2.58 1.96153
2.59 1.96153
2.6 1.96153
2.61 1.96153
2.62 1.96153
2.63 1.96153
2.64 1.96153
2.65 1.96153
2.66 1.96153
2.67 1.96153
2.68 1.96153
2.69 1.96153
2.7 1.96153
2.71 1.96153
2.72 1.96153
2.73 1.96153
2.74 1.96153
2.75 1.96153
2.76 1.96153
2.77 1.96153
2.78 1.96153
2.79 1.96153
2.8 1.96153
2.81 1.96153
2.82 1.96153
2.83 1.96153
2.84 1.96153
2.85 1.96153
2.86 1.96153
2.87 1.96153
2.88 1.96153
2.89 1.96153
2.9 1.96153
2.91 1.96153
2.92 1.96153
2.93 1.96153
2.94 1.96153
2.95 1.96153
2.96 1.96153
2.97 1.96153
2.98 1.96153
2.99 1.96153
3 1.96153
3.01 1.96153
