0.001 4.41786
0.002 4.41786
0.003 4.41785
0.004 4.41783
0.005 4.41781
0.006 4.41778
0.007 4.41775
0.008 4.41771
0.009 4.41766
0.01 4.41761
0.011 4.41756
0.012 4.41749
0.013 4.41743
0.014 4.41735
0.015 4.41728
0.016 4.41719
0.017 4.4171
0.018 4.41701
0.019 4.4169
0.02 4.4168
0.021 4.41668
0.022 4.41657
0.023 4.41644
0.024 4.41631
0.025 4.41618
0.026 4.41604
0.027 4.41589
0.028 4.41574
0.029 4.41558
0.03 4.41542
0.031 4.41525
0.032 4.41508
0.033 4.4149
0.034 4.41471
0.035 4.41452
0.036 4.41432
0.037 4.41412
0.038 4.41391
0.039 4.4137
0.04 4.41348
0.041 4.41325
0.042 4.41302
0.043 4.41279
0.044 4.41255
0.045 4.4123
0.046 4.41205
0.047 4.41179
0.048 4.41152
0.049 4.41125
0.05 4.41098
0.051 4.4107
0.052 4.41041
0.053 4.41012
0.054 4.40982
0.055 4.40952
0.056 4.40921
0.057 4.40889
0.058 4.40857
0.059 4.40825
0.06 4.40791
0.061 4.40758
0.062 4.40723
0.063 4.40689
0.064 4.40653
0.065 4.40617
0.066 4.40581
0.067 4.40544
0.068 4.40506
0.069 4.40468
0.07 4.40429
0.071 4.4039
0.072 4.4035
0.073 4.40309
0.074 4.40268
0.075 4.40227
0.076 4.40185
0.077 4.40142
0.078 4.40099
0.079 4.40055
0.08 4.40011
0.081 4.39966
0.082 4.3992
0.083 4.39874
0.084 4.39828
0.085 4.39781
0.086 4.39733
0.087 4.39685
0.088 4.39636
0.089 4.39586
0.09 4.39536
0.091 4.39486
0.092 4.39435
0.093 4.39383
0.094 4.39331
0.095 4.39278
0.096 4.39225
0.097 4.39171
0.098 4.39117
0.099 4.39062
0.1 4.39006
0.101 4.3895
0.102 4.38894
0.103 4.38836
0.104 4.38779
0.105 4.3872
0.106 4.38661
0.107 4.38602
0.108 4.38542
0.109 4.38482
0.11 4.3842
0.111 4.38359
0.112 4.38297
0.113 4.38234
0.114 4.38171
0.115 4.38107
0.116 4.38042
0.117 4.37977
0.118 4.37912
0.119 4.37846
0.12 4.37779
0.121 4.37712
0.122 4.37644
0.123 4.37576
0.124 4.37507
0.125 4.37438
0.126 4.37368
0.127 4.37297
0.128 4.37226
0.129 4.37154
0.13 4.37082
0.131 4.37009
0.132 4.36936
0.133 4.36862
0.134 4.36788
0.135 4.36713
0.136 4.36637
0.137 4.36561
0.138 4.36485
0.139 4.36408
0.14 4.3633
0.141 4.36252
0.142 4.36173
0.143 4.36094
0.144 4.36014
0.145 4.35933
0.146 4.35852
0.147 4.35771
0.148 4.35688
0.149 4.35606
0.15 4.35523
0.151 4.35439
0.152 4.35355
0.153 4.3527
0.154 4.35184
0.155 4.35098
0.156 4.35012
0.157 4.34925
0.158 4.34837
0.159 4.34749
0.16 4.3466
0.161 4.34571
0.162 4.34481
0.163 4.34391
0.164 4.343
0.165 4.34208
0.166 4.34116
0.167 4.34024
0.168 4.33931
0.169 4.33837
0.17 4.33743
0.171 4.33648
0.172 4.33553
0.173 4.33457
0.174 4.33361
0.175 4.33264
0.176 4.33166
0.177 4.33068
0.178 4.3297
0.179 4.32871
0.18 4.32771
0.181 4.32671
0.182 4.3257
0.183 4.32469
0.184 4.32367
0.185 4.32265
0.186 4.32162
0.187 4.32058
0.188 4.31954
0.189 4.3185
0.19 4.31745
0.191 4.31639
0.192 4.31533
0.193 4.31426
0.194 4.31319
0.195 4.31211
0.196 4.31103
0.197 4.30994
0.198 4.30885
0.199 4.30775
0.2 4.30664
0.201 4.30553
0.202 4.30442
0.203 4.3033
0.204 4.30217
0.205 4.30104
0.206 4.2999
0.207 4.29876
0.208 4.29761
0.209 4.29646
0.21 4.2953
0.211 4.29413
0.212 4.29296
0.213 4.29179
0.214 4.29061
0.215 4.28942
0.216 4.28823
0.217 4.28704
0.218 4.28583
0.219 4.28463
0.22 4.28341
0.221 4.2822
0.222 4.28097
0.223 4.27974
0.224 4.27851
0.225 4.27727
0.226 4.27603
0.227 4.27478
0.228 4.27352
0.229 4.27226
0.23 4.271
0.231 4.26972
0.232 4.26845
0.233 4.26717
0.234 4.26588
0.235 4.26459
0.236 4.26329
0.237 4.26198
0.238 4.26068
0.239 4.25936
0.24 4.25804
0.241 4.25672
0.242 4.25539
0.243 4.25405
0.244 4.25271
0.245 4.25137
0.246 4.25002
0.247 4.24866
0.248 4.2473
0.249 4.24593
0.25 4.24456
0.251 4.24318
0.252 4.2418
0.253 4.24041
0.254 4.23902
0.255 4.23762
0.256 4.23622
0.257 4.23481
0.258 4.2334
0.259 4.23198
0.26 4.23055
0.261 4.22912
0.262 4.22769
0.263 4.22625
0.264 4.2248
0.265 4.22335
0.266 4.22189
0.267 4.22043
0.268 4.21897
0.269 4.2175
0.27 4.21602
0.271 4.21454
0.272 4.21305
0.273 4.21156
0.274 4.21006
0.275 4.20856
0.276 4.20705
0.277 4.20553
0.278 4.20402
0.279 4.20249
0.28 4.20096
0.281 4.19943
0.282 4.19789
0.283 4.19634
0.284 4.1948
0.285 4.19324
0.286 4.19168
0.287 4.19012
0.288 4.18854
0.289 4.18697
0.29 4.18539
0.291 4.1838
0.292 4.18221
0.293 4.18062
0.294 4.17901
0.295 4.17741
0.296 4.1758
0.297 4.17418
0.298 4.17256
0.299 4.17093
0.3 4.1693
0.301 4.16766
0.302 4.16602
0.303 4.16437
0.304 4.16272
0.305 4.16106
0.306 4.1594
0.307 4.15773
0.308 4.15606
0.309 4.15438
0.31 4.1527
0.311 4.15101
0.312 4.14932
0.313 4.14762
0.314 4.14592
0.315 4.14421
0.316 4.14249
0.317 4.14078
0.318 4.13905
0.319 4.13732
0.32 4.13559
0.321 4.13385
0.322 4.13211
0.323 4.13036
0.324 4.1286
0.325 4.12684
0.326 4.12508
0.327 4.12331
0.328 4.12154
0.329 4.11976
0.33 4.11797
0.331 4.11619
0.332 4.11439
0.333 4.11259
0.334 4.11079
0.335 4.10898
0.336 4.10717
0.337 4.10535
0.338 4.10352
0.339 4.10169
0.34 4.09986
0.341 4.09802
0.342 4.09618
0.343 4.09433
0.344 4.09247
0.345 4.09061
0.346 4.08875
0.347 4.08688
0.348 4.08501
0.349 4.08313
0.35 4.08125
0.351 4.07936
0.352 4.07746
0.353 4.07557
0.354 4.07366
0.355 4.07175
0.356 4.06984
0.357 4.06792
0.358 4.066
0.359 4.06407
0.36 4.06214
0.361 4.0602
0.362 4.05826
0.363 4.05631
0.364 4.05436
0.365 4.0524
0.366 4.05044
0.367 4.04847
0.368 4.0465
0.369 4.04453
0.37 4.04254
0.371 4.04056
0.372 4.03857
0.373 4.03657
0.374 4.03457
0.375 4.03256
0.376 4.03055
0.377 4.02854
0.378 4.02652
0.379 4.02449
0.38 4.02246
0.381 4.02043
0.382 4.01839
0.383 4.01634
0.384 4.0143
0.385 4.01224
0.386 4.01018
0.387 4.00812
0.388 4.00605
0.389 4.00398
0.39 4.0019
0.391 3.99982
0.392 3.99773
0.393 3.99564
0.394 3.99354
0.395 3.99144
0.396 3.98933
0.397 3.98722
0.398 3.98511
0.399 3.98299
0.4 3.98086
0.401 3.97873
0.402 3.9766
0.403 3.97446
0.404 3.97231
0.405 3.97016
0.406 3.96801
0.407 3.96585
0.408 3.96369
0.409 3.96152
0.41 3.95935
0.411 3.95717
0.412 3.95499
0.413 3.95281
0.414 3.95061
0.415 3.94842
0.416 3.94622
0.417 3.94401
0.418 3.9418
0.419 3.93959
0.42 3.93737
0.421 3.93515
0.422 3.93292
0.423 3.93069
0.424 3.92845
0.425 3.92621
0.426 3.92396
0.427 3.92171
0.428 3.91945
0.429 3.91719
0.43 3.91493
0.431 3.91266
0.432 3.91039
0.433 3.90811
0.434 3.90582
0.435 3.90354
0.436 3.90124
0.437 3.89895
0.438 3.89665
0.439 3.89434
0.44 3.89203
0.441 3.88971
0.442 3.88739
0.443 3.88507
0.444 3.88274
0.445 3.88041
0.446 3.87807
0.447 3.87573
0.448 3.87338
0.449 3.87103
0.45 3.86868
0.451 3.86632
0.452 3.86395
0.453 3.86158
0.454 3.85921
0.455 3.85683
0.456 3.85445
0.457 3.85206
0.458 3.84967
0.459 3.84727
0.46 3.84487
0.461 3.84247
0.462 3.84006
0.463 3.83765
0.464 3.83523
0.465 3.83281
0.466 3.83038
0.467 3.82795
0.468 3.82551
0.469 3.82307
0.47 3.82063
0.471 3.81818
0.472 3.81573
0.473 3.81327
0.474 3.81081
0.475 3.80834
0.476 3.80587
0.477 3.8034
0.478 3.80092
0.479 3.79844
0.48 3.79595
0.481 3.79346
0.482 3.79096
0.483 3.78846
0.484 3.78595
0.485 3.78344
0.486 3.78093
0.487 3.77841
0.488 3.77589
0.489 3.77336
0.49 3.77083
0.491 3.7683
0.492 3.76576
0.493 3.76322
0.494 3.76067
0.495 3.75812
0.496 3.75556
0.497 3.753
0.498 3.75043
0.499 3.74786
0.5 3.74529
0.501 3.74271
0.502 3.74013
0.503 3.73755
0.504 3.73496
0.505 3.73236
0.506 3.72976
0.507 3.72716
0.508 3.72455
0.509 3.72194
0.51 3.71933
0.511 3.71671
0.512 3.71409
0.513 3.71146
0.514 3.70883
0.515 3.70619
0.516 3.70355
0.517 3.70091
0.518 3.69826
0.519 3.69561
0.52 3.69295
0.521 3.69029
0.522 3.68763
0.523 3.68496
0.524 3.68228
0.525 3.67961
0.526 3.67693
0.527 3.67424
0.528 3.67155
0.529 3.66886
0.53 3.66616
0.531 3.66346
0.532 3.66076
0.533 3.65805
0.534 3.65533
0.535 3.65262
0.536 3.64989
0.537 3.64717
0.538 3.64444
0.539 3.64171
0.54 3.63897
0.541 3.63623
0.542 3.63348
0.543 3.63073
0.544 3.62798
0.545 3.62522
0.546 3.62246
0.547 3.6197
0.548 3.61693
0.549 3.61416
0.55 3.61138
0.551 3.6086
0.552 3.60581
0.553 3.60303
0.554 3.60023
0.555 3.59744
0.556 3.59464
0.557 3.59183
0.558 3.58903
0.559 3.58621
0.56 3.5834
0.561 3.58058
0.562 3.57776
0.563 3.57493
0.564 3.5721
0.565 3.56926
0.566 3.56642
0.567 3.56358
0.568 3.56074
0.569 3.55789
0.57 3.55503
0.571 3.55217
0.572 3.54931
0.573 3.54645
0.574 3.54358
0.575 3.54071
0.576 3.53783
0.577 3.53495
0.578 3.53207
0.579 3.52918
0.58 3.52629
0.581 3.52339
0.582 3.52049
0.583 3.51759
0.584 3.51468
0.585 3.51177
0.586 3.50886
0.587 3.50594
0.588 3.50302
0.589 3.5001
0.59 3.49717
0.591 3.49424
0.592 3.4913
0.593 3.48836
0.594 3.48542
0.595 3.48247
0.596 3.47952
0.597 3.47657
0.598 3.47361
0.599 3.47065
0.6 3.46769
0.601 3.46472
0.602 3.46175
0.603 3.45877
0.604 3.45579
0.605 3.45281
0.606 3.44982
0.607 3.44683
0.608 3.44384
0.609 3.44084
0.61 3.43784
0.611 3.43484
0.612 3.43183
0.613 3.42882
0.614 3.42581
0.615 3.42279
0.616 3.41977
0.617 3.41674
0.618 3.41371
0.619 3.41068
0.62 3.40765
0.621 3.40461
0.622 3.40157
0.623 3.39852
0.624 3.39547
0.625 3.39242
0.626 3.38937
0.627 3.38631
0.628 3.38324
0.629 3.38018
0.63 3.37711
0.631 3.37404
0.632 3.37096
0.633 3.36788
0.634 3.3648
0.635 3.36171
0.636 3.35862
0.637 3.35553
0.638 3.35243
0.639 3.34933
0.64 3.34623
0.641 3.34312
0.642 3.34001
0.643 3.3369
0.644 3.33379
0.645 3.33067
0.646 3.32754
0.647 3.32442
0.648 3.32129
0.649 3.31816
0.65 3.31502
0.651 3.31188
0.652 3.30874
0.653 3.3056
0.654 3.30245
0.655 3.2993
0.656 3.29614
0.657 3.29298
0.658 3.28982
0.659 3.28666
0.66 3.28349
0.661 3.28032
0.662 3.27714
0.663 3.27397
0.664 3.27079
0.665 3.2676
0.666 3.26442
0.667 3.26123
0.668 3.25804
0.669 3.25484
0.67 3.25164
0.671 3.24844
0.672 3.24523
0.673 3.24203
0.674 3.23881
0.675 3.2356
0.676 3.23238
0.677 3.22916
0.678 3.22594
0.679 3.22271
0.68 3.21948
0.681 3.21625
0.682 3.21302
0.683 3.20978
0.684 3.20654
0.685 3.20329
0.686 3.20004
0.687 3.19679
0.688 3.19354
0.689 3.19028
0.69 3.18702
0.691 3.18376
0.692 3.1805
0.693 3.17723
0.694 3.17396
0.695 3.17069
0.696 3.16741
0.697 3.16413
0.698 3.16085
0.699 3.15756
0.7 3.15427
0.701 3.15098
0.702 3.14769
0.703 3.14439
0.704 3.14109
0.705 3.13779
0.706 3.13449
0.707 3.13118
0.708 3.12787
0.709 3.12455
0.71 3.12124
0.711 3.11792
0.712 3.1146
0.713 3.11127
0.714 3.10794
0.715 3.10461
0.716 3.10128
0.717 3.09795
0.718 3.09461
0.719 3.09127
0.72 3.08792
0.721 3.08458
0.722 3.08123
0.723 3.07788
0.724 3.07452
0.725 3.07116
0.726 3.0678
0.727 3.06444
0.728 3.06108
0.729 3.05771
0.73 3.05434
0.731 3.05097
0.732 3.04759
0.733 3.04421
0.734 3.04083
0.735 3.03745
0.736 3.03406
0.737 3.03067
0.738 3.02728
0.739 3.02389
0.74 3.02049
0.741 3.0171
0.742 3.01369
0.743 3.01029
0.744 3.00689
0.745 3.00348
0.746 3.00007
0.747 2.99665
0.748 2.99324
0.749 2.98982
0.75 2.9864
0.751 2.98297
0.752 2.97955
0.753 2.97612
0.754 2.97269
0.755 2.96926
0.756 2.96582
0.757 2.96238
0.758 2.95894
0.759 2.9555
0.76 2.95206
0.761 2.94861
0.762 2.94516
0.763 2.94171
0.764 2.93825
0.765 2.9348
0.766 2.93134
0.767 2.92788
0.768 2.92441
0.769 2.92095
0.77 2.91748
0.771 2.91401
0.772 2.91054
0.773 2.90706
0.774 2.90358
0.775 2.9001
0.776 2.89662
0.777 2.89314
0.778 2.88965
0.779 2.88616
0.78 2.88267
0.781 2.87918
0.782 2.87569
0.783 2.87219
0.784 2.86869
0.785 2.86519
0.786 2.86169
0.787 2.85818
0.788 2.85467
0.789 2.85116
0.79 2.84765
0.791 2.84414
0.792 2.84062
0.793 2.8371
0.794 2.83358
0.795 2.83006
0.796 2.82654
0.797 2.82301
0.798 2.81948
0.799 2.81595
0.8 2.81242
0.801 2.80888
0.802 2.80535
0.803 2.80181
0.804 2.79827
0.805 2.79473
0.806 2.79118
0.807 2.78764
0.808 2.78409
0.809 2.78054
0.81 2.77699
0.811 2.77343
0.812 2.76988
0.813 2.76632
0.814 2.76276
0.815 2.7592
0.816 2.75563
0.817 2.75207
0.818 2.7485
0.819 2.74493
0.82 2.74136
0.821 2.73779
0.822 2.73422
0.823 2.73064
0.824 2.72706
0.825 2.72348
0.826 2.7199
0.827 2.71632
0.828 2.71273
0.829 2.70915
0.83 2.70556
0.831 2.70197
0.832 2.69838
0.833 2.69478
0.834 2.69119
0.835 2.68759
0.836 2.68399
0.837 2.68039
0.838 2.67679
0.839 2.67318
0.84 2.66958
0.841 2.66597
0.842 2.66236
0.843 2.65875
0.844 2.65514
0.845 2.65153
0.846 2.64791
0.847 2.6443
0.848 2.64068
0.849 2.63706
0.85 2.63344
0.851 2.62981
0.852 2.62619
0.853 2.62256
0.854 2.61894
0.855 2.61531
0.856 2.61168
0.857 2.60805
0.858 2.60441
0.859 2.60078
0.86 2.59714
0.861 2.5935
0.862 2.58987
0.863 2.58623
0.864 2.58258
0.865 2.57894
0.866 2.5753
0.867 2.57165
0.868 2.568
0.869 2.56435
0.87 2.5607
0.871 2.55705
0.872 2.5534
0.873 2.54974
0.874 2.54609
0.875 2.54243
0.876 2.53877
0.877 2.53512
0.878 2.53145
0.879 2.52779
0.88 2.52413
0.881 2.52047
0.882 2.5168
0.883 2.51313
0.884 2.50946
0.885 2.5058
0.886 2.50213
0.887 2.49845
0.888 2.49478
0.889 2.49111
0.89 2.48743
0.891 2.48376
0.892 2.48008
0.893 2.4764
0.894 2.47272
0.895 2.46904
0.896 2.46536
0.897 2.46168
0.898 2.45799
0.899 2.45431
0.9 2.45062
0.901 2.44693
0.902 2.44325
0.903 2.43956
0.904 2.43587
0.905 2.43217
0.906 2.42848
0.907 2.42479
0.908 2.4211
0.909 2.4174
0.91 2.4137
0.911 2.41001
0.912 2.40631
0.913 2.40261
0.914 2.39891
0.915 2.39521
0.916 2.39151
0.917 2.38781
0.918 2.3841
0.919 2.3804
0.92 2.37669
0.921 2.37299
0.922 2.36928
0.923 2.36558
0.924 2.36187
0.925 2.35816
0.926 2.35445
0.927 2.35074
0.928 2.34703
0.929 2.34331
0.93 2.3396
0.931 2.33589
0.932 2.33217
0.933 2.32846
0.934 2.32474
0.935 2.32103
0.936 2.31731
0.937 2.31359
0.938 2.30987
0.939 2.30616
0.94 2.30244
0.941 2.29872
0.942 2.29499
0.943 2.29127
0.944 2.28755
0.945 2.28383
0.946 2.28011
0.947 2.27638
0.948 2.27266
0.949 2.26893
0.95 2.26521
0.951 2.26148
0.952 2.25775
0.953 2.25403
0.954 2.2503
0.955 2.24657
0.956 2.24284
0.957 2.23912
0.958 2.23539
0.959 2.23166
0.96 2.22793
0.961 2.2242
0.962 2.22047
0.963 2.21673
0.964 2.213
0.965 2.20927
0.966 2.20554
0.967 2.20181
0.968 2.19807
0.969 2.19434
0.97 2.19061
0.971 2.18687
0.972 2.18314
0.973 2.1794
0.974 2.17567
0.975 2.17193
0.976 2.1682
0.977 2.16446
0.978 2.16073
0.979 2.15699
0.98 2.15326
0.981 2.14952
0.982 2.14578
0.983 2.14205
0.984 2.13831
0.985 2.13457
0.986 2.13083
0.987 2.1271
0.988 2.12336
0.989 2.11962
0.99 2.11589
0.991 2.11215
0.992 2.10841
0.993 2.10467
0.994 2.10093
0.995 2.0972
0.996 2.09346
0.997 2.08972
0.998 2.08598
0.999 2.08225
1 2.07851
1.001 2.07477
1.002 2.07103
1.003 2.06729
1.004 2.06356
1.005 2.05982
1.006 2.05608
1.007 2.05235
1.008 2.04861
1.009 2.04487
1.01 2.04113
1.011 2.0374
1.012 2.03366
1.013 2.02992
1.014 2.02619
1.015 2.02245
1.016 2.01872
1.017 2.01498
1.018 2.01125
1.019 2.00751
1.02 2.00378
1.021 2.00004
1.022 1.99631
1.023 1.99257
1.024 1.98884
1.025 1.9851
1.026 1.98137
1.027 1.97764
1.028 1.97391
1.029 1.97017
1.03 1.96644
1.031 1.96271
1.032 1.95898
1.033 1.95525
1.034 1.95152
1.035 1.94779
1.036 1.94406
1.037 1.94033
1.038 1.9366
1.039 1.93288
1.04 1.92915
1.041 1.92542
1.042 1.9217
1.043 1.91797
1.044 1.91424
1.045 1.91052
1.046 1.9068
1.047 1.90307
1.048 1.89935
1.049 1.89563
1.05 1.8919
1.051 1.88818
1.052 1.88446
1.053 1.88074
1.054 1.87702
1.055 1.8733
1.056 1.86959
1.057 1.86587
1.058 1.86215
1.059 1.85844
1.06 1.85472
1.061 1.85101
1.062 1.84729
1.063 1.84358
1.064 1.83987
1.065 1.83616
1.066 1.83245
1.067 1.82874
1.068 1.82503
1.069 1.82132
1.07 1.81761
1.071 1.81391
1.072 1.8102
1.073 1.8065
1.074 1.80279
1.075 1.79909
1.076 1.79539
1.077 1.79169
1.078 1.78799
1.079 1.78429
1.08 1.78059
1.081 1.77689
1.082 1.77319
1.083 1.7695
1.084 1.76581
1.085 1.76211
1.086 1.75842
1.087 1.75473
1.088 1.75104
1.089 1.74735
1.09 1.74366
1.091 1.73998
1.092 1.73629
1.093 1.73261
1.094 1.72892
1.095 1.72524
1.096 1.72156
1.097 1.71788
1.098 1.7142
1.099 1.71052
1.1 1.70685
1.101 1.70317
1.102 1.6995
1.103 1.69583
1.104 1.69215
1.105 1.68848
1.106 1.68482
1.107 1.68115
1.108 1.67748
1.109 1.67382
1.11 1.67015
1.111 1.66649
1.112 1.66283
1.113 1.65917
1.114 1.65551
1.115 1.65186
1.116 1.6482
1.117 1.64455
1.118 1.6409
1.119 1.63725
1.12 1.6336
1.121 1.62995
1.122 1.6263
1.123 1.62266
1.124 1.61901
1.125 1.61537
1.126 1.61173
1.127 1.60809
1.128 1.60446
1.129 1.60082
1.13 1.59719
1.131 1.59355
1.132 1.58992
1.133 1.58629
1.134 1.58267
1.135 1.57904
1.136 1.57542
1.137 1.57179
1.138 1.56817
1.139 1.56455
1.14 1.56094
1.141 1.55732
1.142 1.55371
1.143 1.55009
1.144 1.54648
1.145 1.54288
1.146 1.53927
1.147 1.53566
1.148 1.53206
1.149 1.52846
1.15 1.52486
1.151 1.52126
1.152 1.51767
1.153 1.51407
1.154 1.51048
1.155 1.50689
1.156 1.5033
1.157 1.49972
1.158 1.49613
1.159 1.49255
1.16 1.48897
1.161 1.48539
1.162 1.48182
1.163 1.47824
1.164 1.47467
1.165 1.4711
1.166 1.46753
1.167 1.46396
1.168 1.4604
1.169 1.45684
1.17 1.45328
1.171 1.44972
1.172 1.44617
1.173 1.44261
1.174 1.43906
1.175 1.43551
1.176 1.43197
1.177 1.42842
1.178 1.42488
1.179 1.42134
1.18 1.4178
1.181 1.41427
1.182 1.41073
1.183 1.4072
1.184 1.40367
1.185 1.40015
1.186 1.39662
1.187 1.3931
1.188 1.38958
1.189 1.38606
1.19 1.38255
1.191 1.37904
1.192 1.37553
1.193 1.37202
1.194 1.36851
1.195 1.36501
1.196 1.36151
1.197 1.35801
1.198 1.35452
1.199 1.35103
1.2 1.34754
1.201 1.34405
1.202 1.34056
1.203 1.33708
1.204 1.3336
1.205 1.33012
1.206 1.32665
1.207 1.32318
1.208 1.31971
1.209 1.31624
1.21 1.31278
1.211 1.30932
1.212 1.30586
1.213 1.3024
1.214 1.29895
1.215 1.2955
1.216 1.29205
1.217 1.2886
1.218 1.28516
1.219 1.28172
1.22 1.27828
1.221 1.27485
1.222 1.27142
1.223 1.26799
1.224 1.26456
1.225 1.26114
1.226 1.25772
1.227 1.2543
1.228 1.25089
1.229 1.24748
1.23 1.24407
1.231 1.24067
1.232 1.23726
1.233 1.23386
1.234 1.23047
1.235 1.22707
1.236 1.22368
1.237 1.2203
1.238 1.21691
1.239 1.21353
1.24 1.21015
1.241 1.20678
1.242 1.2034
1.243 1.20004
1.244 1.19667
1.245 1.19331
1.246 1.18995
1.247 1.18659
1.248 1.18324
1.249 1.17989
1.25 1.17654
1.251 1.1732
1.252 1.16986
1.253 1.16652
1.254 1.16319
1.255 1.15986
1.256 1.15653
1.257 1.1532
1.258 1.14988
1.259 1.14657
1.26 1.14325
1.261 1.13994
1.262 1.13664
1.263 1.13333
1.264 1.13003
1.265 1.12673
1.266 1.12344
1.267 1.12015
1.268 1.11686
1.269 1.11358
1.27 1.1103
1.271 1.10702
1.272 1.10375
1.273 1.10048
1.274 1.09722
1.275 1.09396
1.276 1.0907
1.277 1.08744
1.278 1.08419
1.279 1.08094
1.28 1.0777
1.281 1.07446
1.282 1.07122
1.283 1.06799
1.284 1.06476
1.285 1.06154
1.286 1.05831
1.287 1.0551
1.288 1.05188
1.289 1.04867
1.29 1.04546
1.291 1.04226
1.292 1.03906
1.293 1.03587
1.294 1.03268
1.295 1.02949
1.296 1.0263
1.297 1.02312
1.298 1.01995
1.299 1.01678
1.3 1.01361
1.301 1.01044
1.302 1.00728
1.303 1.00413
1.304 1.00098
1.305 0.997828
1.306 0.994684
1.307 0.991544
1.308 0.988408
1.309 0.985276
1.31 0.982148
1.311 0.979024
1.312 0.975904
1.313 0.972789
1.314 0.969677
1.315 0.96657
1.316 0.963467
1.317 0.960368
1.318 0.957273
1.319 0.954182
1.32 0.951096
1.321 0.948014
1.322 0.944936
1.323 0.941862
1.324 0.938793
1.325 0.935728
1.326 0.932668
1.327 0.929611
1.328 0.926559
1.329 0.923512
1.33 0.920468
1.331 0.91743
1.332 0.914395
1.333 0.911365
1.334 0.90834
1.335 0.905318
1.336 0.902302
1.337 0.89929
1.338 0.896282
1.339 0.893279
1.34 0.89028
1.341 0.887286
1.342 0.884296
1.343 0.881312
1.344 0.878331
1.345 0.875355
1.346 0.872384
1.347 0.869418
1.348 0.866456
1.349 0.863499
1.35 0.860546
1.351 0.857598
1.352 0.854655
1.353 0.851717
1.354 0.848783
1.355 0.845854
1.356 0.84293
1.357 0.840011
1.358 0.837097
1.359 0.834187
1.36 0.831282
1.361 0.828382
1.362 0.825487
1.363 0.822597
1.364 0.819711
1.365 0.816831
1.366 0.813955
1.367 0.811085
1.368 0.808219
1.369 0.805358
1.37 0.802503
1.371 0.799652
1.372 0.796806
1.373 0.793966
1.374 0.79113
1.375 0.7883
1.376 0.785474
1.377 0.782654
1.378 0.779839
1.379 0.777029
1.38 0.774224
1.381 0.771424
1.382 0.76863
1.383 0.76584
1.384 0.763056
1.385 0.760277
1.386 0.757503
1.387 0.754735
1.388 0.751972
1.389 0.749214
1.39 0.746461
1.391 0.743714
1.392 0.740972
1.393 0.738235
1.394 0.735504
1.395 0.732778
1.396 0.730058
1.397 0.727343
1.398 0.724633
1.399 0.721929
1.4 0.71923
1.401 0.716537
1.402 0.713849
1.403 0.711167
1.404 0.70849
1.405 0.705819
1.406 0.703153
1.407 0.700493
1.408 0.697839
1.409 0.69519
1.41 0.692547
1.411 0.689909
1.412 0.687277
1.413 0.684651
1.414 0.68203
1.415 0.679415
1.416 0.676806
1.417 0.674203
1.418 0.671605
1.419 0.669013
1.42 0.666427
1.421 0.663846
1.422 0.661272
1.423 0.658703
1.424 0.65614
1.425 0.653583
1.426 0.651032
1.427 0.648487
1.428 0.645947
1.429 0.643414
1.43 0.640886
1.431 0.638365
1.432 0.635849
1.433 0.63334
1.434 0.630836
1.435 0.628339
1.436 0.625847
1.437 0.623362
1.438 0.620882
1.439 0.618409
1.44 0.615942
1.441 0.613481
1.442 0.611026
1.443 0.608577
1.444 0.606134
1.445 0.603698
1.446 0.601267
1.447 0.598843
1.448 0.596426
1.449 0.594014
1.45 0.591609
1.451 0.58921
1.452 0.586817
1.453 0.584431
1.454 0.582051
1.455 0.579677
1.456 0.57731
1.457 0.574949
1.458 0.572594
1.459 0.570246
1.46 0.567904
1.461 0.565569
1.462 0.56324
1.463 0.560918
1.464 0.558602
1.465 0.556293
1.466 0.55399
1.467 0.551694
1.468 0.549404
1.469 0.547121
1.47 0.544845
1.471 0.542575
1.472 0.540311
1.473 0.538055
1.474 0.535805
1.475 0.533562
1.476 0.531325
1.477 0.529095
1.478 0.526872
1.479 0.524656
1.48 0.522446
1.481 0.520243
1.482 0.518047
1.483 0.515858
1.484 0.513676
1.485 0.5115
1.486 0.509332
1.487 0.50717
1.488 0.505015
1.489 0.502867
1.49 0.500726
1.491 0.498592
1.492 0.496465
1.493 0.494345
1.494 0.492232
1.495 0.490125
1.496 0.488026
1.497 0.485934
1.498 0.483849
1.499 0.481771
1.5 0.479701
1.501 0.477637
1.502 0.475581
1.503 0.473531
1.504 0.471489
1.505 0.469454
1.506 0.467426
1.507 0.465406
1.508 0.463392
1.509 0.461386
1.51 0.459387
1.511 0.457396
1.512 0.455412
1.513 0.453435
1.514 0.451465
1.515 0.449503
1.516 0.447548
1.517 0.445601
1.518 0.443661
1.519 0.441728
1.52 0.439803
1.521 0.437885
1.522 0.435975
1.523 0.434072
1.524 0.432177
1.525 0.430289
1.526 0.428409
1.527 0.426537
1.528 0.424672
1.529 0.422814
1.53 0.420965
1.531 0.419122
1.532 0.417288
1.533 0.415461
1.534 0.413642
1.535 0.411831
1.536 0.410027
1.537 0.408231
1.538 0.406443
1.539 0.404662
1.54 0.40289
1.541 0.401125
1.542 0.399368
1.543 0.397619
1.544 0.395877
1.545 0.394144
1.546 0.392418
1.547 0.390701
1.548 0.388991
1.549 0.387289
1.55 0.385596
1.551 0.38391
1.552 0.382232
1.553 0.380562
1.554 0.378901
1.555 0.377247
1.556 0.375601
1.557 0.373964
1.558 0.372334
1.559 0.370713
1.56 0.3691
1.561 0.367495
1.562 0.365898
1.563 0.364309
1.564 0.362729
1.565 0.361157
1.566 0.359593
1.567 0.358037
1.568 0.35649
1.569 0.354951
1.57 0.35342
1.571 0.351898
1.572 0.350384
1.573 0.348878
1.574 0.347381
1.575 0.345892
1.576 0.344411
1.577 0.342939
1.578 0.341476
1.579 0.34002
1.58 0.338574
1.581 0.337136
1.582 0.335706
1.583 0.334285
1.584 0.332873
1.585 0.331469
1.586 0.330074
1.587 0.328687
1.588 0.327309
1.589 0.32594
1.59 0.324579
1.591 0.323227
1.592 0.321884
1.593 0.32055
1.594 0.319224
1.595 0.317907
1.596 0.316599
1.597 0.315299
1.598 0.314009
1.599 0.312727
1.6 0.311454
1.601 0.31019
1.602 0.308935
1.603 0.307689
1.604 0.306452
1.605 0.305223
1.606 0.304004
1.607 0.302793
1.608 0.301592
1.609 0.3004
1.61 0.299216
1.611 0.298042
1.612 0.296877
1.613 0.295721
1.614 0.294574
1.615 0.293436
1.616 0.292308
1.617 0.291188
1.618 0.290078
1.619 0.288977
1.62 0.287885
1.621 0.286802
1.622 0.285729
1.623 0.284664
1.624 0.28361
1.625 0.282564
1.626 0.281528
1.627 0.280501
1.628 0.279484
1.629 0.278476
1.63 0.277477
1.631 0.276488
1.632 0.275508
1.633 0.274538
1.634 0.273577
1.635 0.272625
1.636 0.271683
1.637 0.270751
1.638 0.269828
1.639 0.268915
1.64 0.268012
1.641 0.267118
1.642 0.266233
1.643 0.265359
1.644 0.264494
1.645 0.263638
1.646 0.262793
1.647 0.261957
1.648 0.26113
1.649 0.260314
1.65 0.259507
1.651 0.258711
1.652 0.257924
1.653 0.257146
1.654 0.256379
1.655 0.255621
1.656 0.254874
1.657 0.254136
1.658 0.253408
1.659 0.252691
1.66 0.251983
1.661 0.251285
1.662 0.250597
1.663 0.249919
1.664 0.249251
1.665 0.248594
1.666 0.247946
1.667 0.247309
1.668 0.246681
1.669 0.246064
1.67 0.245457
1.671 0.24486
1.672 0.244273
1.673 0.243696
1.674 0.24313
1.675 0.242574
1.676 0.242028
1.677 0.241492
1.678 0.240967
1.679 0.240452
1.68 0.239948
1.681 0.239454
1.682 0.23897
1.683 0.238496
1.684 0.238033
1.685 0.237581
1.686 0.237139
1.687 0.236707
1.688 0.236286
1.689 0.235875
1.69 0.235475
1.691 0.235086
1.692 0.234707
1.693 0.234338
1.694 0.23398
1.695 0.233633
1.696 0.233297
1.697 0.232971
1.698 0.232656
1.699 0.232352
1.7 0.232058
1.701 0.231775
1.702 0.231503
1.703 0.231241
1.704 0.230991
1.705 0.230751
1.706 0.230522
1.707 0.230304
1.708 0.230097
1.709 0.229901
1.71 0.229715
1.711 0.229541
1.712 0.229377
1.713 0.229225
1.714 0.229083
1.715 0.228953
1.716 0.228833
1.717 0.228725
1.718 0.228628
1.719 0.228542
1.72 0.228466
1.721 0.228402
1.722 0.22835
1.723 0.228308
1.724 0.228278
1.725 0.228258
1.726 0.22825
1.727 0.228254
1.728 0.228268
1.729 0.228294
1.73 0.228331
1.731 0.228379
1.732 0.228439
1.733 0.22851
1.734 0.228593
1.735 0.228687
1.736 0.228792
1.737 0.228909
1.738 0.229037
1.739 0.229177
1.74 0.229328
1.741 0.229491
1.742 0.229666
1.743 0.229852
1.744 0.230049
1.745 0.230258
1.746 0.230479
1.747 0.230711
1.748 0.230955
1.749 0.231211
1.75 0.231478
1.751 0.231758
1.752 0.232049
1.753 0.232351
1.754 0.232666
1.755 0.232992
1.756 0.23333
1.757 0.23368
1.758 0.234042
1.759 0.234415
1.76 0.234801
1.761 0.235198
1.762 0.235608
1.763 0.236029
1.764 0.236463
1.765 0.236908
1.766 0.237365
1.767 0.237835
1.768 0.238316
1.769 0.23881
1.77 0.239315
1.771 0.239833
1.772 0.240363
1.773 0.240905
1.774 0.24146
1.775 0.242026
1.776 0.242605
1.777 0.243196
1.778 0.243799
1.779 0.244415
1.78 0.245042
1.781 0.245682
1.782 0.246335
1.783 0.247
1.784 0.247677
1.785 0.248367
1.786 0.249069
1.787 0.249783
1.788 0.25051
1.789 0.25125
1.79 0.252002
1.791 0.252766
1.792 0.253543
1.793 0.254333
1.794 0.255135
1.795 0.25595
1.796 0.256777
1.797 0.257617
1.798 0.25847
1.799 0.259335
1.8 0.260213
1.801 0.261104
1.802 0.262008
1.803 0.262924
1.804 0.263853
1.805 0.264795
1.806 0.26575
1.807 0.266718
1.808 0.267698
1.809 0.268692
1.81 0.269698
1.811 0.270717
1.812 0.27175
1.813 0.272795
1.814 0.273853
1.815 0.274924
1.816 0.276008
1.817 0.277106
1.818 0.278216
1.819 0.27934
1.82 0.280476
1.821 0.281626
1.822 0.282789
1.823 0.283965
1.824 0.285154
1.825 0.286357
1.826 0.287572
1.827 0.288801
1.828 0.290044
1.829 0.291299
1.83 0.292568
1.831 0.29385
1.832 0.295146
1.833 0.296455
1.834 0.297778
1.835 0.299113
1.836 0.300463
1.837 0.301826
1.838 0.303202
1.839 0.304592
1.84 0.305995
1.841 0.307412
1.842 0.308842
1.843 0.310286
1.844 0.311744
1.845 0.313215
1.846 0.3147
1.847 0.316199
1.848 0.317711
1.849 0.319237
1.85 0.320777
1.851 0.322331
1.852 0.323898
1.853 0.325479
1.854 0.327074
1.855 0.328683
1.856 0.330306
1.857 0.331942
1.858 0.333593
1.859 0.335257
1.86 0.336936
1.861 0.338628
1.862 0.340334
1.863 0.342055
1.864 0.343789
1.865 0.345538
1.866 0.3473
1.867 0.349077
1.868 0.350868
1.869 0.352672
1.87 0.354492
1.871 0.356325
1.872 0.358172
1.873 0.360034
1.874 0.36191
1.875 0.3638
1.876 0.365705
1.877 0.367623
1.878 0.369557
1.879 0.371504
1.88 0.373466
1.881 0.375442
1.882 0.377433
1.883 0.379438
1.884 0.381458
1.885 0.383492
1.886 0.38554
1.887 0.387603
1.888 0.389681
1.889 0.391773
1.89 0.39388
1.891 0.396002
1.892 0.398138
1.893 0.400288
1.894 0.402454
1.895 0.404634
1.896 0.406829
1.897 0.409038
1.898 0.411263
1.899 0.413502
1.9 0.415756
1.901 0.418024
1.902 0.420308
1.903 0.422606
1.904 0.42492
1.905 0.427248
1.906 0.429591
1.907 0.431949
1.908 0.434322
1.909 0.43671
1.91 0.439113
1.911 0.441532
1.912 0.443965
1.913 0.446413
1.914 0.448877
1.915 0.451355
1.916 0.453849
1.917 0.456358
1.918 0.458882
1.919 0.461421
1.92 0.463976
1.921 0.466545
1.922 0.469131
1.923 0.471731
1.924 0.474347
1.925 0.476978
1.926 0.479624
1.927 0.482286
1.928 0.484963
1.929 0.487656
1.93 0.490364
1.931 0.493087
1.932 0.495826
1.933 0.498581
1.934 0.501351
1.935 0.504137
1.936 0.506938
1.937 0.509755
1.938 0.512588
1.939 0.515436
1.94 0.5183
1.941 0.521179
1.942 0.524074
1.943 0.526985
1.944 0.529912
1.945 0.532855
1.946 0.535813
1.947 0.538787
1.948 0.541777
1.949 0.544783
1.95 0.547805
1.951 0.550843
1.952 0.553897
1.953 0.556966
1.954 0.560052
1.955 0.563153
1.956 0.566271
1.957 0.569405
1.958 0.572555
1.959 0.57572
1.96 0.578902
1.961 0.5821
1.962 0.585315
1.963 0.588545
1.964 0.591792
1.965 0.595055
1.966 0.598334
1.967 0.601629
1.968 0.604941
1.969 0.608269
1.97 0.611613
1.971 0.614974
1.972 0.618351
1.973 0.621745
1.974 0.625155
1.975 0.628581
1.976 0.632024
1.977 0.635483
1.978 0.638959
1.979 0.642452
1.98 0.645961
1.981 0.649486
1.982 0.653028
1.983 0.656587
1.984 0.660163
1.985 0.663755
1.986 0.667364
1.987 0.670989
1.988 0.674632
1.989 0.678291
1.99 0.681966
1.991 0.685659
1.992 0.689369
1.993 0.693095
1.994 0.696838
1.995 0.700598
1.996 0.704375
1.997 0.708169
1.998 0.71198
1.999 0.715808
2 0.719653
2.001 0.723515
2.002 0.727394
2.003 0.73129
2.004 0.735204
2.005 0.739134
2.006 0.743082
2.007 0.747046
2.008 0.751028
2.009 0.755027
2.01 0.759044
2.011 0.763077
2.012 0.767128
2.013 0.771196
2.014 0.775282
2.015 0.779385
2.016 0.783505
2.017 0.787643
2.018 0.791798
2.019 0.795971
2.02 0.800161
2.021 0.804368
2.022 0.808593
2.023 0.812836
2.024 0.817096
2.025 0.821373
2.026 0.825669
2.027 0.829982
2.028 0.834312
2.029 0.838661
2.03 0.843027
2.031 0.84741
2.032 0.851812
2.033 0.856231
2.034 0.860668
2.035 0.865123
2.036 0.869595
2.037 0.874086
2.038 0.878594
2.039 0.883121
2.04 0.887665
2.041 0.892227
2.042 0.896807
2.043 0.901405
2.044 0.906021
2.045 0.910656
2.046 0.915308
2.047 0.919978
2.048 0.924667
2.049 0.929373
2.05 0.934098
2.051 0.938841
2.052 0.943602
2.053 0.948382
2.054 0.953179
2.055 0.957995
2.056 0.96283
2.057 0.967682
2.058 0.972553
2.059 0.977442
2.06 0.98235
2.061 0.987276
2.062 0.992221
2.063 0.997184
2.064 1.00217
2.065 1.00717
2.066 1.01218
2.067 1.01722
2.068 1.02228
2.069 1.02735
2.07 1.03244
2.071 1.03756
2.072 1.04269
2.073 1.04783
2.074 1.053
2.075 1.05819
2.076 1.06339
2.077 1.06862
2.078 1.07386
2.079 1.07912
2.08 1.0844
2.081 1.0897
2.082 1.09502
2.083 1.10036
2.084 1.10571
2.085 1.11109
2.086 1.11648
2.087 1.1219
2.088 1.12733
2.089 1.13278
2.09 1.13825
2.091 1.14374
2.092 1.14925
2.093 1.15478
2.094 1.16032
2.095 1.16589
2.096 1.17147
2.097 1.17708
2.098 1.1827
2.099 1.18835
2.1 1.19401
2.101 1.19969
2.102 1.20539
2.103 1.21111
2.104 1.21685
2.105 1.22261
2.106 1.22839
2.107 1.23419
2.108 1.24001
2.109 1.24585
2.11 1.2517
2.111 1.25758
2.112 1.26348
2.113 1.26939
2.114 1.27533
2.115 1.28129
2.116 1.28726
2.117 1.29326
2.118 1.29927
2.119 1.30531
2.12 1.31136
2.121 1.31743
2.122 1.32353
2.123 1.32964
2.124 1.33578
2.125 1.34193
2.126 1.3481
2.127 1.3543
2.128 1.36051
2.129 1.36675
2.13 1.373
2.131 1.37927
2.132 1.38557
2.133 1.39188
2.134 1.39822
2.135 1.40457
2.136 1.41095
2.137 1.41734
2.138 1.42376
2.139 1.43019
2.14 1.43665
2.141 1.44312
2.142 1.44962
2.143 1.45614
2.144 1.46267
2.145 1.46923
2.146 1.47581
2.147 1.48241
2.148 1.48903
2.149 1.49567
2.15 1.50233
2.151 1.50901
2.152 1.51571
2.153 1.52243
2.154 1.52917
2.155 1.53594
2.156 1.54272
2.157 1.54952
2.158 1.55635
2.159 1.56319
2.16 1.57006
2.161 1.57695
2.162 1.58386
2.163 1.59079
2.164 1.59774
2.165 1.60471
2.166 1.6117
2.167 1.61871
2.168 1.62575
2.169 1.6328
2.17 1.63988
2.171 1.64698
2.172 1.65409
2.173 1.66123
2.174 1.66839
2.175 1.67557
2.176 1.68278
2.177 1.69
2.178 1.69725
2.179 1.70451
2.18 1.7118
2.181 1.71911
2.182 1.72644
2.183 1.73379
2.184 1.74116
2.185 1.74856
2.186 1.75597
2.187 1.76341
2.188 1.77087
2.189 1.77835
2.19 1.78585
2.191 1.79338
2.192 1.80092
2.193 1.80849
2.194 1.81608
2.195 1.82368
2.196 1.83132
2.197 1.83897
2.198 1.84664
2.199 1.85434
2.2 1.86206
2.201 1.8698
2.202 1.87756
2.203 1.88535
2.204 1.89315
2.205 1.90098
2.206 1.90883
2.207 1.9167
2.208 1.92459
2.209 1.93251
2.21 1.94045
2.211 1.94841
2.212 1.95639
2.213 1.96439
2.214 1.97242
2.215 1.98046
2.216 1.98853
2.217 1.99663
2.218 2.00474
2.219 2.01288
2.22 2.02104
2.221 2.02922
2.222 2.03742
2.223 2.04565
2.224 2.0539
2.225 2.06217
2.226 2.07046
2.227 2.07878
2.228 2.08711
2.229 2.09548
2.23 2.10386
2.231 2.11226
2.232 2.12069
2.233 2.12914
2.234 2.13762
2.235 2.14611
2.236 2.15463
2.237 2.16317
2.238 2.17174
2.239 2.18032
2.24 2.18893
2.241 2.19757
2.242 2.20622
2.243 2.2149
2.244 2.2236
2.245 2.23233
2.246 2.24107
2.247 2.24984
2.248 2.25864
2.249 2.26745
2.25 2.27629
2.251 2.28515
2.252 2.29404
2.253 2.30295
2.254 2.31188
2.255 2.32083
2.256 2.32981
2.257 2.33881
2.258 1.96247
2.259 1.96153
2.26 1.96153
2.261 1.96153
2.262 1.96153
2.263 1.96153
2.264 1.96153
2.265 1.96153
2.266 1.96153
2.267 1.96153
2.268 1.96153
2.269 1.96153
2.27 1.96153
2.271 1.96153
2.272 1.96153
2.273 1.96153
2.274 1.96153
2.275 1.96153
2.276 1.96153
2.277 1.96153
2.278 1.96153
2.279 1.96153
2.28 1.96153
2.281 1.96153
2.282 1.96153
2.283 1.96153
2.284 1.96153
2.285 1.96153
2.286 1.96153
2.287 1.96153
2.288 1.96153
2.289 1.96153
2.29 1.96153
2.291 1.96153
2.292 1.96153
2.293 1.96153
2.294 1.96153
2.295 1.96153
2.296 1.96153
2.297 1.96153
2.298 1.96153
2.299 1.96153
2.3 1.96153
2.301 1.96153
2.302 1.96153
2.303 1.96153
2.304 1.96153
2.305 1.96153
2.306 1.96153
2.307 1.96153
2.308 1.96153
2.309 1.96153
2.31 1.96153
2.311 1.96153
2.312 1.96153
2.313 1.96153
2.314 1.96153
2.315 1.96153
2.316 1.96153
2.317 1.96153
2.318 1.96153
2.319 1.96153
2.32 1.96153
2.321 1.96153
2.322 1.96153
2.323 1.96153
2.324 1.96153
2.325 1.96153
2.326 1.96153
2.327 1.96153
2.328 1.96153
2.329 1.96153
2.33 1.96153
2.331 1.96153
2.332 1.96153
2.333 1.96153
2.334 1.96153
2.335 1.96153
2.336 1.96153
2.337 1.96153
2.338 1.96153
2.339 1.96153
2.34 1.96153
2.341 1.96153
2.342 1.96153
2.343 1.96153
2.344 1.96153
2.345 1.96153
2.346 1.96153
2.347 1.96153
2.348 1.96153
2.349 1.96153
2.35 1.96153
2.351 1.96153
2.352 1.96153
2.353 1.96153
2.354 1.96153
2.355 1.96153
2.356 1.96153
2.357 1.96153
2.358 1.96153
2.359 1.96153
2.36 1.96153
2.361 1.96153
2.362 1.96153
2.363 1.96153
2.364 1.96153
2.365 1.96153
2.366 1.96153
2.367 1.96153
2.368 1.96153
2.369 1.96153
2.37 1.96153
2.371 1.96153
2.372 1.96153
2.373 1.96153
2.374 1.96153
2.375 1.96153
2.376 1.96153
2.377 1.96153
2.378 1.96153
2.379 1.96153
2.38 1.96153
2.381 1.96153
2.382 1.96153
2.383 1.96153
2.384 1.96153
2.385 1.96153
2.386 1.96153
2.387 1.96153
2.388 1.96153
2.389 1.96153
2.39 1.96153
2.391 1.96153
2.392 1.96153
2.393 1.96153
2.394 1.96153
2.395 1.96153
2.396 1.96153
2.397 1.96153
2.398 1.96153
2.399 1.96153
2.4 1.96153
2.401 1.96153
2.402 1.96153
2.403 1.96153
2.404 1.96153
2.405 1.96153
2.406 1.96153
2.407 1.96153
2.408 1.96153
2.409 1.96153
2.41 1.96153
2.411 1.96153
2.412 1.96153
2.413 1.96153
2.414 1.96153
2.415 1.96153
2.416 1.96153
2.417 1.96153
2.418 1.96153
2.419 1.96153
2.42 1.96153
2.421 1.96153
2.422 1.96153
2.423 1.96153
2.424 1.96153
2.425 1.96153
2.426 1.96153
2.427 1.96153
2.428 1.96153
2.429 1.96153
2.43 1.96153
2.431 1.96153
2.432 1.96153
2.433 1.96153
2.434 1.96153
2.435 1.96153
2.436 1.96153
2.437 1.96153
2.438 1.96153
2.439 1.96153
2.44 1.96153
2.441 1.96153
2.442 1.96153
2.443 1.96153
2.444 1.96153
2.445 1.96153
2.446 1.96153
2.447 1.96153
2.448 1.96153
2.449 1.96153
2.45 1.96153
2.451 1.96153
2.452 1.96153
2.453 1.96153
2.454 1.96153
2.455 1.96153
2.456 1.96153
2.457 1.96153
2.458 1.96153
2.459 1.96153
2.46 1.96153
2.461 1.96153
2.462 1.96153
2.463 1.96153
2.464 1.96153
2.465 1.96153
2.466 1.96153
2.467 1.96153
2.468 1.96153
2.469 1.96153
2.47 1.96153
2.471 1.96153
2.472 1.96153
2.473 1.96153
2.474 1.96153
2.475 1.96153
2.476 1.96153
2.477 1.96153
2.478 1.96153
2.479 1.96153
2.48 1.96153
2.481 1.96153
2.482 1.96153
2.483 1.96153
2.484 1.96153
2.485 1.96153
2.486 1.96153
2.487 1.96153
2.488 1.96153
2.489 1.96153
2.49 1.96153
2.491 1.96153
2.492 1.96153
2.493 1.96153
2.494 1.96153
2.495 1.96153
2.496 1.96153
2.497 1.96153
2.498 1.96153
2.499 1.96153
2.5 1.96153
2.501 1.96153
2.502 1.96153
2.503 1.96153
2.504 1.96153
2.505 1.96153
2.506 1.96153
2.507 1.96153
2.508 1.96153
2.509 1.96153
2.51 1.96153
2.511 1.96153
2.512 1.96153
2.513 1.96153
2.514 1.96153
2.515 1.96153
2.516 1.96153
2.517 1.96153
2.518 1.96153
2.519 1.96153
2.52 1.96153
2.521 1.96153
2.522 1.96153
2.523 1.96153
2.524 1.96153
2.525 1.96153
2.526 1.96153
2.527 1.96153
2.528 1.96153
2.529 1.96153
2.53 1.96153
2.531 1.96153
2.532 1.96153
2.533 1.96153
2.534 1.96153
2.535 1.96153
2.536 1.96153
2.537 1.96153
2.538 1.96153
2.539 1.96153
2.54 1.96153
2.541 1.96153
2.542 1.96153
2.543 1.96153
2.544 1.96153
2.545 1.96153
2.546 1.96153
2.547 1.96153
2.548 1.96153
2.549 1.96153
2.55 1.96153
2.551 1.96153
2.552 1.96153
2.553 1.96153
2.554 1.96153
2.555 1.96153
2.556 1.96153
2.557 1.96153
2.558 1.96153
2.559 1.96153
2.56 1.96153
2.561 1.96153
2.562 1.96153
2.563 1.96153
2.564 1.96153
2.565 1.96153
2.566 1.96153
2.567 1.96153
2.568 1.96153
2.569 1.96153
2.57 1.96153
2.571 1.96153
2.572 1.96153
2.573 1.96153
2.574 1.96153
2.575 1.96153
2.576 1.96153
2.577 1.96153
2.578 1.96153
2.579 1.96153
2.58 1.96153
2.581 1.96153
2.582 1.96153
2.583 1.96153
2.584 1.96153
2.585 1.96153
2.586 1.96153
2.587 1.96153
2.588 1.96153
2.589 1.96153
2.59 1.96153
2.591 1.96153
2.592 1.96153
2.593 1.96153
2.594 1.96153
2.595 1.96153
2.596 1.96153
2.597 1.96153
2.598 1.96153
2.599 1.96153
2.6 1.96153
2.601 1.96153
2.602 1.96153
2.603 1.96153
2.604 1.96153
2.605 1.96153
2.606 1.96153
2.607 1.96153
2.608 1.96153
2.609 1.96153
2.61 1.96153
2.611 1.96153
2.612 1.96153
2.613 1.96153
2.614 1.96153
2.615 1.96153
2.616 1.96153
2.617 1.96153
2.618 1.96153
2.619 1.96153
2.62 1.96153
2.621 1.96153
2.622 1.96153
2.623 1.96153
2.624 1.96153
2.625 1.96153
2.626 1.96153
2.627 1.96153
2.628 1.96153
2.629 1.96153
2.63 1.96153
2.631 1.96153
2.632 1.96153
2.633 1.96153
2.634 1.96153
2.635 1.96153
2.636 1.96153
2.637 1.96153
2.638 1.96153
2.639 1.96153
2.64 1.96153
2.641 1.96153
2.642 1.96153
2.643 1.96153
2.644 1.96153
2.645 1.96153
2.646 1.96153
2.647 1.96153
2.648 1.96153
2.649 1.96153
2.65 1.96153
2.651 1.96153
2.652 1.96153
2.653 1.96153
2.654 1.96153
2.655 1.96153
2.656 1.96153
2.657 1.96153
2.658 1.96153
2.659 1.96153
2.66 1.96153
2.661 1.96153
2.662 1.96153
2.663 1.96153
2.664 1.96153
2.665 1.96153
2.666 1.96153
2.667 1.96153
2.668 1.96153
2.669 1.96153
2.67 1.96153
2.671 1.96153
2.672 1.96153
2.673 1.96153
2.674 1.96153
2.675 1.96153
2.676 1.96153
2.677 1.96153
2.678 1.96153
2.679 1.96153
2.68 1.96153
2.681 1.96153
2.682 1.96153
2.683 1.96153
2.684 1.96153
2.685 1.96153
2.686 1.96153
2.687 1.96153
2.688 1.96153
2.689 1.96153
2.69 1.96153
2.691 1.96153
2.692 1.96153
2.693 1.96153
2.694 1.96153
2.695 1.96153
2.696 1.96153
2.697 1.96153
2.698 1.96153
2.699 1.96153
2.7 1.96153
2.701 1.96153
2.702 1.96153
2.703 1.96153
2.704 1.96153
2.705 1.96153
2.706 1.96153
2.707 1.96153
2.708 1.96153
2.709 1.96153
2.71 1.96153
2.711 1.96153
2.712 1.96153
2.713 1.96153
2.714 1.96153
2.715 1.96153
2.716 1.96153
2.717 1.96153
2.718 1.96153
2.719 1.96153
2.72 1.96153
2.721 1.96153
2.722 1.96153
2.723 1.96153
2.724 1.96153
2.725 1.96153
2.726 1.96153
2.727 1.96153
2.728 1.96153
2.729 1.96153
2.73 1.96153
2.731 1.96153
2.732 1.96153
2.733 1.96153
2.734 1.96153
2.735 1.96153
2.736 1.96153
2.737 1.96153
2.738 1.96153
2.739 1.96153
2.74 1.96153
2.741 1.96153
2.742 1.96153
2.743 1.96153
2.744 1.96153
2.745 1.96153
2.746 1.96153
2.747 1.96153
2.748 1.96153
2.749 1.96153
2.75 1.96153
2.751 1.96153
2.752 1.96153
2.753 1.96153
2.754 1.96153
2.755 1.96153
2.756 1.96153
2.757 1.96153
2.758 1.96153
2.759 1.96153
2.76 1.96153
2.761 1.96153
2.762 1.96153
2.763 1.96153
2.764 1.96153
2.765 1.96153
2.766 1.96153
2.767 1.96153
2.768 1.96153
2.769 1.96153
2.77 1.96153
2.771 1.96153
2.772 1.96153
2.773 1.96153
2.774 1.96153
2.775 1.96153
2.776 1.96153
2.777 1.96153
2.778 1.96153
2.779 1.96153
2.78 1.96153
2.781 1.96153
2.782 1.96153
2.783 1.96153
2.784 1.96153
2.785 1.96153
2.786 1.96153
2.787 1.96153
2.788 1.96153
2.789 1.96153
2.79 1.96153
2.791 1.96153
2.792 1.96153
2.793 1.96153
2.794 1.96153
2.795 1.96153
2.796 1.96153
2.797 1.96153
2.798 1.96153
2.799 1.96153
2.8 1.96153
2.801 1.96153
2.802 1.96153
2.803 1.96153
2.804 1.96153
2.805 1.96153
2.806 1.96153
2.807 1.96153
2.808 1.96153
2.809 1.96153
2.81 1.96153
2.811 1.96153
2.812 1.96153
2.813 1.96153
2.814 1.96153
2.815 1.96153
2.816 1.96153
2.817 1.96153
2.818 1.96153
2.819 1.96153
2.82 1.96153
2.821 1.96153
2.822 1.96153
2.823 1.96153
2.824 1.96153
2.825 1.96153
2.826 1.96153
2.827 1.96153
2.828 1.96153
2.829 1.96153
2.83 1.96153
2.831 1.96153
2.832 1.96153
2.833 1.96153
2.834 1.96153
2.835 1.96153
2.836 1.96153
2.837 1.96153
2.838 1.96153
2.839 1.96153
2.84 1.96153
2.841 1.96153
2.842 1.96153
2.843 1.96153
2.844 1.96153
2.845 1.96153
2.846 1.96153
2.847 1.96153
2.848 1.96153
2.849 1.96153
2.85 1.96153
2.851 1.96153
2.852 1.96153
2.853 1.96153
2.854 1.96153
2.855 1.96153
2.856 1.96153
2.857 1.96153
2.858 1.96153
2.859 1.96153
2.86 1.96153
2.861 1.96153
2.862 1.96153
2.863 1.96153
2.864 1.96153
2.865 1.96153
2.866 1.96153
2.867 1.96153
2.868 1.96153
2.869 1.96153
2.87 1.96153
2.871 1.96153
2.872 1.96153
2.873 1.96153
2.874 1.96153
2.875 1.96153
2.876 1.96153
2.877 1.96153
2.878 1.96153
2.879 1.96153
2.88 1.96153
2.881 1.96153
2.882 1.96153
2.883 1.96153
2.884 1.96153
2.885 1.96153
2.886 1.96153
2.887 1.96153
2.888 1.96153
2.889 1.96153
2.89 1.96153
2.891 1.96153
2.892 1.96153
2.893 1.96153
2.894 1.96153
2.895 1.96153
2.896 1.96153
2.897 1.96153
2.898 1.96153
2.899 1.96153
2.9 1.96153
2.901 1.96153
2.902 1.96153
2.903 1.96153
2.904 1.96153
2.905 1.96153
2.906 1.96153
2.907 1.96153
2.908 1.96153
2.909 1.96153
2.91 1.96153
2.911 1.96153
2.912 1.96153
2.913 1.96153
2.914 1.96153
2.915 1.96153
2.916 1.96153
2.917 1.96153
2.918 1.96153
2.919 1.96153
2.92 1.96153
2.921 1.96153
2.922 1.96153
2.923 1.96153
2.924 1.96153
2.925 1.96153
2.926 1.96153
2.927 1.96153
2.928 1.96153
2.929 1.96153
2.93 1.96153
2.931 1.96153
2.932 1.96153
2.933 1.96153
2.934 1.96153
2.935 1.96153
2.936 1.96153
2.937 1.96153
2.938 1.96153
2.939 1.96153
2.94 1.96153
2.941 1.96153
2.942 1.96153
2.943 1.96153
2.944 1.96153
2.945 1.96153
2.946 1.96153
2.947 1.96153
2.948 1.96153
2.949 1.96153
2.95 1.96153
2.951 1.96153
2.952 1.96153
2.953 1.96153
2.954 1.96153
2.955 1.96153
2.956 1.96153
2.957 1.96153
2.958 1.96153
2.959 1.96153
2.96 1.96153
2.961 1.96153
2.962 1.96153
2.963 1.96153
2.964 1.96153
2.965 1.96153
2.966 1.96153
2.967 1.96153
2.968 1.96153
2.969 1.96153
2.97 1.96153
2.971 1.96153
2.972 1.96153
2.973 1.96153
2.974 1.96153
2.975 1.96153
2.976 1.96153
2.977 1.96153
2.978 1.96153
2.979 1.96153
2.98 1.96153
2.981 1.96153
2.982 1.96153
2.983 1.96153
2.984 1.96153
2.985 1.96153
2.986 1.96153
2.987 1.96153
2.988 1.96153
2.989 1.96153
2.99 1.96153
2.991 1.96153
2.992 1.96153
2.993 1.96153
2.994 1.96153
2.995 1.96153
2.996 1.96153
2.997 1.96153
2.998 1.96153
2.999 1.96153
3 1.96153
3.001 1.96153
