0 15 0 0.242536 0 0 0.1
0 14.9019 0 0.470588 0 0 0.2
0 14.7057 0 0.67054 0 0 0.3
0 14.4114 0 0.83045 0 0 0.4
0 14.019 0 0.94077 0 0 0.5
0 13.5285 0 0.994911 0 0 0.6
0 12.9399 0 0.989642 0 0 0.7
0 12.2532 0 0.925276 0 0 0.8
0 11.4684 0 0.805658 0 0 0.9
0 10.5855 0 0.637929 0 0 1
0 9.6045 0 0.432107 0 0 1.1
0 8.5254 0 0.200481 0 0 1.2
0 7.3482 0 -0.0431166 0 0 1.3
0 6.0729 0 -0.284139 0 0 1.4
0 4.6995 0 -0.508195 0 0 1.5
0 3.228 0 -0.701903 0 0 1.6
0 1.6584 0 -0.853698 0 0 1.7
0 -0.0093 0 -0.954513 0 0 1.8
0 -1.7751 0 -0.99833 0 0 1.9
0 -3.639 0 -0.982532 0 0 2
0 -5.601 0 -0.908062 0 0 2.1
4.14135e-17 -4.11738 0.188417 -0.950332 -7.02002e-15 -4.39455e-15 2.2
7.40395e-15 -3.9869 0.369202 -0.948802 -1.39793e-12 -4.63375e-13 2.3
1.47665e-14 -3.96707 0.549986 -0.946763 -2.78286e-12 -9.40115e-13 2.4
3.54857e-14 -3.94502 0.719857 -0.948213 -6.72854e-12 -2.28335e-12 2.5
5.6205e-14 -4.04422 0.889728 -0.948776 -1.06763e-11 -3.6202e-12 2.6
1.57852e-13 -4.14996 1.04876 -0.952436 -2.9694e-11 -9.86698e-12 2.7
2.59499e-13 -4.36869 1.20778 -0.955437 -4.88246e-11 -1.57502e-11 2.8
6.35411e-13 -4.61031 1.35681 -0.960726 -1.17639e-10 -3.61188e-11 2.9
1.01132e-12 -4.95451 1.50583 -0.965542 -1.87121e-10 -5.40316e-11 3
