0 15 0 0.0249922 0 0 0.01
0 14.999 0 0.0499688 0 0 0.02
0 14.9971 0 0.0749141 0 0 0.03
0 14.9941 0 0.0998127 0 0 0.04
0 14.9902 0 0.124649 0 0 0.05
0 14.9853 0 0.149407 0 0 0.06
0 14.9794 0 0.174072 0 0 0.07
0 14.9725 0 0.198629 0 0 0.08
0 14.9647 0 0.223061 0 0 0.09
0 14.9559 0 0.247354 0 0 0.1
0 14.946 0 0.271492 0 0 0.11
0 14.9353 0 0.295461 0 0 0.12
0 14.9235 0 0.319245 0 0 0.13
0 14.9107 0 0.342829 0 0 0.14
0 14.897 0 0.3662 0 0 0.15
0 14.8823 0 0.389342 0 0 0.16
0 14.8666 0 0.41224 0 0 0.17
0 14.8499 0 0.434881 0 0 0.18
0 14.8322 0 0.45725 0 0 0.19
0 14.8136 0 0.479334 0 0 0.2
0 14.794 0 0.501118 0 0 0.21
0 14.7734 0 0.52259 0 0 0.22
0 14.7518 0 0.543734 0 0 0.23
0 14.7292 0 0.564539 0 0 0.24
0 14.7057 0 0.584992 0 0 0.25
0 14.6812 0 0.605079 0 0 0.26
0 14.6557 0 0.624788 0 0 0.27
0 14.6292 0 0.644106 0 0 0.28
0 14.6017 0 0.663022 0 0 0.29
0 14.5733 0 0.681524 0 0 0.3
0 14.5438 0 0.699601 0 0 0.31
0 14.5134 0 0.71724 0 0 0.32
0 14.482 0 0.734431 0 0 0.33
0 14.4497 0 0.751164 0 0 0.34
0 14.4163 0 0.767427 0 0 0.35
0 14.382 0 0.78321 0 0 0.36
0 14.3467 0 0.798505 0 0 0.37
0 14.3104 0 0.8133 0 0 0.38
0 14.2731 0 0.827588 0 0 0.39
0 14.2348 0 0.841358 0 0 0.4
0 14.1956 0 0.854603 0 0 0.41
0 14.1554 0 0.867314 0 0 0.42
0 14.1142 0 0.879484 0 0 0.43
0 14.072 0 0.891103 0 0 0.44
0 14.0288 0 0.902167 0 0 0.45
0 13.9847 0 0.912666 0 0 0.46
0 13.9395 0 0.922595 0 0 0.47
0 13.8934 0 0.931949 0 0 0.48
0 13.8463 0 0.940719 0 0 0.49
0 13.7983 0 0.948903 0 0 0.5
0 13.7492 0 0.956493 0 0 0.51
0 13.6992 0 0.963486 0 0 0.52
0 13.6482 0 0.969877 0 0 0.53
0 13.5962 0 0.975662 0 0 0.54
0 13.5432 0 0.980837 0 0 0.55
0 13.4893 0 0.9854 0 0 0.56
0 13.4343 0 0.989347 0 0 0.57
0 13.3784 0 0.992677 0 0 0.58
0 13.3215 0 0.995386 0 0 0.59
0 13.2636 0 0.997473 0 0 0.6
0 13.2048 0 0.998937 0 0 0.61
0 13.1449 0 0.999777 0 0 0.62
0 13.0841 0 0.999992 0 0 0.63
0 13.0223 0 0.999583 0 0 0.64
0 12.9595 0 0.99855 0 0 0.65
0 12.8958 0 0.996892 0 0 0.66
0 12.831 0 0.994612 0 0 0.67
0 12.7653 0 0.99171 0 0 0.68
0 12.6986 0 0.988189 0 0 0.69
0 12.6309 0 0.984051 0 0 0.7
0 12.5622 0 0.979298 0 0 0.71
0 12.4926 0 0.973933 0 0 0.72
0 12.4219 0 0.967959 0 0 0.73
0 12.3503 0 0.961381 0 0 0.74
0 12.2777 0 0.954203 0 0 0.75
0 12.2042 0 0.946428 0 0 0.76
0 12.1296 0 0.938062 0 0 0.77
0 12.0541 0 0.92911 0 0 0.78
0 11.9775 0 0.919578 0 0 0.79
0 11.9 0 0.909471 0 0 0.8
0 11.8216 0 0.898796 0 0 0.81
0 11.7421 0 0.887559 0 0 0.82
0 11.6617 0 0.875768 0 0 0.83
0 11.5802 0 0.86343 0 0 0.84
0 11.4978 0 0.850553 0 0 0.85
0 11.4144 0 0.837144 0 0 0.86
0 11.3301 0 0.823212 0 0 0.87
0 11.2447 0 0.808766 0 0 0.88
0 11.1584 0 0.793815 0 0 0.89
0 11.0711 0 0.778367 0 0 0.9
0 10.9828 0 0.762434 0 0 0.91
0 10.8935 0 0.746024 0 0 0.92
0 10.8033 0 0.729148 0 0 0.93
0 10.712 0 0.711817 0 0 0.94
0 10.6198 0 0.694041 0 0 0.95
0 10.5266 0 0.675832 0 0 0.96
0 10.4325 0 0.6572 0 0 0.97
0 10.3373 0 0.638158 0 0 0.98
0 10.2412 0 0.618717 0 0 0.99
0 10.1441 0 0.598889 0 0 1
0 10.046 0 0.578688 0 0 1.01
0 9.94687 0 0.558124 0 0 1.02
0 9.84681 0 0.537213 0 0 1.03
0 9.74576 0 0.515965 0 0 1.04
0 9.64374 0 0.494396 0 0 1.05
0 9.54074 0 0.472517 0 0 1.06
0 9.43675 0 0.450343 0 0 1.07
0 9.33178 0 0.427888 0 0 1.08
0 9.22583 0 0.405166 0 0 1.09
0 9.11891 0 0.38219 0 0 1.1
0 9.011 0 0.358976 0 0 1.11
0 8.9021 0 0.335538 0 0 1.12
0 8.79223 0 0.311889 0 0 1.13
0 8.68138 0 0.288046 0 0 1.14
0 8.56955 0 0.264024 0 0 1.15
0 8.45673 0 0.239836 0 0 1.16
0 8.34293 0 0.215498 0 0 1.17
0 8.22816 0 0.191026 0 0 1.18
0 8.1124 0 0.166434 0 0 1.19
0 7.99566 0 0.141738 0 0 1.2
0 7.87794 0 0.116954 0 0 1.21
0 7.75924 0 0.0920971 0 0 1.22
0 7.63956 0 0.0671824 0 0 1.23
0 7.51889 0 0.0422257 0 0 1.24
0 7.39725 0 0.0172426 0 0 1.25
0 7.27463 0 -0.00775126 0 0 1.26
0 7.15102 0 -0.0327403 0 0 1.27
0 7.02643 0 -0.0577089 0 0 1.28
0 6.90086 0 -0.0826414 0 0 1.29
0 6.77432 0 -0.107522 0 0 1.3
0 6.64679 0 -0.132336 0 0 1.31
0 6.51827 0 -0.157067 0 0 1.32
0 6.38878 0 -0.1817 0 0 1.33
0 6.25831 0 -0.206219 0 0 1.34
0 6.12686 0 -0.23061 0 0 1.35
0 5.99442 0 -0.254856 0 0 1.36
0 5.861 0 -0.278944 0 0 1.37
0 5.72661 0 -0.302857 0 0 1.38
0 5.59123 0 -0.326581 0 0 1.39
0 5.45487 0 -0.350101 0 0 1.4
0 5.31753 0 -0.373402 0 0 1.41
0 5.17921 0 -0.39647 0 0 1.42
0 5.03991 0 -0.41929 0 0 1.43
0 4.89962 0 -0.441848 0 0 1.44
0 4.75836 0 -0.46413 0 0 1.45
0 4.61612 0 -0.486123 0 0 1.46
0 4.47289 0 -0.507811 0 0 1.47
0 4.32868 0 -0.529182 0 0 1.48
0 4.18349 0 -0.550223 0 0 1.49
0 4.03732 0 -0.57092 0 0 1.5
0 3.89017 0 -0.591261 0 0 1.51
0 3.74204 0 -0.611232 0 0 1.52
0 3.59293 0 -0.630821 0 0 1.53
0 3.44284 0 -0.650016 0 0 1.54
0 3.29176 0 -0.668805 0 0 1.55
0 3.13971 0 -0.687176 0 0 1.56
0 2.98667 0 -0.705118 0 0 1.57
0 2.83266 0 -0.72262 0 0 1.58
0 2.67766 0 -0.73967 0 0 1.59
0 2.52168 0 -0.756258 0 0 1.6
0 2.36472 0 -0.772373 0 0 1.61
0 2.20678 0 -0.788006 0 0 1.62
0 2.04786 0 -0.803147 0 0 1.63
0 1.88795 0 -0.817786 0 0 1.64
0 1.72707 0 -0.831914 0 0 1.65
0 1.5652 0 -0.845523 0 0 1.66
0 1.40236 0 -0.858603 0 0 1.67
0 1.23853 0 -0.871147 0 0 1.68
0 1.07372 0 -0.883146 0 0 1.69
0 0.907935 0 -0.894594 0 0 1.7
0 0.741165 0 -0.905483 0 0 1.71
0 0.573414 0 -0.915807 0 0 1.72
0 0.404682 0 -0.925558 0 0 1.73
0 0.234969 0 -0.934731 0 0 1.74
0 0.064275 0 -0.94332 0 0 1.75
0 -0.1074 0 -0.95132 0 0 1.76
0 -0.280056 0 -0.958726 0 0 1.77
0 -0.453693 0 -0.965532 0 0 1.78
0 -0.628311 0 -0.971736 0 0 1.79
0 -0.80391 0 -0.977332 0 0 1.8
0 -0.98049 0 -0.982318 0 0 1.81
0 -1.15805 0 -0.98669 0 0 1.82
0 -1.33659 0 -0.990446 0 0 1.83
0 -1.51612 0 -0.993583 0 0 1.84
0 -1.69662 0 -0.996099 0 0 1.85
0 -1.87811 0 -0.997994 0 0 1.86
0 -2.06057 0 -0.999264 0 0 1.87
0 -2.24402 0 -0.999911 0 0 1.88
0 -2.42845 0 -0.999932 0 0 1.89
0 -2.61386 0 -0.999329 0 0 1.9
0 -2.80025 0 -0.998102 0 0 1.91
0 -2.98762 0 -0.996252 0 0 1.92
0 -3.17597 0 -0.993778 0 0 1.93
0 -3.3653 0 -0.990685 0 0 1.94
0 -3.55562 0 -0.986972 0 0 1.95
0 -3.74691 0 -0.982642 0 0 1.96
0 -3.93919 0 -0.977699 0 0 1.97
0 -4.13244 0 -0.972145 0 0 1.98
0 -4.32668 0 -0.965984 0 0 1.99
0 -4.5219 0 -0.959219 0 0 2
0 -4.7181 0 -0.951855 0 0 2.01
1.72556e-19 -4.5284 0.00289166 -0.95847 -3.26109e-17 -1.1294e-17 2.02
3.45112e-19 -4.52518 0.00578333 -0.958406 -6.52174e-17 -2.26028e-17 2.03
5.52719e-18 -4.52233 0.00859387 -0.958362 -1.05815e-15 -3.19123e-16 2.04
1.07093e-17 -4.52049 0.0114044 -0.958316 -2.05099e-15 -6.1596e-16 2.05
2.24269e-17 -4.5187 0.014114 -0.958302 -4.29649e-15 -1.28541e-15 2.06
3.41445e-17 -4.51811 0.0168237 -0.958279 -6.54187e-15 -1.95527e-15 2.07
3.9758e-17 -4.51764 0.0194323 -0.958286 -7.617e-15 -2.27671e-15 2.08
4.53715e-17 -4.5183 0.022041 -0.958286 -8.69209e-15 -2.59827e-15 2.09
5.11036e-17 -4.51915 0.0245487 -0.958313 -9.7899e-15 -2.92573e-15 2.1
5.68357e-17 -4.52106 0.0270563 -0.958337 -1.08877e-14 -3.25309e-15 2.11
6.2557e-17 -4.52323 0.0294631 -0.958385 -1.19835e-14 -3.57866e-15 2.12
6.82783e-17 -4.52639 0.0318698 -0.958432 -1.30793e-14 -3.90386e-15 2.13
7.39996e-17 -4.53052 0.0342765 -0.958479 -1.41753e-14 -4.22871e-15 2.14
7.32393e-17 -4.5342 0.0365321 -0.958574 -1.40285e-14 -4.18184e-15 2.15
7.2479e-17 -4.53923 0.0387877 -0.958656 -1.38815e-14 -4.13572e-15 2.16
7.17186e-17 -4.54524 0.0410433 -0.958738 -1.37345e-14 -4.08968e-15 2.17
7.74184e-17 -4.55096 0.0431483 -0.958862 -1.48259e-14 -4.40778e-15 2.18
8.31181e-17 -4.55787 0.0452532 -0.958978 -1.59175e-14 -4.72534e-15 2.19
8.88179e-17 -4.56575 0.0473582 -0.959093 -1.70093e-14 -5.04201e-15 2.2
8.81762e-17 -4.57352 0.0493134 -0.959245 -1.68839e-14 -4.99708e-15 2.21
8.75345e-17 -4.58231 0.0512685 -0.959395 -1.67585e-14 -4.95239e-15 2.22
8.68928e-17 -4.59208 0.0532236 -0.959544 -1.6633e-14 -4.90783e-15 2.23
8.62511e-17 -4.60283 0.0551788 -0.959693 -1.65074e-14 -4.86341e-15 2.24
9.25764e-17 -4.61269 0.0569356 -0.959904 -1.77179e-14 -5.20542e-15 2.25
9.89016e-17 -4.62401 0.0586925 -0.960097 -1.89285e-14 -5.54675e-15 2.26
1.05227e-16 -4.6363 0.0604493 -0.960291 -2.01396e-14 -5.8864e-15 2.27
1.11552e-16 -4.64958 0.0622062 -0.960483 -2.13512e-14 -6.22438e-15 2.28
1.22385e-16 -4.66226 0.0637671 -0.960726 -2.34274e-14 -6.8062e-15 2.29
1.33219e-16 -4.67611 0.0653279 -0.960962 -2.55044e-14 -7.38501e-15 2.3
1.44052e-16 -4.69094 0.0668888 -0.961197 -2.75825e-14 -7.96027e-15 2.31
1.54885e-16 -4.70676 0.0684497 -0.961432 -2.96615e-14 -8.53201e-15 2.32
1.65719e-16 -4.72355 0.0700106 -0.961665 -3.17415e-14 -9.10021e-15 2.33
1.83023e-16 -4.73896 0.0713302 -0.961975 -3.50646e-14 -1.00087e-14 2.34
2.00327e-16 -4.75601 0.0726499 -0.962261 -3.83889e-14 -1.09129e-14 2.35
2.17631e-16 -4.77405 0.0739696 -0.962546 -4.17152e-14 -1.18101e-14 2.36
2.34935e-16 -4.79306 0.0752893 -0.96283 -4.50433e-14 -1.27004e-14 2.37
2.52239e-16 -4.81305 0.076609 -0.963113 -4.83734e-14 -1.35837e-14 2.38
2.61218e-16 -4.83212 0.0776926 -0.963455 -5.00973e-14 -1.40003e-14 2.39
2.70196e-16 -4.85241 0.0787763 -0.963788 -5.18219e-14 -1.44141e-14 2.4
2.79174e-16 -4.87368 0.0798599 -0.964119 -5.35476e-14 -1.48236e-14 2.41
2.88153e-16 -4.89593 0.0809435 -0.964449 -5.52744e-14 -1.52288e-14 2.42
2.97131e-16 -4.91916 0.0820272 -0.964777 -5.70022e-14 -1.56298e-14 2.43
3.06109e-16 -4.94337 0.0831108 -0.965104 -5.87312e-14 -1.60264e-14 2.44
3.27059e-16 -4.96591 0.0839187 -0.965513 -6.27665e-14 -1.70226e-14 2.45
3.48008e-16 -4.99013 0.0847266 -0.965896 -6.68035e-14 -1.80122e-14 2.46
3.68957e-16 -5.01533 0.0855345 -0.966278 -7.08435e-14 -1.89899e-14 2.47
3.89907e-16 -5.04152 0.0863424 -0.966657 -7.48864e-14 -1.99557e-14 2.48
4.10856e-16 -5.06868 0.0871503 -0.967034 -7.89324e-14 -2.09097e-14 2.49
4.31806e-16 -5.09683 0.0879582 -0.967408 -8.29813e-14 -2.18516e-14 2.5
4.37958e-16 -5.12391 0.0884996 -0.967844 -8.41601e-14 -2.201e-14 2.51
4.44111e-16 -5.15213 0.0890411 -0.968271 -8.53391e-14 -2.21662e-14 2.52
4.50264e-16 -5.18134 0.0895826 -0.968695 -8.65188e-14 -2.23185e-14 2.53
4.56416e-16 -5.21152 0.0901241 -0.969116 -8.76994e-14 -2.24668e-14 2.54
4.62569e-16 -5.24269 0.0906656 -0.969535 -8.88806e-14 -2.26111e-14 2.55
4.68722e-16 -5.27484 0.091207 -0.969951 -9.00626e-14 -2.27515e-14 2.56
4.74874e-16 -5.30797 0.0917485 -0.970363 -9.12453e-14 -2.28879e-14 2.57
4.87024e-16 -5.33932 0.0919915 -0.970856 -9.35793e-14 -2.32728e-14 2.58
4.99173e-16 -5.37231 0.0922344 -0.971324 -9.59132e-14 -2.36565e-14 2.59
5.11322e-16 -5.40627 0.0924774 -0.971789 -9.82489e-14 -2.40311e-14 2.6
5.23471e-16 -5.44121 0.0927204 -0.97225 -1.00586e-13 -2.43967e-14 2.61
5.3562e-16 -5.47713 0.0929633 -0.972707 -1.02926e-13 -2.47531e-14 2.62
5.47769e-16 -5.51404 0.0932063 -0.97316 -1.05267e-13 -2.51004e-14 2.63
5.59918e-16 -5.55192 0.0934492 -0.973609 -1.0761e-13 -2.54387e-14 2.64
5.67149e-16 -5.58867 0.0934078 -0.974115 -1.08977e-13 -2.55095e-14 2.65
5.7438e-16 -5.62651 0.0933663 -0.974613 -1.10345e-13 -2.55759e-14 2.66
5.81611e-16 -5.66533 0.0933248 -0.975106 -1.11714e-13 -2.56364e-14 2.67
5.88842e-16 -5.70512 0.0932834 -0.975594 -1.13083e-13 -2.56909e-14 2.68
5.96074e-16 -5.7459 0.0932419 -0.976078 -1.14454e-13 -2.57395e-14 2.69
6.03305e-16 -5.78766 0.0932004 -0.976556 -1.15825e-13 -2.57822e-14 2.7
6.10536e-16 -5.83041 0.0931589 -0.97703 -1.17196e-13 -2.58189e-14 2.71
6.17767e-16 -5.87413 0.0931175 -0.977499 -1.18569e-13 -2.58496e-14 2.72
6.31642e-16 -5.91593 0.0927677 -0.978043 -1.21216e-13 -2.61019e-14 2.73
6.45516e-16 -5.95944 0.092418 -0.978559 -1.23863e-13 -2.63528e-14 2.74
6.59391e-16 -6.00392 0.0920682 -0.979069 -1.26512e-13 -2.65907e-14 2.75
6.73266e-16 -6.04939 0.0917185 -0.979573 -1.29163e-13 -2.68155e-14 2.76
6.8714e-16 -6.09584 0.0913687 -0.980071 -1.31815e-13 -2.70273e-14 2.77
7.01015e-16 -6.14327 0.091019 -0.980563 -1.3447e-13 -2.7226e-14 2.78
7.14889e-16 -6.19167 0.0906692 -0.981048 -1.37126e-13 -2.74116e-14 2.79
7.28764e-16 -6.24107 0.0903195 -0.981528 -1.39784e-13 -2.75841e-14 2.8
7.44407e-16 -6.289 0.089679 -0.982063 -1.42758e-13 -2.77581e-14 2.81
7.6005e-16 -6.33829 0.0890386 -0.982579 -1.45733e-13 -2.79233e-14 2.82
7.75694e-16 -6.38857 0.0883981 -0.983089 -1.4871e-13 -2.80723e-14 2.83
7.91337e-16 -6.43983 0.0877577 -0.983591 -1.51689e-13 -2.8205e-14 2.84
8.0698e-16 -6.49207 0.0871172 -0.984085 -1.5467e-13 -2.83215e-14 2.85
8.22624e-16 -6.54529 0.0864768 -0.984572 -1.57652e-13 -2.84217e-14 2.86
8.38267e-16 -6.5995 0.0858363 -0.985051 -1.60636e-13 -2.85056e-14 2.87
8.5391e-16 -6.65468 0.0851959 -0.985523 -1.63622e-13 -2.85732e-14 2.88
8.53549e-16 -6.70858 0.0842805 -0.986038 -1.63414e-13 -2.8026e-14 2.89
8.53188e-16 -6.76378 0.083365 -0.986537 -1.63203e-13 -2.74876e-14 2.9
8.52826e-16 -6.81997 0.0824496 -0.987026 -1.62991e-13 -2.69507e-14 2.91
8.52465e-16 -6.87713 0.0815342 -0.987507 -1.62776e-13 -2.64152e-14 2.92
8.52104e-16 -6.93527 0.0806187 -0.987979 -1.6256e-13 -2.58814e-14 2.93
8.51742e-16 -6.9944 0.0797033 -0.988441 -1.62342e-13 -2.5349e-14 2.94
8.51381e-16 -7.0545 0.0787879 -0.988895 -1.62123e-13 -2.48182e-14 2.95
8.5102e-16 -7.11559 0.0778724 -0.98934 -1.61901e-13 -2.42889e-14 2.96
8.6785e-16 -7.17531 0.0766957 -0.989821 -1.65039e-13 -2.41996e-14 2.97
8.84679e-16 -7.23651 0.075519 -0.990282 -1.68175e-13 -2.41016e-14 2.98
9.01509e-16 -7.29869 0.0743422 -0.990733 -1.71313e-13 -2.39833e-14 2.99
9.18338e-16 -7.36186 0.0731655 -0.991172 -1.74452e-13 -2.38447e-14 3
9.35168e-16 -7.426 0.0719887 -0.991601 -1.77591e-13 -2.36857e-14 3.01
