0.001 5.02655
0.002 5.02655
0.003 5.02654
0.004 5.02653
0.005 5.02651
0.006 5.02649
0.007 5.02647
0.008 5.02644
0.009 5.0264
0.01 5.02637
0.011 5.02632
0.012 5.02628
0.013 5.02623
0.014 5.02617
0.015 5.02612
0.016 5.02605
0.017 5.02599
0.018 5.02591
0.019 5.02584
0.02 5.02576
0.021 5.02567
0.022 5.02559
0.023 5.02549
0.024 5.0254
0.025 5.02529
0.026 5.02519
0.027 5.02508
0.028 5.02496
0.029 5.02485
0.03 5.02472
0.031 5.0246
0.032 5.02447
0.033 5.02433
0.034 5.02419
0.035 5.02405
0.036 5.0239
0.037 5.02375
0.038 5.02359
0.039 5.02343
0.04 5.02326
0.041 5.0231
0.042 5.02292
0.043 5.02274
0.044 5.02256
0.045 5.02238
0.046 5.02218
0.047 5.02199
0.048 5.02179
0.049 5.02159
0.05 5.02138
0.051 5.02117
0.052 5.02095
0.053 5.02073
0.054 5.02051
0.055 5.02028
0.056 5.02005
0.057 5.01981
0.058 5.01957
0.059 5.01932
0.06 5.01907
0.061 5.01882
0.062 5.01856
0.063 5.0183
0.064 5.01803
0.065 5.01776
0.066 5.01748
0.067 5.0172
0.068 5.01692
0.069 5.01663
0.07 5.01634
0.071 5.01604
0.072 5.01574
0.073 5.01543
0.074 5.01513
0.075 5.01481
0.076 5.01449
0.077 5.01417
0.078 5.01385
0.079 5.01352
0.08 5.01318
0.081 5.01284
0.082 5.0125
0.083 5.01215
0.084 5.0118
0.085 5.01144
0.086 5.01108
0.087 5.01072
0.088 5.01035
0.089 5.00998
0.09 5.0096
0.091 5.00922
0.092 5.00884
0.093 5.00845
0.094 5.00805
0.095 5.00765
0.096 5.00725
0.097 5.00685
0.098 5.00643
0.099 5.00602
0.1 5.0056
0.101 5.00518
0.102 5.00475
0.103 5.00432
0.104 5.00388
0.105 5.00344
0.106 5.003
0.107 5.00255
0.108 5.0021
0.109 5.00164
0.11 5.00118
0.111 5.00071
0.112 5.00025
0.113 4.99977
0.114 4.99929
0.115 4.99881
0.116 4.99833
0.117 4.99784
0.118 4.99734
0.119 4.99684
0.12 4.99634
0.121 4.99583
0.122 4.99532
0.123 4.99481
0.124 4.99429
0.125 4.99376
0.126 4.99323
0.127 4.9927
0.128 4.99217
0.129 4.99163
0.13 4.99108
0.131 4.99053
0.132 4.98998
0.133 4.98942
0.134 4.98886
0.135 4.9883
0.136 4.98773
0.137 4.98715
0.138 4.98657
0.139 4.98599
0.14 4.98541
0.141 4.98482
0.142 4.98422
0.143 4.98362
0.144 4.98302
0.145 4.98241
0.146 4.9818
0.147 4.98119
0.148 4.98057
0.149 4.97994
0.15 4.97932
0.151 4.97869
0.152 4.97805
0.153 4.97741
0.154 4.97677
0.155 4.97612
0.156 4.97546
0.157 4.97481
0.158 4.97415
0.159 4.97348
0.16 4.97281
0.161 4.97214
0.162 4.97146
0.163 4.97078
0.164 4.9701
0.165 4.96941
0.166 4.96871
0.167 4.96802
0.168 4.96732
0.169 4.96661
0.17 4.9659
0.171 4.96519
0.172 4.96447
0.173 4.96374
0.174 4.96302
0.175 4.96229
0.176 4.96155
0.177 4.96082
0.178 4.96007
0.179 4.95933
0.18 4.95857
0.181 4.95782
0.182 4.95706
0.183 4.9563
0.184 4.95553
0.185 4.95476
0.186 4.95398
0.187 4.95321
0.188 4.95242
0.189 4.95163
0.19 4.95084
0.191 4.95005
0.192 4.94925
0.193 4.94844
0.194 4.94764
0.195 4.94682
0.196 4.94601
0.197 4.94519
0.198 4.94436
0.199 4.94354
0.2 4.9427
0.201 4.94187
0.202 4.94103
0.203 4.94018
0.204 4.93934
0.205 4.93848
0.206 4.93763
0.207 4.93677
0.208 4.9359
0.209 4.93504
0.21 4.93416
0.211 4.93329
0.212 4.93241
0.213 4.93152
0.214 4.93063
0.215 4.92974
0.216 4.92885
0.217 4.92795
0.218 4.92704
0.219 4.92613
0.22 4.92522
0.221 4.9243
0.222 4.92338
0.223 4.92246
0.224 4.92153
0.225 4.9206
0.226 4.91966
0.227 4.91872
0.228 4.91778
0.229 4.91683
0.23 4.91588
0.231 4.91492
0.232 4.91396
0.233 4.913
0.234 4.91203
0.235 4.91106
0.236 4.91008
0.237 4.90911
0.238 4.90812
0.239 4.90713
0.24 4.90614
0.241 4.90515
0.242 4.90415
0.243 4.90314
0.244 4.90214
0.245 4.90113
0.246 4.90011
0.247 4.89909
0.248 4.89807
0.249 4.89704
0.25 4.89601
0.251 4.89498
0.252 4.89394
0.253 4.8929
0.254 4.89185
0.255 4.8908
0.256 4.88975
0.257 4.88869
0.258 4.88763
0.259 4.88656
0.26 4.88549
0.261 4.88442
0.262 4.88334
0.263 4.88226
0.264 4.88117
0.265 4.88008
0.266 4.87899
0.267 4.87789
0.268 4.87679
0.269 4.87569
0.27 4.87458
0.271 4.87347
0.272 4.87235
0.273 4.87123
0.274 4.87011
0.275 4.86898
0.276 4.86785
0.277 4.86671
0.278 4.86558
0.279 4.86443
0.28 4.86329
0.281 4.86214
0.282 4.86098
0.283 4.85982
0.284 4.85866
0.285 4.8575
0.286 4.85633
0.287 4.85515
0.288 4.85398
0.289 4.85279
0.29 4.85161
0.291 4.85042
0.292 4.84923
0.293 4.84803
0.294 4.84683
0.295 4.84563
0.296 4.84442
0.297 4.84321
0.298 4.842
0.299 4.84078
0.3 4.83956
0.301 4.83833
0.302 4.8371
0.303 4.83587
0.304 4.83463
0.305 4.83339
0.306 4.83214
0.307 4.83089
0.308 4.82964
0.309 4.82839
0.31 4.82713
0.311 4.82586
0.312 4.82459
0.313 4.82332
0.314 4.82205
0.315 4.82077
0.316 4.81949
0.317 4.8182
0.318 4.81691
0.319 4.81562
0.32 4.81432
0.321 4.81302
0.322 4.81172
0.323 4.81041
0.324 4.8091
0.325 4.80778
0.326 4.80647
0.327 4.80514
0.328 4.80382
0.329 4.80249
0.33 4.80115
0.331 4.79982
0.332 4.79848
0.333 4.79713
0.334 4.79578
0.335 4.79443
0.336 4.79308
0.337 4.79172
0.338 4.79036
0.339 4.78899
0.34 4.78762
0.341 4.78625
0.342 4.78487
0.343 4.78349
0.344 4.78211
0.345 4.78072
0.346 4.77933
0.347 4.77793
0.348 4.77653
0.349 4.77513
0.35 4.77373
0.351 4.77232
0.352 4.7709
0.353 4.76949
0.354 4.76807
0.355 4.76664
0.356 4.76522
0.357 4.76379
0.358 4.76235
0.359 4.76091
0.36 4.75947
0.361 4.75803
0.362 4.75658
0.363 4.75513
0.364 4.75367
0.365 4.75222
0.366 4.75075
0.367 4.74929
0.368 4.74782
0.369 4.74635
0.37 4.74487
0.371 4.74339
0.372 4.74191
0.373 4.74042
0.374 4.73893
0.375 4.73744
0.376 4.73594
0.377 4.73444
0.378 4.73293
0.379 4.73143
0.38 4.72992
0.381 4.7284
0.382 4.72688
0.383 4.72536
0.384 4.72384
0.385 4.72231
0.386 4.72078
0.387 4.71924
0.388 4.71771
0.389 4.71616
0.39 4.71462
0.391 4.71307
0.392 4.71152
0.393 4.70996
0.394 4.7084
0.395 4.70684
0.396 4.70528
0.397 4.70371
0.398 4.70214
0.399 4.70056
0.4 4.69898
0.401 4.6974
0.402 4.69581
0.403 4.69422
0.404 4.69263
0.405 4.69104
0.406 4.68944
0.407 4.68783
0.408 4.68623
0.409 4.68462
0.41 4.68301
0.411 4.68139
0.412 4.67977
0.413 4.67815
0.414 4.67653
0.415 4.6749
0.416 4.67327
0.417 4.67163
0.418 4.66999
0.419 4.66835
0.42 4.6667
0.421 4.66506
0.422 4.6634
0.423 4.66175
0.424 4.66009
0.425 4.65843
0.426 4.65676
0.427 4.6551
0.428 4.65343
0.429 4.65175
0.43 4.65007
0.431 4.64839
0.432 4.64671
0.433 4.64502
0.434 4.64333
0.435 4.64164
0.436 4.63994
0.437 4.63824
0.438 4.63654
0.439 4.63483
0.44 4.63312
0.441 4.63141
0.442 4.62969
0.443 4.62797
0.444 4.62625
0.445 4.62453
0.446 4.6228
0.447 4.62107
0.448 4.61933
0.449 4.61759
0.45 4.61585
0.451 4.61411
0.452 4.61236
0.453 4.61061
0.454 4.60886
0.455 4.6071
0.456 4.60534
0.457 4.60358
0.458 4.60181
0.459 4.60005
0.46 4.59827
0.461 4.5965
0.462 4.59472
0.463 4.59294
0.464 4.59116
0.465 4.58937
0.466 4.58758
0.467 4.58579
0.468 4.58399
0.469 4.58219
0.47 4.58039
0.471 4.57858
0.472 4.57677
0.473 4.57496
0.474 4.57315
0.475 4.57133
0.476 4.56951
0.477 4.56769
0.478 4.56586
0.479 4.56403
0.48 4.5622
0.481 4.56037
0.482 4.55853
0.483 4.55669
0.484 4.55484
0.485 4.553
0.486 4.55115
0.487 4.54929
0.488 4.54744
0.489 4.54558
0.49 4.54372
0.491 4.54185
0.492 4.53999
0.493 4.53812
0.494 4.53624
0.495 4.53437
0.496 4.53249
0.497 4.53061
0.498 4.52872
0.499 4.52683
0.5 4.52494
0.501 4.52305
0.502 4.52116
0.503 4.51926
0.504 4.51736
0.505 4.51545
0.506 4.51354
0.507 4.51163
0.508 4.50972
0.509 4.50781
0.51 4.50589
0.511 4.50397
0.512 4.50204
0.513 4.50011
0.514 4.49819
0.515 4.49625
0.516 4.49432
0.517 4.49238
0.518 4.49044
0.519 4.4885
0.52 4.48655
0.521 4.4846
0.522 4.48265
0.523 4.4807
0.524 4.47874
0.525 4.47678
0.526 4.47482
0.527 4.47285
0.528 4.47088
0.529 4.46891
0.53 4.46694
0.531 4.46496
0.532 4.46299
0.533 4.46101
0.534 4.45902
0.535 4.45704
0.536 4.45505
0.537 4.45305
0.538 4.45106
0.539 4.44906
0.54 4.44706
0.541 4.44506
0.542 4.44306
0.543 4.44105
0.544 4.43904
0.545 4.43703
0.546 4.43501
0.547 4.43299
0.548 4.43097
0.549 4.42895
0.55 4.42693
0.551 4.4249
0.552 4.42287
0.553 4.42083
0.554 4.4188
0.555 4.41676
0.556 4.41472
0.557 4.41268
0.558 4.41063
0.559 4.40858
0.56 4.40653
0.561 4.40448
0.562 4.40243
0.563 4.40037
0.564 4.39831
0.565 4.39624
0.566 4.39418
0.567 4.39211
0.568 4.39004
0.569 4.38797
0.57 4.38589
0.571 4.38381
0.572 4.38173
0.573 4.37965
0.574 4.37757
0.575 4.37548
0.576 4.37339
0.577 4.3713
0.578 4.3692
0.579 4.36711
0.58 4.36501
0.581 4.36291
0.582 4.3608
0.583 4.3587
0.584 4.35659
0.585 4.35448
0.586 4.35237
0.587 4.35025
0.588 4.34813
0.589 4.34601
0.59 4.34389
0.591 4.34177
0.592 4.33964
0.593 4.33751
0.594 4.33538
0.595 4.33324
0.596 4.33111
0.597 4.32897
0.598 4.32683
0.599 4.32469
0.6 4.32254
0.601 4.32039
0.602 4.31825
0.603 4.31609
0.604 4.31394
0.605 4.31178
0.606 4.30963
0.607 4.30747
0.608 4.3053
0.609 4.30314
0.61 4.30097
0.611 4.2988
0.612 4.29663
0.613 4.29446
0.614 4.29228
0.615 4.29011
0.616 4.28793
0.617 4.28574
0.618 4.28356
0.619 4.28137
0.62 4.27919
0.621 4.277
0.622 4.2748
0.623 4.27261
0.624 4.27041
0.625 4.26821
0.626 4.26601
0.627 4.26381
0.628 4.26161
0.629 4.2594
0.63 4.25719
0.631 4.25498
0.632 4.25277
0.633 4.25055
0.634 4.24834
0.635 4.24612
0.636 4.2439
0.637 4.24168
0.638 4.23945
0.639 4.23722
0.64 4.235
0.641 4.23277
0.642 4.23053
0.643 4.2283
0.644 4.22606
0.645 4.22382
0.646 4.22158
0.647 4.21934
0.648 4.2171
0.649 4.21485
0.65 4.21261
0.651 4.21036
0.652 4.20811
0.653 4.20585
0.654 4.2036
0.655 4.20134
0.656 4.19908
0.657 4.19682
0.658 4.19456
0.659 4.1923
0.66 4.19003
0.661 4.18776
0.662 4.18549
0.663 4.18322
0.664 4.18095
0.665 4.17867
0.666 4.1764
0.667 4.17412
0.668 4.17184
0.669 4.16956
0.67 4.16727
0.671 4.16499
0.672 4.1627
0.673 4.16041
0.674 4.15812
0.675 4.15583
0.676 4.15354
0.677 4.15124
0.678 4.14894
0.679 4.14665
0.68 4.14434
0.681 4.14204
0.682 4.13974
0.683 4.13743
0.684 4.13513
0.685 4.13282
0.686 4.13051
0.687 4.1282
0.688 4.12588
0.689 4.12357
0.69 4.12125
0.691 4.11893
0.692 4.11661
0.693 4.11429
0.694 4.11197
0.695 4.10965
0.696 4.10732
0.697 4.10499
0.698 4.10267
0.699 4.10033
0.7 4.098
0.701 4.09567
0.702 4.09334
0.703 4.091
0.704 4.08866
0.705 4.08632
0.706 4.08398
0.707 4.08164
0.708 4.0793
0.709 4.07695
0.71 4.07461
0.711 4.07226
0.712 4.06991
0.713 4.06756
0.714 4.06521
0.715 4.06285
0.716 4.0605
0.717 4.05814
0.718 4.05579
0.719 4.05343
0.72 4.05107
0.721 4.04871
0.722 4.04634
0.723 4.04398
0.724 4.04161
0.725 4.03925
0.726 4.03688
0.727 4.03451
0.728 4.03214
0.729 4.02977
0.73 4.0274
0.731 4.02502
0.732 4.02265
0.733 4.02027
0.734 4.01789
0.735 4.01551
0.736 4.01313
0.737 4.01075
0.738 4.00837
0.739 4.00599
0.74 4.0036
0.741 4.00121
0.742 3.99883
0.743 3.99644
0.744 3.99405
0.745 3.99166
0.746 3.98927
0.747 3.98687
0.748 3.98448
0.749 3.98209
0.75 3.97969
0.751 3.97729
0.752 3.97489
0.753 3.97249
0.754 3.97009
0.755 3.96769
0.756 3.96529
0.757 3.96289
0.758 3.96048
0.759 3.95808
0.76 3.95567
0.761 3.95326
0.762 3.95085
0.763 3.94845
0.764 3.94604
0.765 3.94362
0.766 3.94121
0.767 3.9388
0.768 3.93638
0.769 3.93397
0.77 3.93155
0.771 3.92914
0.772 3.92672
0.773 3.9243
0.774 3.92188
0.775 3.91946
0.776 3.91704
0.777 3.91462
0.778 3.91219
0.779 3.90977
0.78 3.90734
0.781 3.90492
0.782 3.90249
0.783 3.90007
0.784 3.89764
0.785 3.89521
0.786 3.89278
0.787 3.89035
0.788 3.88792
0.789 3.88549
0.79 3.88305
0.791 3.88062
0.792 3.87819
0.793 3.87575
0.794 3.87332
0.795 3.87088
0.796 3.86845
0.797 3.86601
0.798 3.86357
0.799 3.86113
0.8 3.85869
0.801 3.85625
0.802 3.85381
0.803 3.85137
0.804 3.84893
0.805 3.84649
0.806 3.84404
0.807 3.8416
0.808 3.83916
0.809 3.83671
0.81 3.83427
0.811 3.83182
0.812 3.82937
0.813 3.82693
0.814 3.82448
0.815 3.82203
0.816 3.81958
0.817 3.81713
0.818 3.81469
0.819 3.81224
0.82 3.80979
0.821 3.80733
0.822 3.80488
0.823 3.80243
0.824 3.79998
0.825 3.79753
0.826 3.79507
0.827 3.79262
0.828 3.79017
0.829 3.78771
0.83 3.78526
0.831 3.7828
0.832 3.78035
0.833 3.77789
0.834 3.77544
0.835 3.77298
0.836 3.77053
0.837 3.76807
0.838 3.76561
0.839 3.76315
0.84 3.7607
0.841 3.75824
0.842 3.75578
0.843 3.75332
0.844 3.75086
0.845 3.74841
0.846 3.74595
0.847 3.74349
0.848 3.74103
0.849 3.73857
0.85 3.73611
0.851 3.73365
0.852 3.73119
0.853 3.72873
0.854 3.72627
0.855 3.72381
0.856 3.72135
0.857 3.71889
0.858 3.71642
0.859 3.71396
0.86 3.7115
0.861 3.70904
0.862 3.70658
0.863 3.70412
0.864 3.70166
0.865 3.6992
0.866 3.69674
0.867 3.69427
0.868 3.69181
0.869 3.68935
0.87 3.68689
0.871 3.68443
0.872 3.68197
0.873 3.67951
0.874 3.67704
0.875 3.67458
0.876 3.67212
0.877 3.66966
0.878 3.6672
0.879 3.66474
0.88 3.66228
0.881 3.65982
0.882 3.65736
0.883 3.6549
0.884 3.65244
0.885 3.64998
0.886 3.64752
0.887 3.64506
0.888 3.6426
0.889 3.64014
0.89 3.63768
0.891 3.63522
0.892 3.63276
0.893 3.63031
0.894 3.62785
0.895 3.62539
0.896 3.62293
0.897 3.62048
0.898 3.61802
0.899 3.61556
0.9 3.61311
0.901 3.61065
0.902 3.60819
0.903 3.60574
0.904 3.60328
0.905 3.60083
0.906 3.59838
0.907 3.59592
0.908 3.59347
0.909 3.59102
0.91 3.58856
0.911 3.58611
0.912 3.58366
0.913 3.58121
0.914 3.57876
0.915 3.57631
0.916 3.57386
0.917 3.57141
0.918 3.56896
0.919 3.56651
0.92 3.56406
0.921 3.56162
0.922 3.55917
0.923 3.55672
0.924 3.55428
0.925 3.55183
0.926 3.54939
0.927 3.54694
0.928 3.5445
0.929 3.54206
0.93 3.53962
0.931 3.53718
0.932 3.53474
0.933 3.5323
0.934 3.52986
0.935 3.52742
0.936 3.52498
0.937 3.52254
0.938 3.52011
0.939 3.51767
0.94 3.51523
0.941 3.5128
0.942 3.51037
0.943 3.50793
0.944 3.5055
0.945 3.50307
0.946 3.50064
0.947 3.49821
0.948 3.49578
0.949 3.49335
0.95 3.49093
0.951 3.4885
0.952 3.48607
0.953 3.48365
0.954 3.48123
0.955 3.4788
0.956 3.47638
0.957 3.47396
0.958 3.47154
0.959 3.46912
0.96 3.4667
0.961 3.46429
0.962 3.46187
0.963 3.45945
0.964 3.45704
0.965 3.45463
0.966 3.45221
0.967 3.4498
0.968 3.44739
0.969 3.44498
0.97 3.44257
0.971 3.44017
0.972 3.43776
0.973 3.43536
0.974 3.43295
0.975 3.43055
0.976 3.42815
0.977 3.42575
0.978 3.42335
0.979 3.42095
0.98 3.41855
0.981 3.41616
0.982 3.41376
0.983 3.41137
0.984 3.40898
0.985 3.40659
0.986 3.4042
0.987 3.40181
0.988 3.39942
0.989 3.39704
0.99 3.39465
0.991 3.39227
0.992 3.38989
0.993 3.3875
0.994 3.38513
0.995 3.38275
0.996 3.38037
0.997 3.37799
0.998 3.37562
0.999 3.37325
1 3.37088
1.001 3.36851
1.002 3.36614
1.003 3.36377
1.004 3.36141
1.005 3.35904
1.006 3.35668
1.007 3.35432
1.008 3.35196
1.009 3.3496
1.01 3.34724
1.011 3.34489
1.012 3.34253
1.013 3.34018
1.014 3.33783
1.015 3.33548
1.016 3.33313
1.017 3.33079
1.018 3.32844
1.019 3.3261
1.02 3.32376
1.021 3.32142
1.022 3.31908
1.023 3.31675
1.024 3.31441
1.025 3.31208
1.026 3.30975
1.027 3.30742
1.028 3.30509
1.029 3.30277
1.03 3.30044
1.031 3.29812
1.032 3.2958
1.033 3.29348
1.034 3.29116
1.035 3.28885
1.036 3.28653
1.037 3.28422
1.038 3.28191
1.039 3.2796
1.04 3.2773
1.041 3.27499
1.042 3.27269
1.043 3.27039
1.044 3.26809
1.045 3.2658
1.046 3.2635
1.047 3.26121
1.048 3.25892
1.049 3.25663
1.05 3.25434
1.051 3.25206
1.052 3.24977
1.053 3.24749
1.054 3.24521
1.055 3.24294
1.056 3.24066
1.057 3.23839
1.058 3.23612
1.059 3.23385
1.06 3.23158
1.061 3.22932
1.062 3.22705
1.063 3.22479
1.064 3.22254
1.065 3.22028
1.066 3.21803
1.067 3.21577
1.068 3.21352
1.069 3.21128
1.07 3.20903
1.071 3.20679
1.072 3.20455
1.073 3.20231
1.074 3.20007
1.075 3.19784
1.076 3.19561
1.077 3.19338
1.078 3.19115
1.079 3.18893
1.08 3.18671
1.081 3.18449
1.082 3.18227
1.083 3.18005
1.084 3.17784
1.085 3.17563
1.086 3.17342
1.087 3.17122
1.088 3.16901
1.089 3.16681
1.09 3.16461
1.091 3.16242
1.092 3.16022
1.093 3.15803
1.094 3.15585
1.095 3.15366
1.096 3.15148
1.097 3.1493
1.098 3.14712
1.099 3.14494
1.1 3.14277
1.101 3.1406
1.102 3.13843
1.103 3.13627
1.104 3.1341
1.105 3.13194
1.106 3.12979
1.107 3.12763
1.108 3.12548
1.109 3.12333
1.11 3.12118
1.111 3.11904
1.112 3.1169
1.113 3.11476
1.114 3.11262
1.115 3.11049
1.116 3.10836
1.117 3.10623
1.118 3.10411
1.119 3.10199
1.12 3.09987
1.121 3.09775
1.122 3.09564
1.123 3.09353
1.124 3.09142
1.125 3.08932
1.126 3.08722
1.127 3.08512
1.128 3.08302
1.129 3.08093
1.13 3.07884
1.131 3.07675
1.132 3.07467
1.133 3.07259
1.134 3.07051
1.135 3.06844
1.136 3.06636
1.137 3.06429
1.138 3.06223
1.139 3.06017
1.14 3.05811
1.141 3.05605
1.142 3.054
1.143 3.05195
1.144 3.0499
1.145 3.04786
1.146 3.04582
1.147 3.04378
1.148 3.04174
1.149 3.03971
1.15 3.03768
1.151 3.03566
1.152 3.03364
1.153 3.03162
1.154 3.02961
1.155 3.02759
1.156 3.02559
1.157 3.02358
1.158 3.02158
1.159 3.01958
1.16 3.01758
1.161 3.01559
1.162 3.0136
1.163 3.01162
1.164 3.00964
1.165 3.00766
1.166 3.00569
1.167 3.00371
1.168 3.00175
1.169 2.99978
1.17 2.99782
1.171 2.99586
1.172 2.99391
1.173 2.99196
1.174 2.99001
1.175 2.98807
1.176 2.98613
1.177 2.98419
1.178 2.98226
1.179 2.98033
1.18 2.97841
1.181 2.97649
1.182 2.97457
1.183 2.97265
1.184 2.97074
1.185 2.96884
1.186 2.96693
1.187 2.96503
1.188 2.96314
1.189 2.96124
1.19 2.95936
1.191 2.95747
1.192 2.95559
1.193 2.95371
1.194 2.95184
1.195 2.94997
1.196 2.9481
1.197 2.94624
1.198 2.94439
1.199 2.94253
1.2 2.94068
1.201 2.93883
1.202 2.93699
1.203 2.93515
1.204 2.93332
1.205 2.93149
1.206 2.92966
1.207 2.92784
1.208 2.92602
1.209 2.92421
1.21 2.9224
1.211 2.92059
1.212 2.91879
1.213 2.91699
1.214 2.91519
1.215 2.9134
1.216 2.91162
1.217 2.90983
1.218 2.90806
1.219 2.90628
1.22 2.90451
1.221 2.90275
1.222 2.90099
1.223 2.89923
1.224 2.89748
1.225 2.89573
1.226 2.89398
1.227 2.89224
1.228 2.89051
1.229 2.88877
1.23 2.88705
1.231 2.88532
1.232 2.88361
1.233 2.88189
1.234 2.88018
1.235 2.87848
1.236 2.87677
1.237 2.87508
1.238 2.87338
1.239 2.8717
1.24 2.87001
1.241 2.86833
1.242 2.86666
1.243 2.86499
1.244 2.86332
1.245 2.86166
1.246 2.86
1.247 2.85835
1.248 2.8567
1.249 2.85506
1.25 2.85342
1.251 2.85179
1.252 2.85016
1.253 2.84853
1.254 2.84691
1.255 2.8453
1.256 2.84369
1.257 2.84208
1.258 2.84048
1.259 2.83888
1.26 2.83729
1.261 2.8357
1.262 2.83412
1.263 2.83254
1.264 2.83097
1.265 2.8294
1.266 2.82784
1.267 2.82628
1.268 2.82473
1.269 2.82318
1.27 2.82163
1.271 2.8201
1.272 2.81856
1.273 2.81703
1.274 2.81551
1.275 2.81399
1.276 2.81247
1.277 2.81096
1.278 2.80946
1.279 2.80796
1.28 2.80646
1.281 2.80498
1.282 2.80349
1.283 2.80201
1.284 2.80054
1.285 2.79907
1.286 2.7976
1.287 2.79614
1.288 2.79469
1.289 2.79324
1.29 2.7918
1.291 2.79036
1.292 2.78892
1.293 2.7875
1.294 2.78607
1.295 2.78466
1.296 2.78324
1.297 2.78184
1.298 2.78043
1.299 2.77904
1.3 2.77765
1.301 2.77626
1.302 2.77488
1.303 2.7735
1.304 2.77213
1.305 2.77077
1.306 2.76941
1.307 2.76805
1.308 2.76671
1.309 2.76536
1.31 2.76403
1.311 2.76269
1.312 2.76137
1.313 2.76005
1.314 2.75873
1.315 2.75742
1.316 2.75611
1.317 2.75482
1.318 2.75352
1.319 2.75223
1.32 2.75095
1.321 2.74967
1.322 2.7484
1.323 2.74714
1.324 2.74588
1.325 2.74462
1.326 2.74338
1.327 2.74213
1.328 2.7409
1.329 2.73966
1.33 2.73844
1.331 2.73722
1.332 2.736
1.333 2.7348
1.334 2.73359
1.335 2.7324
1.336 2.73121
1.337 2.73002
1.338 2.72884
1.339 2.72767
1.34 2.7265
1.341 2.72534
1.342 2.72418
1.343 2.72303
1.344 2.72189
1.345 2.72075
1.346 2.71962
1.347 2.7185
1.348 2.71738
1.349 2.71626
1.35 2.71516
1.351 2.71405
1.352 2.71296
1.353 2.71187
1.354 2.71079
1.355 2.70971
1.356 2.70864
1.357 2.70757
1.358 2.70651
1.359 2.70546
1.36 2.70442
1.361 2.70338
1.362 2.70234
1.363 2.70131
1.364 2.70029
1.365 2.69928
1.366 2.69827
1.367 2.69727
1.368 2.69627
1.369 2.69528
1.37 2.6943
1.371 2.69332
1.372 2.69235
1.373 2.69139
1.374 2.69043
1.375 2.68948
1.376 2.68853
1.377 2.68759
1.378 2.68666
1.379 2.68574
1.38 2.68482
1.381 2.6839
1.382 2.683
1.383 2.6821
1.384 2.68121
1.385 2.68032
1.386 2.67944
1.387 2.67857
1.388 2.6777
1.389 2.67684
1.39 2.67599
1.391 2.67514
1.392 2.6743
1.393 2.67347
1.394 2.67264
1.395 2.67182
1.396 2.67101
1.397 2.67021
1.398 2.66941
1.399 2.66861
1.4 2.66783
1.401 2.66705
1.402 2.66628
1.403 2.66551
1.404 2.66476
1.405 2.66401
1.406 2.66326
1.407 2.66252
1.408 2.66179
1.409 2.66107
1.41 2.66035
1.411 2.65964
1.412 2.65894
1.413 2.65825
1.414 2.65756
1.415 2.65688
1.416 2.6562
1.417 2.65554
1.418 2.65488
1.419 2.65422
1.42 2.65358
1.421 2.65294
1.422 2.65231
1.423 2.65169
1.424 2.65107
1.425 2.65046
1.426 2.64986
1.427 2.64926
1.428 2.64867
1.429 2.64809
1.43 2.64752
1.431 2.64695
1.432 2.6464
1.433 2.64584
1.434 2.6453
1.435 2.64476
1.436 2.64423
1.437 2.64371
1.438 2.6432
1.439 2.64269
1.44 2.64219
1.441 2.6417
1.442 2.64122
1.443 2.64074
1.444 2.64027
1.445 2.63981
1.446 2.63936
1.447 2.63891
1.448 2.63847
1.449 2.63804
1.45 2.63762
1.451 2.6372
1.452 2.63679
1.453 2.63639
1.454 2.636
1.455 2.63561
1.456 2.63523
1.457 2.63486
1.458 2.6345
1.459 2.63415
1.46 2.6338
1.461 2.63346
1.462 2.63313
1.463 2.63281
1.464 2.63249
1.465 2.63219
1.466 2.63189
1.467 2.6316
1.468 2.63131
1.469 2.63104
1.47 2.63077
1.471 2.63051
1.472 2.63026
1.473 2.63002
1.474 2.62978
1.475 2.62955
1.476 2.62933
1.477 2.62912
1.478 2.62892
1.479 2.62872
1.48 2.62854
1.481 2.62836
1.482 2.62819
1.483 2.62803
1.484 2.62787
1.485 2.62773
1.486 2.62759
1.487 2.62746
1.488 2.62734
1.489 2.62722
1.49 2.62712
1.491 2.62702
1.492 2.62693
1.493 2.62685
1.494 2.62678
1.495 2.62672
1.496 2.62667
1.497 2.62662
1.498 2.62658
1.499 2.62655
1.5 2.62653
1.501 2.62652
1.502 2.62652
1.503 2.62652
1.504 2.62653
1.505 2.62656
1.506 2.62659
1.507 2.62662
1.508 2.62667
1.509 2.62673
1.51 2.62679
1.511 2.62687
1.512 2.62695
1.513 2.62704
1.514 2.62714
1.515 2.62725
1.516 2.62737
1.517 2.62749
1.518 2.62763
1.519 2.62777
1.52 2.62792
1.521 2.62808
1.522 2.62825
1.523 2.62843
1.524 2.62862
1.525 2.62881
1.526 2.62902
1.527 2.62923
1.528 2.62946
1.529 2.62969
1.53 2.62993
1.531 2.63018
1.532 2.63044
1.533 2.63071
1.534 2.63099
1.535 2.63127
1.536 2.63157
1.537 2.63187
1.538 2.63219
1.539 2.63251
1.54 2.63284
1.541 2.63318
1.542 2.63353
1.543 2.63389
1.544 2.63426
1.545 2.63464
1.546 2.63503
1.547 2.63542
1.548 2.63583
1.549 2.63624
1.55 2.63667
1.551 2.6371
1.552 2.63755
1.553 2.638
1.554 2.63846
1.555 2.63893
1.556 2.63941
1.557 2.6399
1.558 2.6404
1.559 2.64091
1.56 2.64143
1.561 2.64196
1.562 2.6425
1.563 2.64305
1.564 2.6436
1.565 2.64417
1.566 2.64475
1.567 2.64533
1.568 2.64593
1.569 2.64653
1.57 2.64715
1.571 2.64777
1.572 2.64841
1.573 2.64905
1.574 2.6497
1.575 2.65037
1.576 2.65104
1.577 2.65172
1.578 2.65242
1.579 2.65312
1.58 2.65383
1.581 2.65456
1.582 2.65529
1.583 2.65603
1.584 2.65678
1.585 2.65755
1.586 2.65832
1.587 2.6591
1.588 2.65989
1.589 2.66069
1.59 2.66151
1.591 2.66233
1.592 2.66316
1.593 2.664
1.594 2.66486
1.595 2.66572
1.596 2.66659
1.597 2.66748
1.598 2.66837
1.599 2.66927
1.6 2.67019
1.601 2.67111
1.602 2.67205
1.603 2.67299
1.604 2.67395
1.605 2.67491
1.606 2.67589
1.607 2.67687
1.608 2.67787
1.609 2.67887
1.61 2.67989
1.611 2.68092
1.612 2.68196
1.613 2.68301
1.614 2.68406
1.615 2.68513
1.616 2.68621
1.617 2.6873
1.618 2.68841
1.619 2.68952
1.62 2.69064
1.621 2.69177
1.622 2.69291
1.623 2.69407
1.624 2.69523
1.625 2.69641
1.626 2.69759
1.627 2.69879
1.628 2.7
1.629 2.70122
1.63 2.70245
1.631 2.70369
1.632 2.70494
1.633 2.7062
1.634 2.70747
1.635 2.70875
1.636 2.71005
1.637 2.71135
1.638 2.71267
1.639 2.714
1.64 2.71533
1.641 2.71668
1.642 2.71804
1.643 2.71941
1.644 2.72079
1.645 2.72219
1.646 2.72359
1.647 2.72501
1.648 2.72643
1.649 2.72787
1.65 2.72932
1.651 2.73078
1.652 2.73225
1.653 2.73373
1.654 2.73522
1.655 2.73673
1.656 2.73824
1.657 2.73977
1.658 2.74131
1.659 2.74286
1.66 2.74442
1.661 2.74599
1.662 2.74757
1.663 2.74917
1.664 2.75078
1.665 2.75239
1.666 2.75402
1.667 2.75566
1.668 2.75732
1.669 2.75898
1.67 2.76065
1.671 2.76234
1.672 2.76404
1.673 2.76575
1.674 2.76747
1.675 2.7692
1.676 2.77095
1.677 2.77271
1.678 2.77447
1.679 2.77625
1.68 2.77804
1.681 2.77985
1.682 2.78166
1.683 2.78349
1.684 2.78533
1.685 2.78718
1.686 2.78904
1.687 2.79091
1.688 2.7928
1.689 2.7947
1.69 2.79661
1.691 2.79853
1.692 2.80046
1.693 2.80241
1.694 2.80437
1.695 2.80634
1.696 2.80832
1.697 2.81031
1.698 2.81232
1.699 2.81433
1.7 2.81636
1.701 2.8184
1.702 2.82046
1.703 2.82252
1.704 2.8246
1.705 2.82669
1.706 2.8288
1.707 2.83091
1.708 2.83304
1.709 2.83518
1.71 2.83733
1.711 2.83949
1.712 2.84167
1.713 2.84386
1.714 2.84606
1.715 2.84827
1.716 2.8505
1.717 2.85274
1.718 2.85499
1.719 2.85725
1.72 2.85953
1.721 2.86181
1.722 2.86412
1.723 2.86643
1.724 2.86875
1.725 2.87109
1.726 2.87344
1.727 2.87581
1.728 2.87818
1.729 2.88057
1.73 2.88297
1.731 2.88539
1.732 2.88781
1.733 2.89025
1.734 2.89271
1.735 2.89517
1.736 2.89765
1.737 2.90014
1.738 2.90264
1.739 2.90516
1.74 2.90769
1.741 2.91023
1.742 2.91279
1.743 2.91536
1.744 2.91794
1.745 2.92053
1.746 2.92314
1.747 2.92576
1.748 2.92839
1.749 2.93104
1.75 2.9337
1.751 2.93637
1.752 2.93905
1.753 2.94175
1.754 2.94446
1.755 2.94719
1.756 2.94993
1.757 2.95268
1.758 2.95544
1.759 2.95822
1.76 2.96101
1.761 2.96381
1.762 2.96663
1.763 2.96946
1.764 2.97231
1.765 2.97517
1.766 2.97804
1.767 2.98092
1.768 2.98382
1.769 2.98673
1.77 2.98965
1.771 2.99259
1.772 2.99554
1.773 2.99851
1.774 3.00149
1.775 3.00448
1.776 3.00749
1.777 3.01051
1.778 3.01354
1.779 3.01659
1.78 3.01965
1.781 3.02272
1.782 3.02581
1.783 3.02891
1.784 3.03203
1.785 3.03516
1.786 3.0383
1.787 3.04146
1.788 3.04463
1.789 3.04781
1.79 3.05101
1.791 3.05422
1.792 3.05745
1.793 3.06069
1.794 3.06394
1.795 3.06721
1.796 3.07049
1.797 3.07379
1.798 3.0771
1.799 3.08042
1.8 3.08376
1.801 3.08711
1.802 3.09048
1.803 3.09386
1.804 3.09725
1.805 3.10066
1.806 3.10409
1.807 3.10752
1.808 3.11097
1.809 3.11444
1.81 3.11792
1.811 3.12142
1.812 3.12492
1.813 3.12845
1.814 3.13198
1.815 3.13554
1.816 3.1391
1.817 3.14268
1.818 3.14628
1.819 3.14989
1.82 3.15351
1.821 3.15715
1.822 3.1608
1.823 3.16447
1.824 3.16815
1.825 3.17185
1.826 3.17556
1.827 3.17929
1.828 3.18303
1.829 3.18678
1.83 3.19055
1.831 3.19434
1.832 3.19814
1.833 3.20195
1.834 3.20578
1.835 3.20962
1.836 3.21348
1.837 3.21736
1.838 3.22124
1.839 3.22515
1.84 3.22907
1.841 3.233
1.842 3.23695
1.843 3.24091
1.844 3.24489
1.845 3.24888
1.846 3.25289
1.847 3.25691
1.848 3.26095
1.849 3.265
1.85 3.26907
1.851 3.27315
1.852 3.27725
1.853 3.28137
1.854 3.2855
1.855 3.28964
1.856 3.2938
1.857 3.29797
1.858 3.30216
1.859 3.30637
1.86 3.31059
1.861 3.31482
1.862 3.31908
1.863 3.32334
1.864 3.32762
1.865 3.33192
1.866 3.33623
1.867 3.34056
1.868 3.34491
1.869 3.34927
1.87 3.35364
1.871 3.35803
1.872 3.36244
1.873 3.36686
1.874 3.3713
1.875 3.37575
1.876 3.38022
1.877 3.3847
1.878 3.3892
1.879 3.39372
1.88 3.39825
1.881 3.4028
1.882 3.40736
1.883 3.41194
1.884 3.41653
1.885 3.42114
1.886 3.42577
1.887 3.43041
1.888 3.43507
1.889 3.43974
1.89 3.44443
1.891 3.44914
1.892 3.45386
1.893 3.4586
1.894 3.46335
1.895 3.46812
1.896 3.47291
1.897 3.47771
1.898 3.48253
1.899 3.48736
1.9 3.49221
1.901 3.49708
1.902 3.50196
1.903 3.50686
1.904 3.51178
1.905 3.51671
1.906 3.52166
1.907 3.52662
1.908 3.5316
1.909 3.5366
1.91 3.54161
1.911 3.54664
1.912 3.55169
1.913 3.55675
1.914 3.56183
1.915 3.56693
1.916 3.57204
1.917 3.57717
1.918 3.58232
1.919 3.58748
1.92 3.59266
1.921 3.59785
1.922 3.60306
1.923 3.60829
1.924 3.61354
1.925 3.6188
1.926 3.62408
1.927 3.62937
1.928 3.63469
1.929 3.64002
1.93 3.64536
1.931 3.65072
1.932 3.6561
1.933 3.6615
1.934 3.66691
1.935 3.67234
1.936 3.67779
1.937 3.68326
1.938 3.68874
1.939 3.69423
1.94 3.69975
1.941 3.70528
1.942 3.71083
1.943 3.7164
1.944 3.72198
1.945 3.72758
1.946 3.7332
1.947 3.73884
1.948 3.74449
1.949 3.75016
1.95 3.75585
1.951 3.76155
1.952 3.76727
1.953 3.77301
1.954 3.77877
1.955 3.78454
1.956 3.79033
1.957 3.79614
1.958 3.80197
1.959 3.80781
1.96 3.81367
1.961 3.81955
1.962 3.82544
1.963 3.83136
1.964 3.83729
1.965 3.84324
1.966 3.8492
1.967 3.85519
1.968 3.86119
1.969 3.86721
1.97 3.87324
1.971 3.8793
1.972 3.88537
1.973 3.89146
1.974 3.89757
1.975 3.90369
1.976 3.90984
1.977 3.916
1.978 3.92218
1.979 3.92838
1.98 3.93459
1.981 3.94082
1.982 3.94707
1.983 3.95334
1.984 3.95963
1.985 3.96594
1.986 3.97226
1.987 3.9786
1.988 3.98496
1.989 3.99134
1.99 3.99773
1.991 4.00415
1.992 4.01058
1.993 4.01703
1.994 4.0235
1.995 4.02998
1.996 4.03649
1.997 4.04301
1.998 4.04955
1.999 4.05611
2 4.06269
2.001 4.06929
2.002 4.07591
2.003 4.08254
2.004 4.08919
2.005 4.09586
2.006 4.10255
2.007 4.10926
2.008 4.11599
2.009 4.12273
2.01 4.12949
2.011 4.13628
2.012 4.14308
2.013 4.1499
2.014 4.15673
2.015 4.16359
2.016 4.17047
2.017 4.17736
2.018 4.18427
2.019 4.19121
2.02 4.19816
2.021 4.20513
2.022 4.21212
2.023 4.21912
2.024 4.22615
2.025 4.23319
2.026 4.24026
2.027 4.24734
2.028 4.25444
2.029 4.26157
2.03 4.26871
2.031 4.27587
2.032 4.28304
2.033 4.29024
2.034 4.29746
2.035 4.3047
2.036 4.31195
2.037 4.31923
2.038 4.32652
2.039 4.33383
2.04 4.34116
2.041 4.34852
2.042 4.35589
2.043 4.36328
2.044 4.37069
2.045 4.37812
2.046 4.38557
2.047 4.39303
2.048 4.40052
2.049 4.40803
2.05 4.41555
2.051 4.4231
2.052 4.43067
2.053 4.43825
2.054 4.44586
2.055 4.45348
2.056 4.46113
2.057 4.46879
2.058 4.47647
2.059 4.48418
2.06 4.4919
2.061 4.49964
2.062 4.50741
2.063 4.51519
2.064 4.52299
2.065 4.53081
2.066 4.53866
2.067 4.54652
2.068 4.5544
2.069 4.5623
2.07 4.57022
2.071 4.57817
2.072 4.58613
2.073 4.59411
2.074 4.60211
2.075 4.61014
2.076 4.61818
2.077 4.62624
2.078 4.63432
2.079 4.64243
2.08 4.65055
2.081 4.65869
2.082 4.66686
2.083 4.67504
2.084 4.68325
2.085 4.69147
2.086 4.69972
2.087 4.70798
2.088 4.71627
2.089 4.72457
2.09 4.7329
2.091 4.74125
2.092 4.74962
2.093 4.758
2.094 4.76641
2.095 4.77484
2.096 4.78329
2.097 4.79176
2.098 4.80026
2.099 4.80877
2.1 4.8173
2.101 4.82585
2.102 4.83443
2.103 4.84302
2.104 4.85164
2.105 4.86028
2.106 4.86893
2.107 4.87761
2.108 4.88631
2.109 4.89503
2.11 4.90377
2.111 4.91253
2.112 4.92132
2.113 4.93012
2.114 4.93895
2.115 4.94779
2.116 4.95666
2.117 4.96555
2.118 4.97446
2.119 4.98339
2.12 4.99234
2.121 5.00131
2.122 5.01031
2.123 5.01932
2.124 5.02836
2.125 5.03742
2.126 5.0465
2.127 5.0556
2.128 5.06472
2.129 5.07387
2.13 5.08303
2.131 5.09222
2.132 5.10143
2.133 5.11066
2.134 5.11991
2.135 5.12918
2.136 5.13847
2.137 5.14779
2.138 5.15713
2.139 5.16649
2.14 5.17587
2.141 5.18527
2.142 5.19469
2.143 5.20414
2.144 5.21361
2.145 5.22309
2.146 5.23261
2.147 5.24214
2.148 5.25169
2.149 5.26127
2.15 5.27087
2.151 5.28049
2.152 5.29013
2.153 5.2998
2.154 5.30948
2.155 5.31919
2.156 5.32892
2.157 5.33867
2.158 5.34845
2.159 5.35825
2.16 5.36807
2.161 5.37791
2.162 5.38777
2.163 5.39766
2.164 5.40756
2.165 5.41749
2.166 5.42745
2.167 5.43742
2.168 5.44742
2.169 5.45744
2.17 5.46748
2.171 5.47754
2.172 5.48763
2.173 5.49774
2.174 5.50787
2.175 5.51802
2.176 5.5282
2.177 5.5384
2.178 5.54862
2.179 5.55887
2.18 5.56913
2.181 5.57942
2.182 5.58974
2.183 5.60007
2.184 5.61043
2.185 5.62081
2.186 5.63121
2.187 5.64164
2.188 5.65209
2.189 5.66256
2.19 5.67306
2.191 5.68358
2.192 5.69412
2.193 5.70468
2.194 5.71527
2.195 5.72588
2.196 5.73651
2.197 5.74717
2.198 5.75784
2.199 5.76855
2.2 5.77927
2.201 5.79002
2.202 5.80079
2.203 5.81159
2.204 5.8224
2.205 5.83325
2.206 5.84411
2.207 5.855
2.208 5.86591
2.209 5.87684
2.21 5.8878
2.211 5.89878
2.212 5.90979
2.213 5.92082
2.214 5.93187
2.215 5.94294
2.216 5.95404
2.217 5.96517
2.218 5.97631
2.219 5.98748
2.22 5.99867
2.221 6.00989
2.222 6.02113
2.223 6.0324
2.224 6.04368
2.225 6.055
2.226 6.06633
2.227 6.07769
2.228 6.08907
2.229 6.10048
2.23 6.11191
2.231 6.12337
2.232 6.13485
2.233 6.14635
2.234 6.15788
2.235 6.16943
2.236 6.181
2.237 6.1926
2.238 6.20422
2.239 6.21587
2.24 6.22754
2.241 6.23924
2.242 6.25096
2.243 6.2627
2.244 6.27447
2.245 6.28626
2.246 6.29808
2.247 6.30992
2.248 6.32179
2.249 6.33368
2.25 6.34559
2.251 6.35753
2.252 6.36949
2.253 6.38148
2.254 6.39349
2.255 6.40553
2.256 6.41759
2.257 6.42968
2.258 4.09205
2.259 4.09429
2.26 4.09585
2.261 4.09807
2.262 4.10029
2.263 4.10251
2.264 4.10473
2.265 4.10696
2.266 4.10918
2.267 4.11141
2.268 4.11363
2.269 4.11586
2.27 4.11809
2.271 4.12032
2.272 4.12255
2.273 4.12478
2.274 4.12701
2.275 4.12924
2.276 4.13148
2.277 4.13371
2.278 4.13595
2.279 4.13819
2.28 4.14042
2.281 4.14266
2.282 4.1449
2.283 4.14714
2.284 4.14938
2.285 4.15163
2.286 4.15387
2.287 4.15612
2.288 4.15836
2.289 4.16061
2.29 4.16286
2.291 4.16511
2.292 4.16735
2.293 4.16961
2.294 4.17186
2.295 4.17411
2.296 4.17636
2.297 4.17862
2.298 4.18087
2.299 4.18313
2.3 4.18539
2.301 4.18765
2.302 4.18991
2.303 4.19217
2.304 4.19443
2.305 4.19669
2.306 4.19895
2.307 4.20122
2.308 4.20348
2.309 4.20575
2.31 4.20802
2.311 4.21029
2.312 4.21255
2.313 4.21482
2.314 4.2171
2.315 4.21937
2.316 4.22164
2.317 4.22392
2.318 4.22619
2.319 4.22847
2.32 4.23074
2.321 4.23302
2.322 4.2353
2.323 4.23758
2.324 4.23986
2.325 4.24214
2.326 4.24443
2.327 4.24671
2.328 4.249
2.329 4.25128
2.33 4.25357
2.331 4.25586
2.332 4.25815
2.333 4.26044
2.334 4.26273
2.335 4.26502
2.336 4.26731
2.337 4.26961
2.338 4.2719
2.339 4.2742
2.34 4.27649
2.341 4.27879
2.342 4.28109
2.343 4.28339
2.344 4.28569
2.345 4.28799
2.346 4.2903
2.347 4.2926
2.348 4.2949
2.349 4.29721
2.35 4.29952
2.351 4.30182
2.352 4.30413
2.353 4.30644
2.354 4.30875
2.355 4.31106
2.356 4.31338
2.357 4.31569
2.358 4.318
2.359 4.32032
2.36 4.32264
2.361 4.32495
2.362 4.32727
2.363 4.32959
2.364 4.33191
2.365 4.33423
2.366 4.33655
2.367 4.33888
2.368 4.3412
2.369 4.34353
2.37 4.34585
2.371 4.34818
2.372 4.35051
2.373 4.35284
2.374 4.35517
2.375 4.3575
2.376 4.35983
2.377 4.36217
2.378 4.3645
2.379 4.36683
2.38 4.36917
2.381 4.37151
2.382 4.37385
2.383 4.37618
2.384 4.37852
2.385 4.38087
2.386 4.38321
2.387 4.38555
2.388 4.38789
2.389 4.39024
2.39 4.39259
2.391 4.39493
2.392 4.39728
2.393 4.39963
2.394 4.40198
2.395 4.40433
2.396 4.40668
2.397 4.40903
2.398 4.41139
2.399 4.41374
2.4 4.4161
2.401 4.41845
2.402 4.42081
2.403 4.42317
2.404 4.42553
2.405 4.42789
2.406 4.43025
2.407 4.43262
2.408 4.43498
2.409 4.43734
2.41 4.43971
2.411 4.44208
2.412 4.44444
2.413 4.44681
2.414 4.44918
2.415 4.45155
2.416 4.45392
2.417 4.4563
2.418 4.45867
2.419 4.46104
2.42 4.46342
2.421 4.46579
2.422 4.46817
2.423 4.47055
2.424 4.47293
2.425 4.47531
2.426 4.47769
2.427 4.48007
2.428 4.48246
2.429 4.48484
2.43 4.48723
2.431 4.48961
2.432 4.492
2.433 4.49439
2.434 4.49678
2.435 4.49917
2.436 4.50156
2.437 4.50395
2.438 4.50634
2.439 4.50874
2.44 4.51113
2.441 4.51353
2.442 4.51592
2.443 4.51832
2.444 4.52072
2.445 4.52312
2.446 4.52552
2.447 4.52792
2.448 4.53033
2.449 4.53273
2.45 4.53514
2.451 4.53754
2.452 4.53995
2.453 4.54236
2.454 4.54476
2.455 4.54717
2.456 4.54958
2.457 4.552
2.458 4.55441
2.459 4.55682
2.46 4.55924
2.461 4.56165
2.462 4.56407
2.463 4.56649
2.464 4.56891
2.465 4.57132
2.466 4.57375
2.467 4.57617
2.468 4.57859
2.469 4.58101
2.47 4.58344
2.471 4.58586
2.472 4.58829
2.473 4.59072
2.474 4.59314
2.475 4.59557
2.476 4.598
2.477 4.60044
2.478 4.60287
2.479 4.6053
2.48 4.60774
2.481 4.61017
2.482 4.61261
2.483 4.61504
2.484 4.61748
2.485 4.61992
2.486 4.62236
2.487 4.6248
2.488 4.62724
2.489 4.62969
2.49 4.63213
2.491 4.63458
2.492 4.63702
2.493 4.63947
2.494 4.64192
2.495 4.64437
2.496 4.64682
2.497 4.64927
2.498 4.65172
2.499 4.65417
2.5 4.65663
2.501 4.65908
2.502 4.66154
2.503 4.66399
2.504 4.66645
2.505 4.66891
2.506 4.67137
2.507 4.67383
2.508 4.67629
2.509 4.67876
2.51 4.68122
2.511 4.68368
2.512 4.68615
2.513 4.68862
2.514 4.69108
2.515 4.69355
2.516 4.69602
2.517 4.69849
2.518 4.70096
2.519 4.70344
2.52 4.70591
2.521 4.70838
2.522 4.71086
2.523 4.71334
2.524 4.71581
2.525 4.71829
2.526 4.72077
2.527 4.72325
2.528 4.72573
2.529 4.72822
2.53 4.7307
2.531 4.73318
2.532 4.73567
2.533 4.73816
2.534 4.74064
2.535 4.74313
2.536 4.74562
2.537 4.74811
2.538 4.7506
2.539 4.75309
2.54 4.75559
2.541 4.75808
2.542 4.76058
2.543 4.76307
2.544 4.76557
2.545 4.76807
2.546 4.77057
2.547 4.77307
2.548 4.77557
2.549 4.77807
2.55 4.78057
2.551 4.78308
2.552 4.78558
2.553 4.78809
2.554 4.79059
2.555 4.7931
2.556 4.79561
2.557 4.79812
2.558 4.80063
2.559 4.80314
2.56 4.80566
2.561 4.80817
2.562 4.81068
2.563 4.8132
2.564 4.81572
2.565 4.81823
2.566 4.82075
2.567 4.82327
2.568 4.82579
2.569 4.82831
2.57 4.83084
2.571 4.83336
2.572 4.83589
2.573 4.83841
2.574 4.84094
2.575 4.84347
2.576 4.84599
2.577 4.84852
2.578 4.85105
2.579 4.85358
2.58 4.85612
2.581 4.85865
2.582 4.86119
2.583 4.86372
2.584 4.86626
2.585 4.86879
2.586 4.87133
2.587 4.87387
2.588 4.87641
2.589 4.87895
2.59 4.8815
2.591 4.88404
2.592 4.88658
2.593 4.88913
2.594 4.89167
2.595 4.89422
2.596 4.89677
2.597 4.89932
2.598 4.90187
2.599 4.90442
2.6 4.90697
2.601 4.90952
2.602 4.91208
2.603 4.91463
2.604 4.91719
2.605 4.91975
2.606 4.9223
2.607 4.92486
2.608 4.92742
2.609 4.92998
2.61 4.93255
2.611 4.93511
2.612 4.93767
2.613 4.94024
2.614 4.9428
2.615 4.94537
2.616 4.94794
2.617 4.95051
2.618 4.95308
2.619 4.95565
2.62 4.95822
2.621 4.96079
2.622 4.96337
2.623 4.96594
2.624 4.96852
2.625 4.97109
2.626 4.97367
2.627 4.97625
2.628 4.97883
2.629 4.98141
2.63 4.98399
2.631 4.98657
2.632 4.98916
2.633 4.99174
2.634 4.99433
2.635 4.99691
2.636 4.9995
2.637 5.00209
2.638 5.00468
2.639 5.00727
2.64 5.00986
2.641 5.01245
2.642 5.01504
2.643 5.01764
2.644 5.02023
2.645 5.02283
2.646 5.02543
2.647 5.02803
2.648 5.03063
2.649 5.03323
2.65 5.03583
2.651 5.03843
2.652 5.04103
2.653 5.04364
2.654 5.04624
2.655 5.04885
2.656 5.05145
2.657 5.05406
2.658 5.05667
2.659 5.05928
2.66 5.06189
2.661 5.0645
2.662 5.06712
2.663 5.06973
2.664 5.07235
2.665 5.07496
2.666 5.07758
2.667 5.0802
2.668 5.08281
2.669 5.08543
2.67 5.08806
2.671 5.09068
2.672 5.0933
2.673 5.09592
2.674 5.09855
2.675 5.10117
2.676 5.1038
2.677 5.10643
2.678 5.10906
2.679 5.11169
2.68 5.11432
2.681 5.11695
2.682 5.11958
2.683 5.12221
2.684 5.12485
2.685 5.12748
2.686 5.13012
2.687 5.13276
2.688 5.1354
2.689 5.13804
2.69 5.14068
2.691 5.14332
2.692 5.14596
2.693 5.1486
2.694 5.15125
2.695 5.15389
2.696 5.15654
2.697 5.15919
2.698 5.16184
2.699 5.16448
2.7 5.16714
2.701 5.16979
2.702 5.17244
2.703 5.17509
2.704 5.17775
2.705 5.1804
2.706 5.18306
2.707 5.18571
2.708 5.18837
2.709 5.19103
2.71 5.19369
2.711 5.19635
2.712 5.19901
2.713 5.20168
2.714 5.20434
2.715 5.20701
2.716 5.20967
2.717 5.21234
2.718 5.21501
2.719 5.21768
2.72 5.22035
2.721 5.22302
2.722 5.22569
2.723 5.22836
2.724 5.23104
2.725 5.23371
2.726 5.23639
2.727 5.23906
2.728 5.24174
2.729 5.24442
2.73 5.2471
2.731 5.24978
2.732 5.25246
2.733 5.25514
2.734 5.25783
2.735 5.26051
2.736 5.2632
2.737 5.26588
2.738 5.26857
2.739 5.27126
2.74 5.27395
2.741 5.27664
2.742 5.27933
2.743 5.28202
2.744 5.28472
2.745 5.28741
2.746 5.29011
2.747 5.2928
2.748 5.2955
2.749 5.2982
2.75 5.3009
2.751 5.3036
2.752 5.3063
2.753 5.309
2.754 5.31171
2.755 5.31441
2.756 5.31711
2.757 5.31982
2.758 5.32253
2.759 5.32524
2.76 5.32795
2.761 5.33066
2.762 5.33337
2.763 5.33608
2.764 5.33879
2.765 5.34151
2.766 5.34422
2.767 5.34694
2.768 5.34965
2.769 5.35237
2.77 5.35509
2.771 5.35781
2.772 5.36053
2.773 5.36325
2.774 5.36598
2.775 5.3687
2.776 5.37142
2.777 5.37415
2.778 5.37688
2.779 5.37961
2.78 5.38233
2.781 5.38506
2.782 5.38779
2.783 5.39053
2.784 5.39326
2.785 5.39599
2.786 5.39873
2.787 5.40146
2.788 5.4042
2.789 5.40694
2.79 5.40968
2.791 5.41242
2.792 5.41516
2.793 5.4179
2.794 5.42064
2.795 5.42338
2.796 5.42613
2.797 5.42887
2.798 5.43162
2.799 5.43437
2.8 5.43712
2.801 5.43987
2.802 5.44262
2.803 5.44537
2.804 5.44812
2.805 5.45087
2.806 5.45363
2.807 5.45638
2.808 5.45914
2.809 5.4619
2.81 5.46465
2.811 5.46741
2.812 5.47017
2.813 5.47293
2.814 5.4757
2.815 5.47846
2.816 5.48122
2.817 5.48399
2.818 5.48675
2.819 5.48952
2.82 5.49229
2.821 5.49506
2.822 5.49783
2.823 5.5006
2.824 5.50337
2.825 5.50614
2.826 5.50892
2.827 5.51169
2.828 5.51447
2.829 5.51725
2.83 5.52002
2.831 5.5228
2.832 5.52558
2.833 5.52836
2.834 5.53115
2.835 5.53393
2.836 5.53671
2.837 5.5395
2.838 5.54228
2.839 5.54507
2.84 5.54786
2.841 5.55065
2.842 5.55344
2.843 5.55623
2.844 5.55902
2.845 5.56181
2.846 5.5646
2.847 5.5674
2.848 5.57019
2.849 5.57299
2.85 5.57579
2.851 5.57859
2.852 5.58139
2.853 5.58419
2.854 5.58699
2.855 5.58979
2.856 5.59259
2.857 5.5954
2.858 5.5982
2.859 5.60101
2.86 5.60382
2.861 5.60662
2.862 5.60943
2.863 5.61224
2.864 5.61506
2.865 5.61787
2.866 5.62068
2.867 5.6235
2.868 5.62631
2.869 5.62913
2.87 5.63194
2.871 5.63476
2.872 5.63758
2.873 5.6404
2.874 5.64322
2.875 5.64604
2.876 5.64887
2.877 5.65169
2.878 5.65452
2.879 5.65734
2.88 5.66017
2.881 5.663
2.882 5.66583
2.883 5.66866
2.884 5.67149
2.885 5.67432
2.886 5.67715
2.887 5.67998
2.888 5.68282
2.889 5.68566
2.89 5.68849
2.891 5.69133
2.892 5.69417
2.893 5.69701
2.894 5.69985
2.895 5.70269
2.896 5.70553
2.897 5.70838
2.898 5.71122
2.899 5.71407
2.9 5.71691
2.901 5.71976
2.902 5.72261
2.903 5.72546
2.904 5.72831
2.905 5.73116
2.906 5.73401
2.907 5.73687
2.908 5.73972
2.909 5.74258
2.91 5.74543
2.911 5.74829
2.912 5.75115
2.913 5.75401
2.914 5.75687
2.915 5.75973
2.916 5.76259
2.917 5.76546
2.918 5.76832
2.919 5.77119
2.92 5.77405
2.921 5.77692
2.922 5.77979
2.923 5.78266
2.924 5.78553
2.925 5.7884
2.926 5.79127
2.927 5.79414
2.928 5.79702
2.929 5.79989
2.93 5.80277
2.931 5.80564
2.932 5.80852
2.933 5.8114
2.934 5.81428
2.935 5.81716
2.936 5.82004
2.937 5.82293
2.938 5.82581
2.939 5.8287
2.94 5.83158
2.941 5.83447
2.942 5.83736
2.943 5.84025
2.944 5.84314
2.945 5.84603
2.946 5.84892
2.947 5.85181
2.948 5.8547
2.949 5.8576
2.95 5.86049
2.951 5.86339
2.952 5.86629
2.953 5.86919
2.954 5.87209
2.955 5.87499
2.956 5.87789
2.957 5.88079
2.958 5.88369
2.959 5.8866
2.96 5.8895
2.961 5.89241
2.962 5.89532
2.963 5.89823
2.964 5.90114
2.965 5.90405
2.966 5.90696
2.967 5.90987
2.968 5.91278
2.969 5.9157
2.97 5.91861
2.971 5.92153
2.972 5.92445
2.973 5.92737
2.974 5.93028
2.975 5.93321
2.976 5.93613
2.977 5.93905
2.978 5.94197
2.979 5.9449
2.98 5.94782
2.981 5.95075
2.982 5.95367
2.983 5.9566
2.984 5.95953
2.985 5.96246
2.986 5.96539
2.987 5.96832
2.988 5.97126
2.989 5.97419
2.99 5.97713
2.991 5.98006
2.992 5.983
2.993 5.98594
2.994 5.98888
2.995 5.99182
2.996 5.99476
2.997 5.9977
2.998 6.00064
2.999 6.00358
3 6.00653
3.001 6.00948
