0.001 0.654499
0.002 0.654499
0.003 0.654499
0.004 0.6545
0.005 0.6545
0.006 0.654501
0.007 0.654502
0.008 0.654503
0.009 0.654505
0.01 0.654506
0.011 0.654508
0.012 0.654509
0.013 0.654511
0.014 0.654513
0.015 0.654516
0.016 0.654518
0.017 0.65452
0.018 0.654523
0.019 0.654526
0.02 0.654529
0.021 0.654532
0.022 0.654535
0.023 0.654539
0.024 0.654542
0.025 0.654546
0.026 0.65455
0.027 0.654554
0.028 0.654558
0.029 0.654562
0.03 0.654567
0.031 0.654571
0.032 0.654576
0.033 0.654581
0.034 0.654586
0.035 0.654591
0.036 0.654597
0.037 0.654602
0.038 0.654608
0.039 0.654614
0.04 0.65462
0.041 0.654626
0.042 0.654632
0.043 0.654638
0.044 0.654645
0.045 0.654652
0.046 0.654659
0.047 0.654666
0.048 0.654673
0.049 0.65468
0.05 0.654688
0.051 0.654695
0.052 0.654703
0.053 0.654711
0.054 0.654719
0.055 0.654727
0.056 0.654736
0.057 0.654744
0.058 0.654753
0.059 0.654762
0.06 0.654771
0.061 0.65478
0.062 0.654789
0.063 0.654799
0.064 0.654808
0.065 0.654818
0.066 0.654828
0.067 0.654838
0.068 0.654848
0.069 0.654858
0.07 0.654869
0.071 0.65488
0.072 0.65489
0.073 0.654901
0.074 0.654912
0.075 0.654924
0.076 0.654935
0.077 0.654947
0.078 0.654958
0.079 0.65497
0.08 0.654982
0.081 0.654994
0.082 0.655007
0.083 0.655019
0.084 0.655032
0.085 0.655045
0.086 0.655058
0.087 0.655071
0.088 0.655084
0.089 0.655097
0.09 0.655111
0.091 0.655125
0.092 0.655138
0.093 0.655152
0.094 0.655166
0.095 0.655181
0.096 0.655195
0.097 0.65521
0.098 0.655224
0.099 0.655239
0.1 0.655254
0.101 0.65527
0.102 0.655285
0.103 0.6553
0.104 0.655316
0.105 0.655332
0.106 0.655348
0.107 0.655364
0.108 0.65538
0.109 0.655397
0.11 0.655413
0.111 0.65543
0.112 0.655447
0.113 0.655464
0.114 0.655481
0.115 0.655498
0.116 0.655516
0.117 0.655533
0.118 0.655551
0.119 0.655569
0.12 0.655587
0.121 0.655605
0.122 0.655624
0.123 0.655642
0.124 0.655661
0.125 0.65568
0.126 0.655699
0.127 0.655718
0.128 0.655737
0.129 0.655756
0.13 0.655776
0.131 0.655796
0.132 0.655816
0.133 0.655836
0.134 0.655856
0.135 0.655876
0.136 0.655897
0.137 0.655917
0.138 0.655938
0.139 0.655959
0.14 0.65598
0.141 0.656001
0.142 0.656023
0.143 0.656044
0.144 0.656066
0.145 0.656088
0.146 0.65611
0.147 0.656132
0.148 0.656154
0.149 0.656177
0.15 0.656199
0.151 0.656222
0.152 0.656245
0.153 0.656268
0.154 0.656291
0.155 0.656314
0.156 0.656338
0.157 0.656362
0.158 0.656385
0.159 0.656409
0.16 0.656434
0.161 0.656458
0.162 0.656482
0.163 0.656507
0.164 0.656531
0.165 0.656556
0.166 0.656581
0.167 0.656607
0.168 0.656632
0.169 0.656657
0.17 0.656683
0.171 0.656709
0.172 0.656735
0.173 0.656761
0.174 0.656787
0.175 0.656813
0.176 0.65684
0.177 0.656867
0.178 0.656893
0.179 0.65692
0.18 0.656948
0.181 0.656975
0.182 0.657002
0.183 0.65703
0.184 0.657058
0.185 0.657085
0.186 0.657113
0.187 0.657142
0.188 0.65717
0.189 0.657199
0.19 0.657227
0.191 0.657256
0.192 0.657285
0.193 0.657314
0.194 0.657343
0.195 0.657373
0.196 0.657402
0.197 0.657432
0.198 0.657462
0.199 0.657492
0.2 0.657522
0.201 0.657552
0.202 0.657583
0.203 0.657613
0.204 0.657644
0.205 0.657675
0.206 0.657706
0.207 0.657737
0.208 0.657769
0.209 0.6578
0.21 0.657832
0.211 0.657864
0.212 0.657896
0.213 0.657928
0.214 0.65796
0.215 0.657992
0.216 0.658025
0.217 0.658058
0.218 0.658091
0.219 0.658124
0.22 0.658157
0.221 0.65819
0.222 0.658224
0.223 0.658257
0.224 0.658291
0.225 0.658325
0.226 0.658359
0.227 0.658393
0.228 0.658428
0.229 0.658462
0.23 0.658497
0.231 0.658532
0.232 0.658567
0.233 0.658602
0.234 0.658637
0.235 0.658673
0.236 0.658708
0.237 0.658744
0.238 0.65878
0.239 0.658816
0.24 0.658852
0.241 0.658889
0.242 0.658925
0.243 0.658962
0.244 0.658999
0.245 0.659036
0.246 0.659073
0.247 0.65911
0.248 0.659147
0.249 0.659185
0.25 0.659223
0.251 0.65926
0.252 0.659298
0.253 0.659337
0.254 0.659375
0.255 0.659413
0.256 0.659452
0.257 0.659491
0.258 0.65953
0.259 0.659569
0.26 0.659608
0.261 0.659647
0.262 0.659687
0.263 0.659727
0.264 0.659766
0.265 0.659806
0.266 0.659847
0.267 0.659887
0.268 0.659927
0.269 0.659968
0.27 0.660009
0.271 0.66005
0.272 0.660091
0.273 0.660132
0.274 0.660173
0.275 0.660215
0.276 0.660256
0.277 0.660298
0.278 0.66034
0.279 0.660382
0.28 0.660424
0.281 0.660467
0.282 0.660509
0.283 0.660552
0.284 0.660595
0.285 0.660638
0.286 0.660681
0.287 0.660724
0.288 0.660768
0.289 0.660811
0.29 0.660855
0.291 0.660899
0.292 0.660943
0.293 0.660987
0.294 0.661032
0.295 0.661076
0.296 0.661121
0.297 0.661166
0.298 0.661211
0.299 0.661256
0.3 0.661301
0.301 0.661347
0.302 0.661392
0.303 0.661438
0.304 0.661484
0.305 0.66153
0.306 0.661576
0.307 0.661622
0.308 0.661669
0.309 0.661715
0.31 0.661762
0.311 0.661809
0.312 0.661856
0.313 0.661903
0.314 0.661951
0.315 0.661998
0.316 0.662046
0.317 0.662094
0.318 0.662142
0.319 0.66219
0.32 0.662238
0.321 0.662287
0.322 0.662335
0.323 0.662384
0.324 0.662433
0.325 0.662482
0.326 0.662531
0.327 0.662581
0.328 0.66263
0.329 0.66268
0.33 0.66273
0.331 0.66278
0.332 0.66283
0.333 0.66288
0.334 0.66293
0.335 0.662981
0.336 0.663032
0.337 0.663083
0.338 0.663134
0.339 0.663185
0.34 0.663236
0.341 0.663288
0.342 0.663339
0.343 0.663391
0.344 0.663443
0.345 0.663495
0.346 0.663547
0.347 0.6636
0.348 0.663652
0.349 0.663705
0.35 0.663758
0.351 0.663811
0.352 0.663864
0.353 0.663917
0.354 0.66397
0.355 0.664024
0.356 0.664078
0.357 0.664132
0.358 0.664186
0.359 0.66424
0.36 0.664294
0.361 0.664349
0.362 0.664403
0.363 0.664458
0.364 0.664513
0.365 0.664568
0.366 0.664623
0.367 0.664679
0.368 0.664734
0.369 0.66479
0.37 0.664846
0.371 0.664902
0.372 0.664958
0.373 0.665014
0.374 0.665071
0.375 0.665128
0.376 0.665184
0.377 0.665241
0.378 0.665298
0.379 0.665356
0.38 0.665413
0.381 0.66547
0.382 0.665528
0.383 0.665586
0.384 0.665644
0.385 0.665702
0.386 0.66576
0.387 0.665819
0.388 0.665877
0.389 0.665936
0.39 0.665995
0.391 0.666054
0.392 0.666113
0.393 0.666172
0.394 0.666232
0.395 0.666292
0.396 0.666351
0.397 0.666411
0.398 0.666471
0.399 0.666532
0.4 0.666592
0.401 0.666653
0.402 0.666713
0.403 0.666774
0.404 0.666835
0.405 0.666896
0.406 0.666957
0.407 0.667019
0.408 0.667081
0.409 0.667142
0.41 0.667204
0.411 0.667266
0.412 0.667328
0.413 0.667391
0.414 0.667453
0.415 0.667516
0.416 0.667579
0.417 0.667642
0.418 0.667705
0.419 0.667768
0.42 0.667832
0.421 0.667895
0.422 0.667959
0.423 0.668023
0.424 0.668087
0.425 0.668151
0.426 0.668215
0.427 0.66828
0.428 0.668344
0.429 0.668409
0.43 0.668474
0.431 0.668539
0.432 0.668604
0.433 0.66867
0.434 0.668735
0.435 0.668801
0.436 0.668867
0.437 0.668933
0.438 0.668999
0.439 0.669065
0.44 0.669132
0.441 0.669198
0.442 0.669265
0.443 0.669332
0.444 0.669399
0.445 0.669466
0.446 0.669533
0.447 0.669601
0.448 0.669669
0.449 0.669736
0.45 0.669804
0.451 0.669872
0.452 0.669941
0.453 0.670009
0.454 0.670078
0.455 0.670146
0.456 0.670215
0.457 0.670284
0.458 0.670353
0.459 0.670423
0.46 0.670492
0.461 0.670562
0.462 0.670631
0.463 0.670701
0.464 0.670771
0.465 0.670842
0.466 0.670912
0.467 0.670983
0.468 0.671053
0.469 0.671124
0.47 0.671195
0.471 0.671266
0.472 0.671337
0.473 0.671409
0.474 0.67148
0.475 0.671552
0.476 0.671624
0.477 0.671696
0.478 0.671768
0.479 0.671841
0.48 0.671913
0.481 0.671986
0.482 0.672058
0.483 0.672131
0.484 0.672205
0.485 0.672278
0.486 0.672351
0.487 0.672425
0.488 0.672498
0.489 0.672572
0.49 0.672646
0.491 0.67272
0.492 0.672795
0.493 0.672869
0.494 0.672944
0.495 0.673018
0.496 0.673093
0.497 0.673168
0.498 0.673244
0.499 0.673319
0.5 0.673395
0.501 0.67347
0.502 0.673546
0.503 0.673622
0.504 0.673698
0.505 0.673774
0.506 0.673851
0.507 0.673927
0.508 0.674004
0.509 0.674081
0.51 0.674158
0.511 0.674235
0.512 0.674312
0.513 0.67439
0.514 0.674467
0.515 0.674545
0.516 0.674623
0.517 0.674701
0.518 0.67478
0.519 0.674858
0.52 0.674936
0.521 0.675015
0.522 0.675094
0.523 0.675173
0.524 0.675252
0.525 0.675331
0.526 0.675411
0.527 0.67549
0.528 0.67557
0.529 0.67565
0.53 0.67573
0.531 0.67581
0.532 0.675891
0.533 0.675971
0.534 0.676052
0.535 0.676133
0.536 0.676213
0.537 0.676295
0.538 0.676376
0.539 0.676457
0.54 0.676539
0.541 0.67662
0.542 0.676702
0.543 0.676784
0.544 0.676867
0.545 0.676949
0.546 0.677031
0.547 0.677114
0.548 0.677197
0.549 0.67728
0.55 0.677363
0.551 0.677446
0.552 0.677529
0.553 0.677613
0.554 0.677696
0.555 0.67778
0.556 0.677864
0.557 0.677948
0.558 0.678033
0.559 0.678117
0.56 0.678202
0.561 0.678286
0.562 0.678371
0.563 0.678456
0.564 0.678541
0.565 0.678627
0.566 0.678712
0.567 0.678798
0.568 0.678884
0.569 0.67897
0.57 0.679056
0.571 0.679142
0.572 0.679228
0.573 0.679315
0.574 0.679402
0.575 0.679488
0.576 0.679575
0.577 0.679663
0.578 0.67975
0.579 0.679837
0.58 0.679925
0.581 0.680013
0.582 0.680101
0.583 0.680189
0.584 0.680277
0.585 0.680365
0.586 0.680454
0.587 0.680542
0.588 0.680631
0.589 0.68072
0.59 0.680809
0.591 0.680899
0.592 0.680988
0.593 0.681078
0.594 0.681167
0.595 0.681257
0.596 0.681347
0.597 0.681437
0.598 0.681528
0.599 0.681618
0.6 0.681709
0.601 0.681799
0.602 0.68189
0.603 0.681981
0.604 0.682073
0.605 0.682164
0.606 0.682256
0.607 0.682347
0.608 0.682439
0.609 0.682531
0.61 0.682623
0.611 0.682716
0.612 0.682808
0.613 0.682901
0.614 0.682993
0.615 0.683086
0.616 0.683179
0.617 0.683272
0.618 0.683366
0.619 0.683459
0.62 0.683553
0.621 0.683647
0.622 0.683741
0.623 0.683835
0.624 0.683929
0.625 0.684023
0.626 0.684118
0.627 0.684213
0.628 0.684308
0.629 0.684403
0.63 0.684498
0.631 0.684593
0.632 0.684689
0.633 0.684784
0.634 0.68488
0.635 0.684976
0.636 0.685072
0.637 0.685168
0.638 0.685264
0.639 0.685361
0.64 0.685458
0.641 0.685554
0.642 0.685651
0.643 0.685749
0.644 0.685846
0.645 0.685943
0.646 0.686041
0.647 0.686139
0.648 0.686236
0.649 0.686335
0.65 0.686433
0.651 0.686531
0.652 0.68663
0.653 0.686728
0.654 0.686827
0.655 0.686926
0.656 0.687025
0.657 0.687124
0.658 0.687224
0.659 0.687323
0.66 0.687423
0.661 0.687523
0.662 0.687623
0.663 0.687723
0.664 0.687823
0.665 0.687924
0.666 0.688024
0.667 0.688125
0.668 0.688226
0.669 0.688327
0.67 0.688428
0.671 0.688529
0.672 0.688631
0.673 0.688733
0.674 0.688834
0.675 0.688936
0.676 0.689039
0.677 0.689141
0.678 0.689243
0.679 0.689346
0.68 0.689448
0.681 0.689551
0.682 0.689654
0.683 0.689758
0.684 0.689861
0.685 0.689964
0.686 0.690068
0.687 0.690172
0.688 0.690276
0.689 0.69038
0.69 0.690484
0.691 0.690588
0.692 0.690693
0.693 0.690798
0.694 0.690902
0.695 0.691007
0.696 0.691113
0.697 0.691218
0.698 0.691323
0.699 0.691429
0.7 0.691535
0.701 0.69164
0.702 0.691747
0.703 0.691853
0.704 0.691959
0.705 0.692066
0.706 0.692172
0.707 0.692279
0.708 0.692386
0.709 0.692493
0.71 0.6926
0.711 0.692708
0.712 0.692815
0.713 0.692923
0.714 0.693031
0.715 0.693139
0.716 0.693247
0.717 0.693355
0.718 0.693464
0.719 0.693572
0.72 0.693681
0.721 0.69379
0.722 0.693899
0.723 0.694008
0.724 0.694118
0.725 0.694227
0.726 0.694337
0.727 0.694447
0.728 0.694557
0.729 0.694667
0.73 0.694777
0.731 0.694888
0.732 0.694998
0.733 0.695109
0.734 0.69522
0.735 0.695331
0.736 0.695442
0.737 0.695553
0.738 0.695665
0.739 0.695776
0.74 0.695888
0.741 0.696
0.742 0.696112
0.743 0.696224
0.744 0.696337
0.745 0.696449
0.746 0.696562
0.747 0.696675
0.748 0.696788
0.749 0.696901
0.75 0.697014
0.751 0.697128
0.752 0.697241
0.753 0.697355
0.754 0.697469
0.755 0.697583
0.756 0.697697
0.757 0.697812
0.758 0.697926
0.759 0.698041
0.76 0.698156
0.761 0.698271
0.762 0.698386
0.763 0.698501
0.764 0.698616
0.765 0.698732
0.766 0.698848
0.767 0.698964
0.768 0.69908
0.769 0.699196
0.77 0.699312
0.771 0.699429
0.772 0.699545
0.773 0.699662
0.774 0.699779
0.775 0.699896
0.776 0.700013
0.777 0.700131
0.778 0.700248
0.779 0.700366
0.78 0.700484
0.781 0.700602
0.782 0.70072
0.783 0.700838
0.784 0.700957
0.785 0.701075
0.786 0.701194
0.787 0.701313
0.788 0.701432
0.789 0.701551
0.79 0.70167
0.791 0.70179
0.792 0.701909
0.793 0.702029
0.794 0.702149
0.795 0.702269
0.796 0.70239
0.797 0.70251
0.798 0.702631
0.799 0.702751
0.8 0.702872
0.801 0.702993
0.802 0.703114
0.803 0.703236
0.804 0.703357
0.805 0.703479
0.806 0.7036
0.807 0.703722
0.808 0.703844
0.809 0.703967
0.81 0.704089
0.811 0.704212
0.812 0.704334
0.813 0.704457
0.814 0.70458
0.815 0.704703
0.816 0.704826
0.817 0.70495
0.818 0.705073
0.819 0.705197
0.82 0.705321
0.821 0.705445
0.822 0.705569
0.823 0.705694
0.824 0.705818
0.825 0.705943
0.826 0.706068
0.827 0.706192
0.828 0.706318
0.829 0.706443
0.83 0.706568
0.831 0.706694
0.832 0.706819
0.833 0.706945
0.834 0.707071
0.835 0.707197
0.836 0.707324
0.837 0.70745
0.838 0.707577
0.839 0.707704
0.84 0.70783
0.841 0.707957
0.842 0.708085
0.843 0.708212
0.844 0.70834
0.845 0.708467
0.846 0.708595
0.847 0.708723
0.848 0.708851
0.849 0.708979
0.85 0.709108
0.851 0.709236
0.852 0.709365
0.853 0.709494
0.854 0.709623
0.855 0.709752
0.856 0.709881
0.857 0.710011
0.858 0.710141
0.859 0.71027
0.86 0.7104
0.861 0.71053
0.862 0.710661
0.863 0.710791
0.864 0.710921
0.865 0.711052
0.866 0.711183
0.867 0.711314
0.868 0.711445
0.869 0.711576
0.87 0.711708
0.871 0.711839
0.872 0.711971
0.873 0.712103
0.874 0.712235
0.875 0.712367
0.876 0.7125
0.877 0.712632
0.878 0.712765
0.879 0.712898
0.88 0.713031
0.881 0.713164
0.882 0.713297
0.883 0.71343
0.884 0.713564
0.885 0.713698
0.886 0.713831
0.887 0.713965
0.888 0.7141
0.889 0.714234
0.89 0.714368
0.891 0.714503
0.892 0.714638
0.893 0.714773
0.894 0.714908
0.895 0.715043
0.896 0.715178
0.897 0.715314
0.898 0.71545
0.899 0.715585
0.9 0.715721
0.901 0.715857
0.902 0.715994
0.903 0.71613
0.904 0.716267
0.905 0.716403
0.906 0.71654
0.907 0.716677
0.908 0.716815
0.909 0.716952
0.91 0.717089
0.911 0.717227
0.912 0.717365
0.913 0.717503
0.914 0.717641
0.915 0.717779
0.916 0.717918
0.917 0.718056
0.918 0.718195
0.919 0.718334
0.92 0.718473
0.921 0.718612
0.922 0.718751
0.923 0.718891
0.924 0.71903
0.925 0.71917
0.926 0.71931
0.927 0.71945
0.928 0.71959
0.929 0.71973
0.93 0.719871
0.931 0.720012
0.932 0.720152
0.933 0.720293
0.934 0.720434
0.935 0.720576
0.936 0.720717
0.937 0.720859
0.938 0.721
0.939 0.721142
0.94 0.721284
0.941 0.721426
0.942 0.721569
0.943 0.721711
0.944 0.721854
0.945 0.721997
0.946 0.72214
0.947 0.722283
0.948 0.722426
0.949 0.722569
0.95 0.722713
0.951 0.722857
0.952 0.723
0.953 0.723144
0.954 0.723288
0.955 0.723433
0.956 0.723577
0.957 0.723722
0.958 0.723867
0.959 0.724011
0.96 0.724156
0.961 0.724302
0.962 0.724447
0.963 0.724593
0.964 0.724738
0.965 0.724884
0.966 0.72503
0.967 0.725176
0.968 0.725322
0.969 0.725469
0.97 0.725615
0.971 0.725762
0.972 0.725909
0.973 0.726056
0.974 0.726203
0.975 0.72635
0.976 0.726498
0.977 0.726645
0.978 0.726793
0.979 0.726941
0.98 0.727089
0.981 0.727237
0.982 0.727386
0.983 0.727534
0.984 0.727683
0.985 0.727832
0.986 0.727981
0.987 0.72813
0.988 0.728279
0.989 0.728429
0.99 0.728578
0.991 0.728728
0.992 0.728878
0.993 0.729028
0.994 0.729178
0.995 0.729328
0.996 0.729479
0.997 0.729629
0.998 0.72978
0.999 0.729931
1 0.730082
1.001 0.730233
1.002 0.730385
1.003 0.730536
1.004 0.730688
1.005 0.73084
1.006 0.730992
1.007 0.731144
1.008 0.731296
1.009 0.731449
1.01 0.731601
1.011 0.731754
1.012 0.731907
1.013 0.73206
1.014 0.732213
1.015 0.732367
1.016 0.73252
1.017 0.732674
1.018 0.732828
1.019 0.732982
1.02 0.733136
1.021 0.73329
1.022 0.733445
1.023 0.733599
1.024 0.733754
1.025 0.733909
1.026 0.734064
1.027 0.734219
1.028 0.734374
1.029 0.73453
1.03 0.734685
1.031 0.734841
1.032 0.734997
1.033 0.735153
1.034 0.735309
1.035 0.735466
1.036 0.735622
1.037 0.735779
1.038 0.735936
1.039 0.736093
1.04 0.73625
1.041 0.736407
1.042 0.736565
1.043 0.736722
1.044 0.73688
1.045 0.737038
1.046 0.737196
1.047 0.737354
1.048 0.737512
1.049 0.737671
1.05 0.73783
1.051 0.737988
1.052 0.738147
1.053 0.738306
1.054 0.738466
1.055 0.738625
1.056 0.738785
1.057 0.738944
1.058 0.739104
1.059 0.739264
1.06 0.739424
1.061 0.739585
1.062 0.739745
1.063 0.739906
1.064 0.740067
1.065 0.740227
1.066 0.740389
1.067 0.74055
1.068 0.740711
1.069 0.740873
1.07 0.741034
1.071 0.741196
1.072 0.741358
1.073 0.74152
1.074 0.741683
1.075 0.741845
1.076 0.742008
1.077 0.74217
1.078 0.742333
1.079 0.742496
1.08 0.742659
1.081 0.742823
1.082 0.742986
1.083 0.74315
1.084 0.743314
1.085 0.743478
1.086 0.743642
1.087 0.743806
1.088 0.74397
1.089 0.744135
1.09 0.7443
1.091 0.744464
1.092 0.744629
1.093 0.744795
1.094 0.74496
1.095 0.745125
1.096 0.745291
1.097 0.745457
1.098 0.745623
1.099 0.745789
1.1 0.745955
1.101 0.746121
1.102 0.746288
1.103 0.746454
1.104 0.746621
1.105 0.746788
1.106 0.746955
1.107 0.747123
1.108 0.74729
1.109 0.747457
1.11 0.747625
1.111 0.747793
1.112 0.747961
1.113 0.748129
1.114 0.748298
1.115 0.748466
1.116 0.748635
1.117 0.748803
1.118 0.748972
1.119 0.749141
1.12 0.749311
1.121 0.74948
1.122 0.74965
1.123 0.749819
1.124 0.749989
1.125 0.750159
1.126 0.750329
1.127 0.7505
1.128 0.75067
1.129 0.750841
1.13 0.751011
1.131 0.751182
1.132 0.751353
1.133 0.751525
1.134 0.751696
1.135 0.751867
1.136 0.752039
1.137 0.752211
1.138 0.752383
1.139 0.752555
1.14 0.752727
1.141 0.7529
1.142 0.753072
1.143 0.753245
1.144 0.753418
1.145 0.753591
1.146 0.753764
1.147 0.753937
1.148 0.754111
1.149 0.754284
1.15 0.754458
1.151 0.754632
1.152 0.754806
1.153 0.75498
1.154 0.755155
1.155 0.755329
1.156 0.755504
1.157 0.755679
1.158 0.755854
1.159 0.756029
1.16 0.756204
1.161 0.756379
1.162 0.756555
1.163 0.756731
1.164 0.756907
1.165 0.757083
1.166 0.757259
1.167 0.757435
1.168 0.757612
1.169 0.757788
1.17 0.757965
1.171 0.758142
1.172 0.758319
1.173 0.758496
1.174 0.758674
1.175 0.758851
1.176 0.759029
1.177 0.759207
1.178 0.759385
1.179 0.759563
1.18 0.759741
1.181 0.75992
1.182 0.760098
1.183 0.760277
1.184 0.760456
1.185 0.760635
1.186 0.760814
1.187 0.760994
1.188 0.761173
1.189 0.761353
1.19 0.761533
1.191 0.761713
1.192 0.761893
1.193 0.762073
1.194 0.762253
1.195 0.762434
1.196 0.762615
1.197 0.762796
1.198 0.762977
1.199 0.763158
1.2 0.763339
1.201 0.763521
1.202 0.763702
1.203 0.763884
1.204 0.764066
1.205 0.764248
1.206 0.76443
1.207 0.764613
1.208 0.764795
1.209 0.764978
1.21 0.765161
1.211 0.765344
1.212 0.765527
1.213 0.76571
1.214 0.765893
1.215 0.766077
1.216 0.766261
1.217 0.766445
1.218 0.766629
1.219 0.766813
1.22 0.766997
1.221 0.767182
1.222 0.767366
1.223 0.767551
1.224 0.767736
1.225 0.767921
1.226 0.768107
1.227 0.768292
1.228 0.768478
1.229 0.768663
1.23 0.768849
1.231 0.769035
1.232 0.769221
1.233 0.769408
1.234 0.769594
1.235 0.769781
1.236 0.769967
1.237 0.770154
1.238 0.770341
1.239 0.770529
1.24 0.770716
1.241 0.770904
1.242 0.771091
1.243 0.771279
1.244 0.771467
1.245 0.771655
1.246 0.771843
1.247 0.772032
1.248 0.77222
1.249 0.772409
1.25 0.772598
1.251 0.772787
1.252 0.772976
1.253 0.773166
1.254 0.773355
1.255 0.773545
1.256 0.773735
1.257 0.773924
1.258 0.774115
1.259 0.774305
1.26 0.774495
1.261 0.774686
1.262 0.774876
1.263 0.775067
1.264 0.775258
1.265 0.775449
1.266 0.775641
1.267 0.775832
1.268 0.776024
1.269 0.776216
1.27 0.776407
1.271 0.7766
1.272 0.776792
1.273 0.776984
1.274 0.777177
1.275 0.777369
1.276 0.777562
1.277 0.777755
1.278 0.777948
1.279 0.778141
1.28 0.778335
1.281 0.778528
1.282 0.778722
1.283 0.778916
1.284 0.77911
1.285 0.779304
1.286 0.779499
1.287 0.779693
1.288 0.779888
1.289 0.780082
1.29 0.780277
1.291 0.780472
1.292 0.780668
1.293 0.780863
1.294 0.781059
1.295 0.781254
1.296 0.78145
1.297 0.781646
1.298 0.781842
1.299 0.782039
1.3 0.782235
1.301 0.782432
1.302 0.782628
1.303 0.782825
1.304 0.783022
1.305 0.783219
1.306 0.783417
1.307 0.783614
1.308 0.783812
1.309 0.78401
1.31 0.784208
1.311 0.784406
1.312 0.784604
1.313 0.784802
1.314 0.785001
1.315 0.7852
1.316 0.785399
1.317 0.785598
1.318 0.785797
1.319 0.785996
1.32 0.786196
1.321 0.786395
1.322 0.786595
1.323 0.786795
1.324 0.786995
1.325 0.787195
1.326 0.787396
1.327 0.787596
1.328 0.787797
1.329 0.787998
1.33 0.788199
1.331 0.7884
1.332 0.788601
1.333 0.788802
1.334 0.789004
1.335 0.789206
1.336 0.789408
1.337 0.78961
1.338 0.789812
1.339 0.790014
1.34 0.790217
1.341 0.790419
1.342 0.790622
1.343 0.790825
1.344 0.791028
1.345 0.791231
1.346 0.791435
1.347 0.791638
1.348 0.791842
1.349 0.792046
1.35 0.79225
1.351 0.792454
1.352 0.792658
1.353 0.792863
1.354 0.793067
1.355 0.793272
1.356 0.793477
1.357 0.793682
1.358 0.793887
1.359 0.794093
1.36 0.794298
1.361 0.794504
1.362 0.79471
1.363 0.794916
1.364 0.795122
1.365 0.795328
1.366 0.795534
1.367 0.795741
1.368 0.795948
1.369 0.796155
1.37 0.796362
1.371 0.796569
1.372 0.796776
1.373 0.796984
1.374 0.797191
1.375 0.797399
1.376 0.797607
1.377 0.797815
1.378 0.798023
1.379 0.798232
1.38 0.79844
1.381 0.798649
1.382 0.798858
1.383 0.799067
1.384 0.799276
1.385 0.799485
1.386 0.799694
1.387 0.799904
1.388 0.800114
1.389 0.800324
1.39 0.800534
1.391 0.800744
1.392 0.800954
1.393 0.801165
1.394 0.801375
1.395 0.801586
1.396 0.801797
1.397 0.802008
1.398 0.80222
1.399 0.802431
1.4 0.802643
1.401 0.802854
1.402 0.803066
1.403 0.803278
1.404 0.80349
1.405 0.803703
1.406 0.803915
1.407 0.804128
1.408 0.80434
1.409 0.804553
1.41 0.804766
1.411 0.80498
1.412 0.805193
1.413 0.805407
1.414 0.80562
1.415 0.805834
1.416 0.806048
1.417 0.806262
1.418 0.806476
1.419 0.806691
1.42 0.806905
1.421 0.80712
1.422 0.807335
1.423 0.80755
1.424 0.807765
1.425 0.807981
1.426 0.808196
1.427 0.808412
1.428 0.808628
1.429 0.808844
1.43 0.80906
1.431 0.809276
1.432 0.809492
1.433 0.809709
1.434 0.809925
1.435 0.810142
1.436 0.810359
1.437 0.810576
1.438 0.810794
1.439 0.811011
1.44 0.811229
1.441 0.811447
1.442 0.811665
1.443 0.811883
1.444 0.812101
1.445 0.812319
1.446 0.812538
1.447 0.812756
1.448 0.812975
1.449 0.813194
1.45 0.813413
1.451 0.813632
1.452 0.813852
1.453 0.814071
1.454 0.814291
1.455 0.814511
1.456 0.814731
1.457 0.814951
1.458 0.815172
1.459 0.815392
1.46 0.815613
1.461 0.815833
1.462 0.816054
1.463 0.816276
1.464 0.816497
1.465 0.816718
1.466 0.81694
1.467 0.817161
1.468 0.817383
1.469 0.817605
1.47 0.817827
1.471 0.81805
1.472 0.818272
1.473 0.818495
1.474 0.818717
1.475 0.81894
1.476 0.819163
1.477 0.819387
1.478 0.81961
1.479 0.819833
1.48 0.820057
1.481 0.820281
1.482 0.820505
1.483 0.820729
1.484 0.820953
1.485 0.821178
1.486 0.821402
1.487 0.821627
1.488 0.821852
1.489 0.822077
1.49 0.822302
1.491 0.822527
1.492 0.822753
1.493 0.822978
1.494 0.823204
1.495 0.82343
1.496 0.823656
1.497 0.823882
1.498 0.824109
1.499 0.824335
1.5 0.824562
1.501 0.824789
1.502 0.825016
1.503 0.825243
1.504 0.82547
1.505 0.825697
1.506 0.825925
1.507 0.826153
1.508 0.826381
1.509 0.826609
1.51 0.826837
1.511 0.827065
1.512 0.827294
1.513 0.827522
1.514 0.827751
1.515 0.82798
1.516 0.828209
1.517 0.828438
1.518 0.828668
1.519 0.828897
1.52 0.829127
1.521 0.829357
1.522 0.829587
1.523 0.829817
1.524 0.830047
1.525 0.830278
1.526 0.830508
1.527 0.830739
1.528 0.83097
1.529 0.831201
1.53 0.831432
1.531 0.831664
1.532 0.831895
1.533 0.832127
1.534 0.832359
1.535 0.832591
1.536 0.832823
1.537 0.833055
1.538 0.833287
1.539 0.83352
1.54 0.833753
1.541 0.833986
1.542 0.834219
1.543 0.834452
1.544 0.834685
1.545 0.834919
1.546 0.835152
1.547 0.835386
1.548 0.83562
1.549 0.835854
1.55 0.836088
1.551 0.836323
1.552 0.836557
1.553 0.836792
1.554 0.837027
1.555 0.837262
1.556 0.837497
1.557 0.837732
1.558 0.837968
1.559 0.838203
1.56 0.838439
1.561 0.838675
1.562 0.838911
1.563 0.839147
1.564 0.839383
1.565 0.83962
1.566 0.839857
1.567 0.840093
1.568 0.84033
1.569 0.840567
1.57 0.840805
1.571 0.841042
1.572 0.84128
1.573 0.841517
1.574 0.841755
1.575 0.841993
1.576 0.842231
1.577 0.84247
1.578 0.842708
1.579 0.842947
1.58 0.843186
1.581 0.843425
1.582 0.843664
1.583 0.843903
1.584 0.844142
1.585 0.844382
1.586 0.844621
1.587 0.844861
1.588 0.845101
1.589 0.845341
1.59 0.845582
1.591 0.845822
1.592 0.846063
1.593 0.846303
1.594 0.846544
1.595 0.846785
1.596 0.847026
1.597 0.847268
1.598 0.847509
1.599 0.847751
1.6 0.847993
1.601 0.848235
1.602 0.848477
1.603 0.848719
1.604 0.848961
1.605 0.849204
1.606 0.849447
1.607 0.84969
1.608 0.849933
1.609 0.850176
1.61 0.850419
1.611 0.850662
1.612 0.850906
1.613 0.85115
1.614 0.851394
1.615 0.851638
1.616 0.851882
1.617 0.852126
1.618 0.852371
1.619 0.852616
1.62 0.85286
1.621 0.853105
1.622 0.85335
1.623 0.853596
1.624 0.853841
1.625 0.854087
1.626 0.854332
1.627 0.854578
1.628 0.854824
1.629 0.85507
1.63 0.855317
1.631 0.855563
1.632 0.85581
1.633 0.856057
1.634 0.856304
1.635 0.856551
1.636 0.856798
1.637 0.857045
1.638 0.857293
1.639 0.857541
1.64 0.857788
1.641 0.858036
1.642 0.858285
1.643 0.858533
1.644 0.858781
1.645 0.85903
1.646 0.859279
1.647 0.859527
1.648 0.859777
1.649 0.860026
1.65 0.860275
1.651 0.860525
1.652 0.860774
1.653 0.861024
1.654 0.861274
1.655 0.861524
1.656 0.861774
1.657 0.862025
1.658 0.862275
1.659 0.862526
1.66 0.862777
1.661 0.863028
1.662 0.863279
1.663 0.86353
1.664 0.863782
1.665 0.864033
1.666 0.864285
1.667 0.864537
1.668 0.864789
1.669 0.865041
1.67 0.865294
1.671 0.865546
1.672 0.865799
1.673 0.866052
1.674 0.866305
1.675 0.866558
1.676 0.866811
1.677 0.867065
1.678 0.867318
1.679 0.867572
1.68 0.867826
1.681 0.86808
1.682 0.868334
1.683 0.868588
1.684 0.868843
1.685 0.869098
1.686 0.869352
1.687 0.869607
1.688 0.869862
1.689 0.870118
1.69 0.870373
1.691 0.870629
1.692 0.870884
1.693 0.87114
1.694 0.871396
1.695 0.871652
1.696 0.871909
1.697 0.872165
1.698 0.872422
1.699 0.872678
1.7 0.872935
1.701 0.873192
1.702 0.87345
1.703 0.873707
1.704 0.873965
1.705 0.874222
1.706 0.87448
1.707 0.874738
1.708 0.874996
1.709 0.875254
1.71 0.875513
1.711 0.875771
1.712 0.87603
1.713 0.876289
1.714 0.876548
1.715 0.876807
1.716 0.877066
1.717 0.877326
1.718 0.877586
1.719 0.877845
1.72 0.878105
1.721 0.878365
1.722 0.878626
1.723 0.878886
1.724 0.879147
1.725 0.879407
1.726 0.879668
1.727 0.879929
1.728 0.88019
1.729 0.880451
1.73 0.880713
1.731 0.880975
1.732 0.881236
1.733 0.881498
1.734 0.88176
1.735 0.882022
1.736 0.882285
1.737 0.882547
1.738 0.88281
1.739 0.883073
1.74 0.883336
1.741 0.883599
1.742 0.883862
1.743 0.884125
1.744 0.884389
1.745 0.884653
1.746 0.884917
1.747 0.885181
1.748 0.885445
1.749 0.885709
1.75 0.885974
1.751 0.886238
1.752 0.886503
1.753 0.886768
1.754 0.887033
1.755 0.887298
1.756 0.887564
1.757 0.887829
1.758 0.888095
1.759 0.888361
1.76 0.888627
1.761 0.888893
1.762 0.889159
1.763 0.889425
1.764 0.889692
1.765 0.889959
1.766 0.890226
1.767 0.890493
1.768 0.89076
1.769 0.891027
1.77 0.891295
1.771 0.891562
1.772 0.89183
1.773 0.892098
1.774 0.892366
1.775 0.892634
1.776 0.892903
1.777 0.893171
1.778 0.89344
1.779 0.893709
1.78 0.893978
1.781 0.894247
1.782 0.894516
1.783 0.894786
1.784 0.895055
1.785 0.895325
1.786 0.895595
1.787 0.895865
1.788 0.896135
1.789 0.896406
1.79 0.896676
1.791 0.896947
1.792 0.897218
1.793 0.897489
1.794 0.89776
1.795 0.898031
1.796 0.898302
1.797 0.898574
1.798 0.898846
1.799 0.899118
1.8 0.89939
1.801 0.899662
1.802 0.899934
1.803 0.900207
1.804 0.900479
1.805 0.900752
1.806 0.901025
1.807 0.901298
1.808 0.901571
1.809 0.901845
1.81 0.902118
1.811 0.902392
1.812 0.902666
1.813 0.90294
1.814 0.903214
1.815 0.903488
1.816 0.903763
1.817 0.904037
1.818 0.904312
1.819 0.904587
1.82 0.904862
1.821 0.905137
1.822 0.905412
1.823 0.905688
1.824 0.905964
1.825 0.906239
1.826 0.906515
1.827 0.906791
1.828 0.907068
1.829 0.907344
1.83 0.907621
1.831 0.907897
1.832 0.908174
1.833 0.908451
1.834 0.908728
1.835 0.909006
1.836 0.909283
1.837 0.909561
1.838 0.909839
1.839 0.910117
1.84 0.910395
1.841 0.910673
1.842 0.910951
1.843 0.91123
1.844 0.911508
1.845 0.911787
1.846 0.912066
1.847 0.912345
1.848 0.912625
1.849 0.912904
1.85 0.913184
1.851 0.913463
1.852 0.913743
1.853 0.914023
1.854 0.914304
1.855 0.914584
1.856 0.914864
1.857 0.915145
1.858 0.915426
1.859 0.915707
1.86 0.915988
1.861 0.916269
1.862 0.91655
1.863 0.916832
1.864 0.917114
1.865 0.917396
1.866 0.917678
1.867 0.91796
1.868 0.918242
1.869 0.918524
1.87 0.918807
1.871 0.91909
1.872 0.919373
1.873 0.919656
1.874 0.919939
1.875 0.920222
1.876 0.920506
1.877 0.92079
1.878 0.921073
1.879 0.921357
1.88 0.921641
1.881 0.921926
1.882 0.92221
1.883 0.922495
1.884 0.922779
1.885 0.923064
1.886 0.923349
1.887 0.923635
1.888 0.92392
1.889 0.924205
1.89 0.924491
1.891 0.924777
1.892 0.925063
1.893 0.925349
1.894 0.925635
1.895 0.925921
1.896 0.926208
1.897 0.926495
1.898 0.926781
1.899 0.927068
1.9 0.927356
1.901 0.927643
1.902 0.92793
1.903 0.928218
1.904 0.928506
1.905 0.928794
1.906 0.929082
1.907 0.92937
1.908 0.929658
1.909 0.929947
1.91 0.930235
1.911 0.930524
1.912 0.930813
1.913 0.931102
1.914 0.931391
1.915 0.931681
1.916 0.93197
1.917 0.93226
1.918 0.93255
1.919 0.93284
1.92 0.93313
1.921 0.93342
1.922 0.933711
1.923 0.934002
1.924 0.934292
1.925 0.934583
1.926 0.934874
1.927 0.935166
1.928 0.935457
1.929 0.935748
1.93 0.93604
1.931 0.936332
1.932 0.936624
1.933 0.936916
1.934 0.937208
1.935 0.937501
1.936 0.937793
1.937 0.938086
1.938 0.938379
1.939 0.938672
1.94 0.938965
1.941 0.939259
1.942 0.939552
1.943 0.939846
1.944 0.94014
1.945 0.940433
1.946 0.940728
1.947 0.941022
1.948 0.941316
1.949 0.941611
1.95 0.941905
1.951 0.9422
1.952 0.942495
1.953 0.94279
1.954 0.943086
1.955 0.943381
1.956 0.943677
1.957 0.943973
1.958 0.944268
1.959 0.944565
1.96 0.944861
1.961 0.945157
1.962 0.945454
1.963 0.94575
1.964 0.946047
1.965 0.946344
1.966 0.946641
1.967 0.946938
1.968 0.947236
1.969 0.947533
1.97 0.947831
1.971 0.948129
1.972 0.948427
1.973 0.948725
1.974 0.949024
1.975 0.949322
1.976 0.949621
1.977 0.94992
1.978 0.950218
1.979 0.950518
1.98 0.950817
1.981 0.951116
1.982 0.951416
1.983 0.951715
1.984 0.952015
1.985 0.952315
1.986 0.952615
1.987 0.952916
1.988 0.953216
1.989 0.953517
1.99 0.953817
1.991 0.954118
1.992 0.954419
1.993 0.954721
1.994 0.955022
1.995 0.955323
1.996 0.955625
1.997 0.955927
1.998 0.956229
1.999 0.956531
2 0.956833
2.001 0.957136
2.002 0.957438
2.003 0.957741
2.004 0.958044
2.005 0.958347
2.006 0.95865
2.007 0.958953
2.008 0.959257
2.009 0.95956
2.01 0.959864
2.011 0.960168
2.012 0.960472
2.013 0.960776
2.014 0.961081
2.015 0.961385
2.016 0.96169
2.017 0.961995
2.018 0.9623
2.019 0.962605
2.02 0.96291
2.021 0.963216
2.022 0.963521
2.023 0.963827
2.024 0.964133
2.025 0.964439
2.026 0.964745
2.027 0.965051
2.028 0.965358
2.029 0.965664
2.03 0.965971
2.031 0.966278
2.032 0.966585
2.033 0.966893
2.034 0.9672
2.035 0.967508
2.036 0.967815
2.037 0.968123
2.038 0.968431
2.039 0.968739
2.04 0.969048
2.041 0.969356
2.042 0.969665
2.043 0.969973
2.044 0.970282
2.045 0.970591
2.046 0.970901
2.047 0.97121
2.048 0.971519
2.049 0.971829
2.05 0.972139
2.051 0.972449
2.052 0.972759
2.053 0.973069
2.054 0.97338
2.055 0.97369
2.056 0.974001
2.057 0.974312
2.058 0.974623
2.059 0.974934
2.06 0.975245
2.061 0.975557
2.062 0.975869
2.063 0.97618
2.064 0.976492
2.065 0.976804
2.066 0.977117
2.067 0.977429
2.068 0.977741
2.069 0.978054
2.07 0.978367
2.071 0.97868
2.072 0.978993
2.073 0.979306
2.074 0.97962
2.075 0.979933
2.076 0.980247
2.077 0.980561
2.078 0.980875
2.079 0.981189
2.08 0.981504
2.081 0.981818
2.082 0.982133
2.083 0.982448
2.084 0.982763
2.085 0.983078
2.086 0.983393
2.087 0.983708
2.088 0.984024
2.089 0.98434
2.09 0.984656
2.091 0.984972
2.092 0.985288
2.093 0.985604
2.094 0.985921
2.095 0.986237
2.096 0.986554
2.097 0.986871
2.098 0.987188
2.099 0.987505
2.1 0.987823
2.101 0.98814
2.102 0.988458
2.103 0.988776
2.104 0.989094
2.105 0.989412
2.106 0.98973
2.107 0.990048
2.108 0.990367
2.109 0.990686
2.11 0.991005
2.111 0.991324
2.112 0.991643
2.113 0.991962
2.114 0.992282
2.115 0.992601
2.116 0.992921
2.117 0.993241
2.118 0.993561
2.119 0.993881
2.12 0.994202
2.121 0.994522
2.122 0.994843
2.123 0.995164
2.124 0.995485
2.125 0.995806
2.126 0.996127
2.127 0.996449
2.128 0.99677
2.129 0.997092
2.13 0.997414
2.131 0.997736
2.132 0.998058
2.133 0.998381
2.134 0.998703
2.135 0.999026
2.136 0.999349
2.137 0.999672
2.138 0.999995
2.139 1.00032
2.14 1.00064
2.141 1.00097
2.142 1.00129
2.143 1.00161
2.144 1.00194
2.145 1.00226
2.146 1.00259
2.147 1.00291
2.148 1.00323
2.149 1.00356
2.15 1.00388
2.151 1.00421
2.152 1.00453
2.153 1.00486
2.154 1.00519
2.155 1.00551
2.156 1.00584
2.157 1.00616
2.158 1.00649
2.159 1.00682
2.16 1.00714
2.161 1.00747
2.162 1.0078
2.163 1.00812
2.164 1.00845
2.165 1.00878
2.166 1.0091
2.167 1.00943
2.168 1.00976
2.169 1.01009
2.17 1.01041
2.171 1.01074
2.172 1.01107
2.173 1.0114
2.174 1.01173
2.175 1.01206
2.176 1.01239
2.177 1.01271
2.178 1.01304
2.179 1.01337
2.18 1.0137
2.181 1.01403
2.182 1.01436
2.183 1.01469
2.184 1.01502
2.185 1.01535
2.186 1.01568
2.187 1.01601
2.188 1.01634
2.189 1.01667
2.19 1.01701
2.191 1.01734
2.192 1.01767
2.193 1.018
2.194 1.01833
2.195 1.01866
2.196 1.01899
2.197 1.01933
2.198 1.01966
2.199 1.01999
2.2 1.02032
2.201 1.02066
2.202 1.02099
2.203 1.02132
2.204 1.02165
2.205 1.02199
2.206 1.02232
2.207 1.02266
2.208 1.02299
2.209 1.02332
2.21 1.02366
2.211 1.02399
2.212 1.02433
2.213 1.02466
2.214 1.02499
2.215 1.02533
2.216 1.02566
2.217 1.026
2.218 1.02633
2.219 1.02667
2.22 1.02701
2.221 1.02734
2.222 1.02768
2.223 1.02801
2.224 1.02835
2.225 1.02868
2.226 1.02902
2.227 1.02936
2.228 1.02969
2.229 1.03003
2.23 1.03037
2.231 1.03071
2.232 1.03104
2.233 1.03138
2.234 1.03172
2.235 1.03206
2.236 1.03239
2.237 1.03273
2.238 1.03307
2.239 1.03341
2.24 1.03375
2.241 1.03409
2.242 1.03442
2.243 1.03476
2.244 1.0351
2.245 1.03544
2.246 1.03578
2.247 1.03612
2.248 1.03646
2.249 1.0368
2.25 1.03714
2.251 1.03748
2.252 1.03782
2.253 1.03816
2.254 1.0385
2.255 1.03884
2.256 1.03918
2.257 1.03953
2.258 0.654499
2.259 0.654499
2.26 0.654499
2.261 0.654499
2.262 0.654499
2.263 0.654499
2.264 0.654499
2.265 0.654499
2.266 0.654499
2.267 0.654499
2.268 0.654499
2.269 0.654499
2.27 0.654499
2.271 0.654499
2.272 0.654499
2.273 0.654499
2.274 0.654499
2.275 0.654499
2.276 0.654499
2.277 0.654499
2.278 0.654499
2.279 0.654499
2.28 0.654499
2.281 0.654499
2.282 0.654499
2.283 0.654499
2.284 0.654499
2.285 0.654499
2.286 0.654499
2.287 0.654499
2.288 0.654499
2.289 0.654499
2.29 0.654499
2.291 0.654499
2.292 0.654499
2.293 0.654499
2.294 0.654499
2.295 0.654499
2.296 0.654499
2.297 0.654499
2.298 0.654499
2.299 0.654499
2.3 0.654499
2.301 0.654499
2.302 0.654499
2.303 0.654499
2.304 0.654499
2.305 0.654499
2.306 0.654499
2.307 0.654499
2.308 0.654499
2.309 0.654499
2.31 0.654499
2.311 0.654499
2.312 0.654499
2.313 0.654499
2.314 0.654499
2.315 0.654499
2.316 0.654499
2.317 0.654499
2.318 0.654499
2.319 0.654499
2.32 0.654499
2.321 0.654499
2.322 0.654499
2.323 0.654499
2.324 0.654499
2.325 0.654499
2.326 0.654499
2.327 0.654499
2.328 0.654499
2.329 0.654499
2.33 0.654499
2.331 0.654499
2.332 0.654499
2.333 0.654499
2.334 0.654499
2.335 0.654499
2.336 0.654499
2.337 0.654499
2.338 0.654499
2.339 0.654499
2.34 0.654499
2.341 0.654499
2.342 0.654499
2.343 0.654499
2.344 0.654499
2.345 0.654499
2.346 0.654499
2.347 0.654499
2.348 0.654499
2.349 0.654499
2.35 0.654499
2.351 0.654499
2.352 0.654499
2.353 0.654499
2.354 0.654499
2.355 0.654499
2.356 0.654499
2.357 0.654499
2.358 0.654499
2.359 0.654499
2.36 0.654499
2.361 0.654499
2.362 0.654499
2.363 0.654499
2.364 0.654499
2.365 0.654499
2.366 0.654499
2.367 0.654499
2.368 0.654499
2.369 0.654499
2.37 0.654499
2.371 0.654499
2.372 0.654499
2.373 0.654499
2.374 0.654499
2.375 0.654499
2.376 0.654499
2.377 0.654499
2.378 0.654499
2.379 0.654499
2.38 0.654499
2.381 0.654499
2.382 0.654499
2.383 0.654499
2.384 0.654499
2.385 0.654499
2.386 0.654499
2.387 0.654499
2.388 0.654499
2.389 0.654499
2.39 0.654499
2.391 0.654499
2.392 0.654499
2.393 0.654499
2.394 0.654499
2.395 0.654499
2.396 0.654499
2.397 0.654499
2.398 0.654499
2.399 0.654499
2.4 0.654499
2.401 0.654499
2.402 0.654499
2.403 0.654499
2.404 0.654499
2.405 0.654499
2.406 0.654499
2.407 0.654499
2.408 0.654499
2.409 0.654499
2.41 0.654499
2.411 0.654499
2.412 0.654499
2.413 0.654499
2.414 0.654499
2.415 0.654499
2.416 0.654499
2.417 0.654499
2.418 0.654499
2.419 0.654499
2.42 0.654499
2.421 0.654499
2.422 0.654499
2.423 0.654499
2.424 0.654499
2.425 0.654499
2.426 0.654499
2.427 0.654499
2.428 0.654499
2.429 0.654499
2.43 0.654499
2.431 0.654499
2.432 0.654499
2.433 0.654499
2.434 0.654499
2.435 0.654499
2.436 0.654499
2.437 0.654499
2.438 0.654499
2.439 0.654499
2.44 0.654499
2.441 0.654499
2.442 0.654499
2.443 0.654499
2.444 0.654499
2.445 0.654499
2.446 0.654499
2.447 0.654499
2.448 0.654499
2.449 0.654499
2.45 0.654499
2.451 0.654499
2.452 0.654499
2.453 0.654499
2.454 0.654499
2.455 0.654499
2.456 0.654499
2.457 0.654499
2.458 0.654499
2.459 0.654499
2.46 0.654499
2.461 0.654499
2.462 0.654499
2.463 0.654499
2.464 0.654499
2.465 0.654499
2.466 0.654499
2.467 0.654499
2.468 0.654499
2.469 0.654499
2.47 0.654499
2.471 0.654499
2.472 0.654499
2.473 0.654499
2.474 0.654499
2.475 0.654499
2.476 0.654499
2.477 0.654499
2.478 0.654499
2.479 0.654499
2.48 0.654499
2.481 0.654499
2.482 0.654499
2.483 0.654499
2.484 0.654499
2.485 0.654499
2.486 0.654499
2.487 0.654499
2.488 0.654499
2.489 0.654499
2.49 0.654499
2.491 0.654499
2.492 0.654499
2.493 0.654499
2.494 0.654499
2.495 0.654499
2.496 0.654499
2.497 0.654499
2.498 0.654499
2.499 0.654499
2.5 0.654499
2.501 0.654499
2.502 0.654499
2.503 0.654499
2.504 0.654499
2.505 0.654499
2.506 0.654499
2.507 0.654499
2.508 0.654499
2.509 0.654499
2.51 0.654499
2.511 0.654499
2.512 0.654499
2.513 0.654499
2.514 0.654499
2.515 0.654499
2.516 0.654499
2.517 0.654499
2.518 0.654499
2.519 0.654499
2.52 0.654499
2.521 0.654499
2.522 0.654499
2.523 0.654499
2.524 0.654499
2.525 0.654499
2.526 0.654499
2.527 0.654499
2.528 0.654499
2.529 0.654499
2.53 0.654499
2.531 0.654499
2.532 0.654499
2.533 0.654499
2.534 0.654499
2.535 0.654499
2.536 0.654499
2.537 0.654499
2.538 0.654499
2.539 0.654499
2.54 0.654499
2.541 0.654499
2.542 0.654499
2.543 0.654499
2.544 0.654499
2.545 0.654499
2.546 0.654499
2.547 0.654499
2.548 0.654499
2.549 0.654499
2.55 0.654499
2.551 0.654499
2.552 0.654499
2.553 0.654499
2.554 0.654499
2.555 0.654499
2.556 0.654499
2.557 0.654499
2.558 0.654499
2.559 0.654499
2.56 0.654499
2.561 0.654499
2.562 0.654499
2.563 0.654499
2.564 0.654499
2.565 0.654499
2.566 0.654499
2.567 0.654499
2.568 0.654499
2.569 0.654499
2.57 0.654499
2.571 0.654499
2.572 0.654499
2.573 0.654499
2.574 0.654499
2.575 0.654499
2.576 0.654499
2.577 0.654499
2.578 0.654499
2.579 0.654499
2.58 0.654499
2.581 0.654499
2.582 0.654499
2.583 0.654499
2.584 0.654499
2.585 0.654499
2.586 0.654499
2.587 0.654499
2.588 0.654499
2.589 0.654499
2.59 0.654499
2.591 0.654499
2.592 0.654499
2.593 0.654499
2.594 0.654499
2.595 0.654499
2.596 0.654499
2.597 0.654499
2.598 0.654499
2.599 0.654499
2.6 0.654499
2.601 0.654499
2.602 0.654499
2.603 0.654499
2.604 0.654499
2.605 0.654499
2.606 0.654499
2.607 0.654499
2.608 0.654499
2.609 0.654499
2.61 0.654499
2.611 0.654499
2.612 0.654499
2.613 0.654499
2.614 0.654499
2.615 0.654499
2.616 0.654499
2.617 0.654499
2.618 0.654499
2.619 0.654499
2.62 0.654499
2.621 0.654499
2.622 0.654499
2.623 0.654499
2.624 0.654499
2.625 0.654499
2.626 0.654499
2.627 0.654499
2.628 0.654499
2.629 0.654499
2.63 0.654499
2.631 0.654499
2.632 0.654499
2.633 0.654499
2.634 0.654499
2.635 0.654499
2.636 0.654499
2.637 0.654499
2.638 0.654499
2.639 0.654499
2.64 0.654499
2.641 0.654499
2.642 0.654499
2.643 0.654499
2.644 0.654499
2.645 0.654499
2.646 0.654499
2.647 0.654499
2.648 0.654499
2.649 0.654499
2.65 0.654499
2.651 0.654499
2.652 0.654499
2.653 0.654499
2.654 0.654499
2.655 0.654499
2.656 0.654499
2.657 0.654499
2.658 0.654499
2.659 0.654499
2.66 0.654499
2.661 0.654499
2.662 0.654499
2.663 0.654499
2.664 0.654499
2.665 0.654499
2.666 0.654499
2.667 0.654499
2.668 0.654499
2.669 0.654499
2.67 0.654499
2.671 0.654499
2.672 0.654499
2.673 0.654499
2.674 0.654499
2.675 0.654499
2.676 0.654499
2.677 0.654499
2.678 0.654499
2.679 0.654499
2.68 0.654499
2.681 0.654499
2.682 0.654499
2.683 0.654499
2.684 0.654499
2.685 0.654499
2.686 0.654499
2.687 0.654499
2.688 0.654499
2.689 0.654499
2.69 0.654499
2.691 0.654499
2.692 0.654499
2.693 0.654499
2.694 0.654499
2.695 0.654499
2.696 0.654499
2.697 0.654499
2.698 0.654499
2.699 0.654499
2.7 0.654499
2.701 0.654499
2.702 0.654499
2.703 0.654499
2.704 0.654499
2.705 0.654499
2.706 0.654499
2.707 0.654499
2.708 0.654499
2.709 0.654499
2.71 0.654499
2.711 0.654499
2.712 0.654499
2.713 0.654499
2.714 0.654499
2.715 0.654499
2.716 0.654499
2.717 0.654499
2.718 0.654499
2.719 0.654499
2.72 0.654499
2.721 0.654499
2.722 0.654499
2.723 0.654499
2.724 0.654499
2.725 0.654499
2.726 0.654499
2.727 0.654499
2.728 0.654499
2.729 0.654499
2.73 0.654499
2.731 0.654499
2.732 0.654499
2.733 0.654499
2.734 0.654499
2.735 0.654499
2.736 0.654499
2.737 0.654499
2.738 0.654499
2.739 0.654499
2.74 0.654499
2.741 0.654499
2.742 0.654499
2.743 0.654499
2.744 0.654499
2.745 0.654499
2.746 0.654499
2.747 0.654499
2.748 0.654499
2.749 0.654499
2.75 0.654499
2.751 0.654499
2.752 0.654499
2.753 0.654499
2.754 0.654499
2.755 0.654499
2.756 0.654499
2.757 0.654499
2.758 0.654499
2.759 0.654499
2.76 0.654499
2.761 0.654499
2.762 0.654499
2.763 0.654499
2.764 0.654499
2.765 0.654499
2.766 0.654499
2.767 0.654499
2.768 0.654499
2.769 0.654499
2.77 0.654499
2.771 0.654499
2.772 0.654499
2.773 0.654499
2.774 0.654499
2.775 0.654499
2.776 0.654499
2.777 0.654499
2.778 0.654499
2.779 0.654499
2.78 0.654499
2.781 0.654499
2.782 0.654499
2.783 0.654499
2.784 0.654499
2.785 0.654499
2.786 0.654499
2.787 0.654499
2.788 0.654499
2.789 0.654499
2.79 0.654499
2.791 0.654499
2.792 0.654499
2.793 0.654499
2.794 0.654499
2.795 0.654499
2.796 0.654499
2.797 0.654499
2.798 0.654499
2.799 0.654499
2.8 0.654499
2.801 0.654499
2.802 0.654499
2.803 0.654499
2.804 0.654499
2.805 0.654499
2.806 0.654499
2.807 0.654499
2.808 0.654499
2.809 0.654499
2.81 0.654499
2.811 0.654499
2.812 0.654499
2.813 0.654499
2.814 0.654499
2.815 0.654499
2.816 0.654499
2.817 0.654499
2.818 0.654499
2.819 0.654499
2.82 0.654499
2.821 0.654499
2.822 0.654499
2.823 0.654499
2.824 0.654499
2.825 0.654499
2.826 0.654499
2.827 0.654499
2.828 0.654499
2.829 0.654499
2.83 0.654499
2.831 0.654499
2.832 0.654499
2.833 0.654499
2.834 0.654499
2.835 0.654499
2.836 0.654499
2.837 0.654499
2.838 0.654499
2.839 0.654499
2.84 0.654499
2.841 0.654499
2.842 0.654499
2.843 0.654499
2.844 0.654499
2.845 0.654499
2.846 0.654499
2.847 0.654499
2.848 0.654499
2.849 0.654499
2.85 0.654499
2.851 0.654499
2.852 0.654499
2.853 0.654499
2.854 0.654499
2.855 0.654499
2.856 0.654499
2.857 0.654499
2.858 0.654499
2.859 0.654499
2.86 0.654499
2.861 0.654499
2.862 0.654499
2.863 0.654499
2.864 0.654499
2.865 0.654499
2.866 0.654499
2.867 0.654499
2.868 0.654499
2.869 0.654499
2.87 0.654499
2.871 0.654499
2.872 0.654499
2.873 0.654499
2.874 0.654499
2.875 0.654499
2.876 0.654499
2.877 0.654499
2.878 0.654499
2.879 0.654499
2.88 0.654499
2.881 0.654499
2.882 0.654499
2.883 0.654499
2.884 0.654499
2.885 0.654499
2.886 0.654499
2.887 0.654499
2.888 0.654499
2.889 0.654499
2.89 0.654499
2.891 0.654499
2.892 0.654499
2.893 0.654499
2.894 0.654499
2.895 0.654499
2.896 0.654499
2.897 0.654499
2.898 0.654499
2.899 0.654499
2.9 0.654499
2.901 0.654499
2.902 0.654499
2.903 0.654499
2.904 0.654499
2.905 0.654499
2.906 0.654499
2.907 0.654499
2.908 0.654499
2.909 0.654499
2.91 0.654499
2.911 0.654499
2.912 0.654499
2.913 0.654499
2.914 0.654499
2.915 0.654499
2.916 0.654499
2.917 0.654499
2.918 0.654499
2.919 0.654499
2.92 0.654499
2.921 0.654499
2.922 0.654499
2.923 0.654499
2.924 0.654499
2.925 0.654499
2.926 0.654499
2.927 0.654499
2.928 0.654499
2.929 0.654499
2.93 0.654499
2.931 0.654499
2.932 0.654499
2.933 0.654499
2.934 0.654499
2.935 0.654499
2.936 0.654499
2.937 0.654499
2.938 0.654499
2.939 0.654499
2.94 0.654499
2.941 0.654499
2.942 0.654499
2.943 0.654499
2.944 0.654499
2.945 0.654499
2.946 0.654499
2.947 0.654499
2.948 0.654499
2.949 0.654499
2.95 0.654499
2.951 0.654499
2.952 0.654499
2.953 0.654499
2.954 0.654499
2.955 0.654499
2.956 0.654499
2.957 0.654499
2.958 0.654499
2.959 0.654499
2.96 0.654499
2.961 0.654499
2.962 0.654499
2.963 0.654499
2.964 0.654499
2.965 0.654499
2.966 0.654499
2.967 0.654499
2.968 0.654499
2.969 0.654499
2.97 0.654499
2.971 0.654499
2.972 0.654499
2.973 0.654499
2.974 0.654499
2.975 0.654499
2.976 0.654499
2.977 0.654499
2.978 0.654499
2.979 0.654499
2.98 0.654499
2.981 0.654499
2.982 0.654499
2.983 0.654499
2.984 0.654499
2.985 0.654499
2.986 0.654499
2.987 0.654499
2.988 0.654499
2.989 0.654499
2.99 0.654499
2.991 0.654499
2.992 0.654499
2.993 0.654499
2.994 0.654499
2.995 0.654499
2.996 0.654499
2.997 0.654499
2.998 0.654499
2.999 0.654499
3 0.654499
3.001 0.654499
