0 15 0
0 15 0
0 15 0
0 14.9999 0
0 14.9999 0
0 14.9999 0
0 14.9998 0
0 14.9997 0
0 14.9996 0
0 14.9996 0
0 14.9995 0
0 14.9994 0
0 14.9992 0
0 14.9991 0
0 14.999 0
0 14.9988 0
0 14.9987 0
0 14.9985 0
0 14.9983 0
0 14.9981 0
0 14.9979 0
0 14.9977 0
0 14.9975 0
0 14.9973 0
0 14.9971 0
0 14.9968 0
0 14.9966 0
0 14.9963 0
0 14.996 0
0 14.9957 0
0 14.9954 0
0 14.9951 0
0 14.9948 0
0 14.9945 0
0 14.9942 0
0 14.9938 0
0 14.9935 0
0 14.9931 0
0 14.9927 0
0 14.9923 0
0 14.992 0
0 14.9916 0
0 14.9911 0
0 14.9907 0
0 14.9903 0
0 14.9898 0
0 14.9894 0
0 14.9889 0
0 14.9885 0
0 14.988 0
0 14.9875 0
0 14.987 0
0 14.9865 0
0 14.986 0
0 14.9854 0
0 14.9849 0
0 14.9843 0
0 14.9838 0
0 14.9832 0
0 14.9826 0
0 14.982 0
0 14.9814 0
0 14.9808 0
0 14.9802 0
0 14.9796 0
0 14.979 0
0 14.9783 0
0 14.9777 0
0 14.977 0
0 14.9763 0
0 14.9756 0
0 14.9749 0
0 14.9742 0
0 14.9735 0
0 14.9728 0
0 14.972 0
0 14.9713 0
0 14.9705 0
0 14.9698 0
0 14.969 0
0 14.9682 0
0 14.9674 0
0 14.9666 0
0 14.9658 0
0 14.965 0
0 14.9641 0
0 14.9633 0
0 14.9624 0
0 14.9616 0
0 14.9607 0
0 14.9598 0
0 14.9589 0
0 14.958 0
0 14.9571 0
0 14.9562 0
0 14.9553 0
0 14.9543 0
0 14.9534 0
0 14.9524 0
0 14.9514 0
0 14.9505 0
0 14.9495 0
0 14.9485 0
0 14.9475 0
0 14.9464 0
0 14.9454 0
0 14.9444 0
0 14.9433 0
0 14.9423 0
0 14.9412 0
0 14.9401 0
0 14.939 0
0 14.9379 0
0 14.9368 0
0 14.9357 0
0 14.9346 0
0 14.9334 0
0 14.9323 0
0 14.9311 0
0 14.93 0
0 14.9288 0
0 14.9276 0
0 14.9264 0
0 14.9252 0
0 14.924 0
0 14.9227 0
0 14.9215 0
0 14.9203 0
0 14.919 0
0 14.9177 0
0 14.9165 0
0 14.9152 0
0 14.9139 0
0 14.9126 0
0 14.9113 0
0 14.9099 0
0 14.9086 0
0 14.9073 0
0 14.9059 0
0 14.9045 0
0 14.9032 0
0 14.9018 0
0 14.9004 0
0 14.899 0
0 14.8976 0
0 14.8962 0
0 14.8947 0
0 14.8933 0
0 14.8918 0
0 14.8904 0
0 14.8889 0
0 14.8874 0
0 14.8859 0
0 14.8844 0
0 14.8829 0
0 14.8814 0
0 14.8799 0
0 14.8783 0
0 14.8768 0
0 14.8752 0
0 14.8736 0
0 14.8721 0
0 14.8705 0
0 14.8689 0
0 14.8673 0
0 14.8657 0
0 14.864 0
0 14.8624 0
0 14.8607 0
0 14.8591 0
0 14.8574 0
0 14.8557 0
0 14.854 0
0 14.8523 0
0 14.8506 0
0 14.8489 0
0 14.8472 0
0 14.8455 0
0 14.8437 0
0 14.842 0
0 14.8402 0
0 14.8384 0
0 14.8366 0
0 14.8348 0
0 14.833 0
0 14.8312 0
0 14.8294 0
0 14.8276 0
0 14.8257 0
0 14.8239 0
0 14.822 0
0 14.8201 0
0 14.8182 0
0 14.8163 0
0 14.8144 0
0 14.8125 0
0 14.8106 0
0 14.8087 0
0 14.8067 0
0 14.8048 0
0 14.8028 0
0 14.8008 0
0 14.7989 0
0 14.7969 0
0 14.7949 0
0 14.7929 0
0 14.7908 0
0 14.7888 0
0 14.7868 0
0 14.7847 0
0 14.7827 0
0 14.7806 0
0 14.7785 0
0 14.7764 0
0 14.7743 0
0 14.7722 0
0 14.7701 0
0 14.768 0
0 14.7658 0
0 14.7637 0
0 14.7615 0
0 14.7594 0
0 14.7572 0
0 14.755 0
0 14.7528 0
0 14.7506 0
0 14.7484 0
0 14.7461 0
0 14.7439 0
0 14.7417 0
0 14.7394 0
0 14.7371 0
0 14.7349 0
0 14.7326 0
0 14.7303 0
0 14.728 0
0 14.7257 0
0 14.7233 0
0 14.721 0
0 14.7186 0
0 14.7163 0
0 14.7139 0
0 14.7116 0
0 14.7092 0
0 14.7068 0
0 14.7044 0
0 14.702 0
0 14.6995 0
0 14.6971 0
0 14.6947 0
0 14.6922 0
0 14.6897 0
0 14.6873 0
0 14.6848 0
0 14.6823 0
0 14.6798 0
0 14.6773 0
0 14.6748 0
0 14.6722 0
0 14.6697 0
0 14.6671 0
0 14.6646 0
0 14.662 0
0 14.6594 0
0 14.6568 0
0 14.6542 0
0 14.6516 0
0 14.649 0
0 14.6464 0
0 14.6437 0
0 14.6411 0
0 14.6384 0
0 14.6358 0
0 14.6331 0
0 14.6304 0
0 14.6277 0
0 14.625 0
0 14.6223 0
0 14.6196 0
0 14.6168 0
0 14.6141 0
0 14.6113 0
0 14.6086 0
0 14.6058 0
0 14.603 0
0 14.6002 0
0 14.5974 0
0 14.5946 0
0 14.5917 0
0 14.5889 0
0 14.5861 0
0 14.5832 0
0 14.5803 0
0 14.5775 0
0 14.5746 0
0 14.5717 0
0 14.5688 0
0 14.5659 0
0 14.563 0
0 14.56 0
0 14.5571 0
0 14.5541 0
0 14.5512 0
0 14.5482 0
0 14.5452 0
0 14.5422 0
0 14.5392 0
0 14.5362 0
0 14.5332 0
0 14.5302 0
0 14.5271 0
0 14.5241 0
0 14.521 0
0 14.5179 0
0 14.5148 0
0 14.5118 0
0 14.5087 0
0 14.5055 0
0 14.5024 0
0 14.4993 0
0 14.4962 0
0 14.493 0
0 14.4899 0
0 14.4867 0
0 14.4835 0
0 14.4803 0
0 14.4771 0
0 14.4739 0
0 14.4707 0
0 14.4675 0
0 14.4642 0
0 14.461 0
0 14.4577 0
0 14.4545 0
0 14.4512 0
0 14.4479 0
0 14.4446 0
0 14.4413 0
0 14.438 0
0 14.4346 0
0 14.4313 0
0 14.428 0
0 14.4246 0
0 14.4212 0
0 14.4179 0
0 14.4145 0
0 14.4111 0
0 14.4077 0
0 14.4043 0
0 14.4009 0
0 14.3974 0
0 14.394 0
0 14.3905 0
0 14.3871 0
0 14.3836 0
0 14.3801 0
0 14.3766 0
0 14.3731 0
0 14.3696 0
0 14.3661 0
0 14.3625 0
0 14.359 0
0 14.3555 0
0 14.3519 0
0 14.3483 0
0 14.3447 0
0 14.3412 0
0 14.3376 0
0 14.3339 0
0 14.3303 0
0 14.3267 0
0 14.3231 0
0 14.3194 0
0 14.3157 0
0 14.3121 0
0 14.3084 0
0 14.3047 0
0 14.301 0
0 14.2973 0
0 14.2936 0
0 14.2899 0
0 14.2861 0
0 14.2824 0
0 14.2786 0
0 14.2748 0
0 14.2711 0
0 14.2673 0
0 14.2635 0
0 14.2597 0
0 14.2559 0
0 14.252 0
0 14.2482 0
0 14.2444 0
0 14.2405 0
0 14.2366 0
0 14.2328 0
0 14.2289 0
0 14.225 0
0 14.2211 0
0 14.2172 0
0 14.2132 0
0 14.2093 0
0 14.2054 0
0 14.2014 0
0 14.1974 0
0 14.1935 0
0 14.1895 0
0 14.1855 0
0 14.1815 0
0 14.1775 0
0 14.1735 0
0 14.1694 0
0 14.1654 0
0 14.1613 0
0 14.1573 0
0 14.1532 0
0 14.1491 0
0 14.145 0
0 14.1409 0
0 14.1368 0
0 14.1327 0
0 14.1286 0
0 14.1244 0
0 14.1203 0
0 14.1161 0
0 14.1119 0
0 14.1078 0
0 14.1036 0
0 14.0994 0
0 14.0952 0
0 14.091 0
0 14.0867 0
0 14.0825 0
0 14.0782 0
0 14.074 0
0 14.0697 0
0 14.0654 0
0 14.0612 0
0 14.0569 0
0 14.0526 0
0 14.0482 0
0 14.0439 0
0 14.0396 0
0 14.0352 0
0 14.0309 0
0 14.0265 0
0 14.0221 0
0 14.0177 0
0 14.0133 0
0 14.0089 0
0 14.0045 0
0 14.0001 0
0 13.9957 0
0 13.9912 0
0 13.9868 0
0 13.9823 0
0 13.9778 0
0 13.9734 0
0 13.9689 0
0 13.9644 0
0 13.9598 0
0 13.9553 0
0 13.9508 0
0 13.9462 0
0 13.9417 0
0 13.9371 0
0 13.9326 0
0 13.928 0
0 13.9234 0
0 13.9188 0
0 13.9142 0
0 13.9096 0
0 13.9049 0
0 13.9003 0
0 13.8956 0
0 13.891 0
0 13.8863 0
0 13.8816 0
0 13.8769 0
0 13.8722 0
0 13.8675 0
0 13.8628 0
0 13.8581 0
0 13.8533 0
0 13.8486 0
0 13.8438 0
0 13.8391 0
0 13.8343 0
0 13.8295 0
0 13.8247 0
0 13.8199 0
0 13.8151 0
0 13.8103 0
0 13.8054 0
0 13.8006 0
0 13.7957 0
0 13.7909 0
0 13.786 0
0 13.7811 0
0 13.7762 0
0 13.7713 0
0 13.7664 0
0 13.7615 0
0 13.7565 0
0 13.7516 0
0 13.7466 0
0 13.7417 0
0 13.7367 0
0 13.7317 0
0 13.7267 0
0 13.7217 0
0 13.7167 0
0 13.7117 0
0 13.7066 0
0 13.7016 0
0 13.6965 0
0 13.6915 0
0 13.6864 0
0 13.6813 0
0 13.6762 0
0 13.6711 0
0 13.666 0
0 13.6609 0
0 13.6558 0
0 13.6506 0
0 13.6455 0
0 13.6403 0
0 13.6352 0
0 13.63 0
0 13.6248 0
0 13.6196 0
0 13.6144 0
0 13.6092 0
0 13.6039 0
0 13.5987 0
0 13.5934 0
0 13.5882 0
0 13.5829 0
0 13.5776 0
0 13.5724 0
0 13.5671 0
0 13.5617 0
0 13.5564 0
0 13.5511 0
0 13.5458 0
0 13.5404 0
0 13.5351 0
0 13.5297 0
0 13.5243 0
0 13.5189 0
0 13.5135 0
0 13.5081 0
0 13.5027 0
0 13.4973 0
0 13.4919 0
0 13.4864 0
0 13.481 0
0 13.4755 0
0 13.47 0
0 13.4645 0
0 13.459 0
0 13.4535 0
0 13.448 0
0 13.4425 0
0 13.437 0
0 13.4314 0
0 13.4259 0
0 13.4203 0
0 13.4147 0
0 13.4092 0
0 13.4036 0
0 13.398 0
0 13.3924 0
0 13.3867 0
0 13.3811 0
0 13.3755 0
0 13.3698 0
0 13.3642 0
0 13.3585 0
0 13.3528 0
0 13.3471 0
0 13.3414 0
0 13.3357 0
0 13.33 0
0 13.3243 0
0 13.3185 0
0 13.3128 0
0 13.307 0
0 13.3012 0
0 13.2955 0
0 13.2897 0
0 13.2839 0
0 13.2781 0
0 13.2723 0
0 13.2664 0
0 13.2606 0
0 13.2547 0
0 13.2489 0
0 13.243 0
0 13.2371 0
0 13.2313 0
0 13.2254 0
0 13.2195 0
0 13.2135 0
0 13.2076 0
0 13.2017 0
0 13.1957 0
0 13.1898 0
0 13.1838 0
0 13.1778 0
0 13.1719 0
0 13.1659 0
0 13.1599 0
0 13.1538 0
0 13.1478 0
0 13.1418 0
0 13.1357 0
0 13.1297 0
0 13.1236 0
0 13.1176 0
0 13.1115 0
0 13.1054 0
0 13.0993 0
0 13.0932 0
0 13.0871 0
0 13.0809 0
0 13.0748 0
0 13.0686 0
0 13.0625 0
0 13.0563 0
0 13.0501 0
0 13.0439 0
0 13.0377 0
0 13.0315 0
0 13.0253 0
0 13.0191 0
0 13.0128 0
0 13.0066 0
0 13.0003 0
0 12.9941 0
0 12.9878 0
0 12.9815 0
0 12.9752 0
0 12.9689 0
0 12.9626 0
0 12.9562 0
0 12.9499 0
0 12.9435 0
0 12.9372 0
0 12.9308 0
0 12.9244 0
0 12.9181 0
0 12.9117 0
0 12.9053 0
0 12.8988 0
0 12.8924 0
0 12.886 0
0 12.8795 0
0 12.8731 0
0 12.8666 0
0 12.8601 0
0 12.8537 0
0 12.8472 0
0 12.8407 0
0 12.8341 0
0 12.8276 0
0 12.8211 0
0 12.8145 0
0 12.808 0
0 12.8014 0
0 12.7949 0
0 12.7883 0
0 12.7817 0
0 12.7751 0
0 12.7685 0
0 12.7618 0
0 12.7552 0
0 12.7486 0
0 12.7419 0
0 12.7353 0
0 12.7286 0
0 12.7219 0
0 12.7152 0
0 12.7085 0
0 12.7018 0
0 12.6951 0
0 12.6884 0
0 12.6816 0
0 12.6749 0
0 12.6681 0
0 12.6613 0
0 12.6546 0
0 12.6478 0
0 12.641 0
0 12.6342 0
0 12.6274 0
0 12.6205 0
0 12.6137 0
0 12.6068 0
0 12.6 0
0 12.5931 0
0 12.5862 0
0 12.5794 0
0 12.5725 0
0 12.5656 0
0 12.5586 0
0 12.5517 0
0 12.5448 0
0 12.5378 0
0 12.5309 0
0 12.5239 0
0 12.5169 0
0 12.5099 0
0 12.503 0
0 12.4959 0
0 12.4889 0
0 12.4819 0
0 12.4749 0
0 12.4678 0
0 12.4608 0
0 12.4537 0
0 12.4466 0
0 12.4396 0
0 12.4325 0
0 12.4254 0
0 12.4183 0
0 12.4111 0
0 12.404 0
0 12.3969 0
0 12.3897 0
0 12.3825 0
0 12.3754 0
0 12.3682 0
0 12.361 0
0 12.3538 0
0 12.3466 0
0 12.3394 0
0 12.3321 0
0 12.3249 0
0 12.3177 0
0 12.3104 0
0 12.3031 0
0 12.2958 0
0 12.2886 0
0 12.2813 0
0 12.2739 0
0 12.2666 0
0 12.2593 0
0 12.252 0
0 12.2446 0
0 12.2373 0
0 12.2299 0
0 12.2225 0
0 12.2151 0
0 12.2077 0
0 12.2003 0
0 12.1929 0
0 12.1855 0
0 12.178 0
0 12.1706 0
0 12.1631 0
0 12.1557 0
0 12.1482 0
0 12.1407 0
0 12.1332 0
0 12.1257 0
0 12.1182 0
0 12.1107 0
0 12.1031 0
0 12.0956 0
0 12.088 0
0 12.0805 0
0 12.0729 0
0 12.0653 0
0 12.0577 0
0 12.0501 0
0 12.0425 0
0 12.0349 0
0 12.0273 0
0 12.0196 0
0 12.012 0
0 12.0043 0
0 11.9966 0
0 11.989 0
0 11.9813 0
0 11.9736 0
0 11.9659 0
0 11.9581 0
0 11.9504 0
0 11.9427 0
0 11.9349 0
0 11.9272 0
0 11.9194 0
0 11.9116 0
0 11.9038 0
0 11.896 0
0 11.8882 0
0 11.8804 0
0 11.8726 0
0 11.8647 0
0 11.8569 0
0 11.849 0
0 11.8412 0
0 11.8333 0
0 11.8254 0
0 11.8175 0
0 11.8096 0
0 11.8017 0
0 11.7937 0
0 11.7858 0
0 11.7779 0
0 11.7699 0
0 11.7619 0
0 11.754 0
0 11.746 0
0 11.738 0
0 11.73 0
0 11.722 0
0 11.7139 0
0 11.7059 0
0 11.6979 0
0 11.6898 0
0 11.6817 0
0 11.6737 0
0 11.6656 0
0 11.6575 0
0 11.6494 0
0 11.6413 0
0 11.6331 0
0 11.625 0
0 11.6169 0
0 11.6087 0
0 11.6006 0
0 11.5924 0
0 11.5842 0
0 11.576 0
0 11.5678 0
0 11.5596 0
0 11.5514 0
0 11.5432 0
0 11.5349 0
0 11.5267 0
0 11.5184 0
0 11.5101 0
0 11.5019 0
0 11.4936 0
0 11.4853 0
0 11.477 0
0 11.4686 0
0 11.4603 0
0 11.452 0
0 11.4436 0
0 11.4353 0
0 11.4269 0
0 11.4185 0
0 11.4101 0
0 11.4017 0
0 11.3933 0
0 11.3849 0
0 11.3765 0
0 11.368 0
0 11.3596 0
0 11.3511 0
0 11.3427 0
0 11.3342 0
0 11.3257 0
0 11.3172 0
0 11.3087 0
0 11.3002 0
0 11.2917 0
0 11.2831 0
0 11.2746 0
0 11.266 0
0 11.2575 0
0 11.2489 0
0 11.2403 0
0 11.2317 0
0 11.2231 0
0 11.2145 0
0 11.2059 0
0 11.1973 0
0 11.1886 0
0 11.18 0
0 11.1713 0
0 11.1626 0
0 11.1539 0
0 11.1452 0
0 11.1365 0
0 11.1278 0
0 11.1191 0
0 11.1104 0
0 11.1016 0
0 11.0929 0
0 11.0841 0
0 11.0754 0
0 11.0666 0
0 11.0578 0
0 11.049 0
0 11.0402 0
0 11.0314 0
0 11.0225 0
0 11.0137 0
0 11.0048 0
0 10.996 0
0 10.9871 0
0 10.9782 0
0 10.9694 0
0 10.9605 0
0 10.9516 0
0 10.9426 0
0 10.9337 0
0 10.9248 0
0 10.9158 0
0 10.9069 0
0 10.8979 0
0 10.8889 0
0 10.8799 0
0 10.8709 0
0 10.8619 0
0 10.8529 0
0 10.8439 0
0 10.8349 0
0 10.8258 0
0 10.8168 0
0 10.8077 0
0 10.7986 0
0 10.7895 0
0 10.7804 0
0 10.7713 0
0 10.7622 0
0 10.7531 0
0 10.744 0
0 10.7348 0
0 10.7257 0
0 10.7165 0
0 10.7073 0
0 10.6982 0
0 10.689 0
0 10.6798 0
0 10.6706 0
0 10.6613 0
0 10.6521 0
0 10.6429 0
0 10.6336 0
0 10.6243 0
0 10.6151 0
0 10.6058 0
0 10.5965 0
0 10.5872 0
0 10.5779 0
0 10.5686 0
0 10.5592 0
0 10.5499 0
0 10.5406 0
0 10.5312 0
0 10.5218 0
0 10.5125 0
0 10.5031 0
0 10.4937 0
0 10.4843 0
0 10.4748 0
0 10.4654 0
0 10.456 0
0 10.4465 0
0 10.4371 0
0 10.4276 0
0 10.4181 0
0 10.4086 0
0 10.3991 0
0 10.3896 0
0 10.3801 0
0 10.3706 0
0 10.3611 0
0 10.3515 0
0 10.342 0
0 10.3324 0
0 10.3228 0
0 10.3132 0
0 10.3036 0
0 10.294 0
0 10.2844 0
0 10.2748 0
0 10.2652 0
0 10.2555 0
0 10.2459 0
0 10.2362 0
0 10.2265 0
0 10.2169 0
0 10.2072 0
0 10.1975 0
0 10.1878 0
0 10.178 0
0 10.1683 0
0 10.1586 0
0 10.1488 0
0 10.139 0
0 10.1293 0
0 10.1195 0
0 10.1097 0
0 10.0999 0
0 10.0901 0
0 10.0803 0
0 10.0704 0
0 10.0606 0
0 10.0508 0
0 10.0409 0
0 10.031 0
0 10.0212 0
0 10.0113 0
0 10.0014 0
0 9.99146 0
0 9.98154 0
0 9.97161 0
0 9.96167 0
0 9.95172 0
0 9.94177 0
0 9.9318 0
0 9.92182 0
0 9.91184 0
0 9.90184 0
0 9.89183 0
0 9.88182 0
0 9.87179 0
0 9.86176 0
0 9.85171 0
0 9.84166 0
0 9.83159 0
0 9.82152 0
0 9.81143 0
0 9.80134 0
0 9.79123 0
0 9.78112 0
0 9.771 0
0 9.76086 0
0 9.75072 0
0 9.74056 0
0 9.7304 0
0 9.72023 0
0 9.71005 0
0 9.69985 0
0 9.68965 0
0 9.67944 0
0 9.66922 0
0 9.65898 0
0 9.64874 0
0 9.63849 0
0 9.62823 0
0 9.61796 0
0 9.60768 0
0 9.59739 0
0 9.58709 0
0 9.57678 0
0 9.56646 0
0 9.55613 0
0 9.54579 0
0 9.53544 0
0 9.52508 0
0 9.51471 0
0 9.50433 0
0 9.49394 0
0 9.48354 0
0 9.47313 0
0 9.46272 0
0 9.45229 0
0 9.44185 0
0 9.4314 0
0 9.42095 0
0 9.41048 0
0 9.4 0
0 9.38951 0
0 9.37902 0
0 9.36851 0
0 9.35799 0
0 9.34747 0
0 9.33693 0
0 9.32639 0
0 9.31583 0
0 9.30527 0
0 9.29469 0
0 9.28411 0
0 9.27351 0
0 9.26291 0
0 9.25229 0
0 9.24167 0
0 9.23103 0
0 9.22039 0
0 9.20974 0
0 9.19907 0
0 9.1884 0
0 9.17772 0
0 9.16702 0
0 9.15632 0
0 9.14561 0
0 9.13489 0
0 9.12415 0
0 9.11341 0
0 9.10266 0
0 9.0919 0
0 9.08113 0
0 9.07035 0
0 9.05955 0
0 9.04875 0
0 9.03794 0
0 9.02712 0
0 9.01629 0
0 9.00545 0
0 8.9946 0
0 8.98374 0
0 8.97287 0
0 8.96199 0
0 8.9511 0
0 8.94021 0
0 8.9293 0
0 8.91838 0
0 8.90745 0
0 8.89651 0
0 8.88556 0
0 8.87461 0
0 8.86364 0
0 8.85266 0
0 8.84167 0
0 8.83068 0
0 8.81967 0
0 8.80865 0
0 8.79763 0
0 8.78659 0
0 8.77555 0
0 8.76449 0
0 8.75342 0
0 8.74235 0
0 8.73126 0
0 8.72017 0
0 8.70906 0
0 8.69795 0
0 8.68682 0
0 8.67569 0
0 8.66455 0
0 8.65339 0
0 8.64223 0
0 8.63105 0
0 8.61987 0
0 8.60868 0
0 8.59747 0
0 8.58626 0
0 8.57504 0
0 8.56381 0
0 8.55256 0
0 8.54131 0
0 8.53005 0
0 8.51878 0
0 8.5075 0
0 8.49621 0
0 8.4849 0
0 8.47359 0
0 8.46227 0
0 8.45094 0
0 8.4396 0
0 8.42825 0
0 8.41689 0
0 8.40552 0
0 8.39414 0
0 8.38275 0
0 8.37135 0
0 8.35994 0
0 8.34853 0
0 8.3371 0
0 8.32566 0
0 8.31421 0
0 8.30275 0
0 8.29128 0
0 8.27981 0
0 8.26832 0
0 8.25682 0
0 8.24531 0
0 8.2338 0
0 8.22227 0
0 8.21073 0
0 8.19919 0
0 8.18763 0
0 8.17607 0
0 8.16449 0
0 8.1529 0
0 8.14131 0
0 8.1297 0
0 8.11809 0
0 8.10646 0
0 8.09483 0
0 8.08318 0
0 8.07153 0
0 8.05987 0
0 8.04819 0
0 8.03651 0
0 8.02482 0
0 8.01311 0
0 8.0014 0
0 7.98968 0
0 7.97794 0
0 7.9662 0
0 7.95445 0
0 7.94269 0
0 7.93091 0
0 7.91913 0
0 7.90734 0
0 7.89554 0
0 7.88373 0
0 7.87191 0
0 7.86008 0
0 7.84824 0
0 7.83638 0
0 7.82452 0
0 7.81265 0
0 7.80077 0
0 7.78888 0
0 7.77699 0
0 7.76508 0
0 7.75316 0
0 7.74123 0
0 7.72929 0
0 7.71734 0
0 7.70538 0
0 7.69341 0
0 7.68144 0
0 7.66945 0
0 7.65745 0
0 7.64544 0
0 7.63343 0
0 7.6214 0
0 7.60936 0
0 7.59732 0
0 7.58526 0
0 7.57319 0
0 7.56112 0
0 7.54903 0
0 7.53693 0
0 7.52483 0
0 7.51271 0
0 7.50059 0
0 7.48845 0
0 7.47631 0
0 7.46415 0
0 7.45199 0
0 7.43982 0
0 7.42763 0
0 7.41544 0
0 7.40323 0
0 7.39102 0
0 7.3788 0
0 7.36656 0
0 7.35432 0
0 7.34207 0
0 7.32981 0
0 7.31753 0
0 7.30525 0
0 7.29296 0
0 7.28066 0
0 7.26835 0
0 7.25603 0
0 7.24369 0
0 7.23135 0
0 7.219 0
0 7.20664 0
0 7.19427 0
0 7.18189 0
0 7.1695 0
0 7.1571 0
0 7.14469 0
0 7.13227 0
0 7.11984 0
0 7.1074 0
0 7.09495 0
0 7.0825 0
0 7.07003 0
0 7.05755 0
0 7.04506 0
0 7.03256 0
0 7.02006 0
0 7.00754 0
0 6.99501 0
0 6.98247 0
0 6.96993 0
0 6.95737 0
0 6.9448 0
0 6.93223 0
0 6.91964 0
0 6.90704 0
0 6.89444 0
0 6.88182 0
0 6.8692 0
0 6.85656 0
0 6.84392 0
0 6.83126 0
0 6.8186 0
0 6.80592 0
0 6.79324 0
0 6.78054 0
0 6.76784 0
0 6.75513 0
0 6.7424 0
0 6.72967 0
0 6.71693 0
0 6.70417 0
0 6.69141 0
0 6.67864 0
0 6.66586 0
0 6.65306 0
0 6.64026 0
0 6.62745 0
0 6.61463 0
0 6.6018 0
0 6.58896 0
0 6.5761 0
0 6.56324 0
0 6.55037 0
0 6.53749 0
0 6.5246 0
0 6.5117 0
0 6.49879 0
0 6.48587 0
0 6.47294 0
0 6.46 0
0 6.44705 0
0 6.43409 0
0 6.42113 0
0 6.40815 0
0 6.39516 0
0 6.38216 0
0 6.36915 0
0 6.35613 0
0 6.34311 0
0 6.33007 0
0 6.31702 0
0 6.30396 0
0 6.2909 0
0 6.27782 0
0 6.26473 0
0 6.25164 0
0 6.23853 0
0 6.22542 0
0 6.21229 0
0 6.19915 0
0 6.18601 0
0 6.17285 0
0 6.15969 0
0 6.14651 0
0 6.13333 0
0 6.12014 0
0 6.10693 0
0 6.09372 0
0 6.08049 0
0 6.06726 0
0 6.05402 0
0 6.04076 0
0 6.0275 0
0 6.01423 0
0 6.00094 0
0 5.98765 0
0 5.97435 0
0 5.96104 0
0 5.94771 0
0 5.93438 0
0 5.92104 0
0 5.90769 0
0 5.89433 0
0 5.88096 0
0 5.86758 0
0 5.85419 0
0 5.84079 0
0 5.82738 0
0 5.81396 0
0 5.80053 0
0 5.78709 0
0 5.77364 0
0 5.76018 0
0 5.74671 0
0 5.73323 0
0 5.71974 0
0 5.70624 0
0 5.69273 0
0 5.67921 0
0 5.66569 0
0 5.65215 0
0 5.6386 0
0 5.62504 0
0 5.61148 0
0 5.5979 0
0 5.58431 0
0 5.57072 0
0 5.55711 0
0 5.54349 0
0 5.52987 0
0 5.51623 0
0 5.50259 0
0 5.48893 0
0 5.47526 0
0 5.46159 0
0 5.4479 0
0 5.43421 0
0 5.42051 0
0 5.40679 0
0 5.39307 0
0 5.37933 0
0 5.36559 0
0 5.35184 0
0 5.33807 0
0 5.3243 0
0 5.31052 0
0 5.29672 0
0 5.28292 0
0 5.26911 0
0 5.25529 0
0 5.24145 0
0 5.22761 0
0 5.21376 0
0 5.1999 0
0 5.18603 0
0 5.17215 0
0 5.15825 0
0 5.14435 0
0 5.13044 0
0 5.11652 0
0 5.10259 0
0 5.08865 0
0 5.0747 0
0 5.06074 0
0 5.04677 0
0 5.03279 0
0 5.01881 0
0 5.00481 0
0 4.9908 0
0 4.97678 0
0 4.96275 0
0 4.94871 0
0 4.93467 0
0 4.92061 0
0 4.90654 0
0 4.89246 0
0 4.87838 0
0 4.86428 0
0 4.85017 0
0 4.83606 0
0 4.82193 0
0 4.80779 0
0 4.79365 0
0 4.77949 0
0 4.76533 0
0 4.75115 0
0 4.73696 0
0 4.72277 0
0 4.70856 0
0 4.69435 0
0 4.68013 0
0 4.66589 0
0 4.65165 0
0 4.63739 0
0 4.62313 0
0 4.60886 0
0 4.59457 0
0 4.58028 0
0 4.56598 0
0 4.55166 0
0 4.53734 0
0 4.52301 0
0 4.50867 0
0 4.49431 0
0 4.47995 0
0 4.46558 0
0 4.4512 0
0 4.43681 0
0 4.42241 0
0 4.408 0
0 4.39358 0
0 4.37914 0
0 4.3647 0
0 4.35025 0
0 4.33579 0
0 4.32132 0
0 4.30684 0
0 4.29236 0
0 4.27786 0
0 4.26335 0
0 4.24883 0
0 4.2343 0
0 4.21976 0
0 4.20521 0
0 4.19066 0
0 4.17609 0
0 4.16151 0
0 4.14692 0
0 4.13233 0
0 4.11772 0
0 4.1031 0
0 4.08847 0
0 4.07384 0
0 4.05919 0
0 4.04454 0
0 4.02987 0
0 4.01519 0
0 4.00051 0
0 3.98581 0
0 3.97111 0
0 3.95639 0
0 3.94167 0
0 3.92693 0
0 3.91219 0
0 3.89743 0
0 3.88267 0
0 3.8679 0
0 3.85311 0
0 3.83832 0
0 3.82352 0
0 3.8087 0
0 3.79388 0
0 3.77905 0
0 3.7642 0
0 3.74935 0
0 3.73449 0
0 3.71962 0
0 3.70474 0
0 3.68984 0
0 3.67494 0
0 3.66003 0
0 3.64511 0
0 3.63018 0
0 3.61524 0
0 3.60029 0
0 3.58533 0
0 3.57036 0
0 3.55538 0
0 3.54039 0
0 3.52539 0
0 3.51038 0
0 3.49536 0
0 3.48033 0
0 3.46529 0
0 3.45025 0
0 3.43519 0
0 3.42012 0
0 3.40504 0
0 3.38995 0
0 3.37486 0
0 3.35975 0
0 3.34463 0
0 3.3295 0
0 3.31437 0
0 3.29922 0
0 3.28406 0
0 3.2689 0
0 3.25372 0
0 3.23854 0
0 3.22334 0
0 3.20813 0
0 3.19292 0
0 3.17769 0
0 3.16246 0
0 3.14721 0
0 3.13196 0
0 3.1167 0
0 3.10142 0
0 3.08614 0
0 3.07084 0
0 3.05554 0
0 3.04023 0
0 3.0249 0
0 3.00957 0
0 2.99423 0
0 2.97888 0
0 2.96351 0
0 2.94814 0
0 2.93276 0
0 2.91737 0
0 2.90196 0
0 2.88655 0
0 2.87113 0
0 2.8557 0
0 2.84026 0
0 2.82481 0
0 2.80935 0
0 2.79388 0
0 2.7784 0
0 2.76291 0
0 2.74741 0
0 2.7319 0
0 2.71638 0
0 2.70085 0
0 2.68531 0
0 2.66976 0
0 2.6542 0
0 2.63863 0
0 2.62306 0
0 2.60747 0
0 2.59187 0
0 2.57626 0
0 2.56065 0
0 2.54502 0
0 2.52938 0
0 2.51373 0
0 2.49808 0
0 2.48241 0
0 2.46673 0
0 2.45105 0
0 2.43535 0
0 2.41965 0
0 2.40393 0
0 2.38821 0
0 2.37247 0
0 2.35672 0
0 2.34097 0
0 2.32521 0
0 2.30943 0
0 2.29365 0
0 2.27785 0
0 2.26205 0
0 2.24623 0
0 2.23041 0
0 2.21458 0
0 2.19873 0
0 2.18288 0
0 2.16702 0
0 2.15115 0
0 2.13526 0
0 2.11937 0
0 2.10347 0
0 2.08756 0
0 2.07164 0
0 2.05571 0
0 2.03976 0
0 2.02381 0
0 2.00785 0
0 1.99188 0
0 1.9759 0
0 1.95991 0
0 1.94391 0
0 1.9279 0
0 1.91188 0
0 1.89585 0
0 1.87981 0
0 1.86376 0
0 1.8477 0
0 1.83163 0
0 1.81556 0
0 1.79947 0
0 1.78337 0
0 1.76726 0
0 1.75114 0
0 1.73502 0
0 1.71888 0
0 1.70273 0
0 1.68657 0
0 1.67041 0
0 1.65423 0
0 1.63804 0
0 1.62185 0
0 1.60564 0
0 1.58943 0
0 1.5732 0
0 1.55696 0
0 1.54072 0
0 1.52446 0
0 1.5082 0
0 1.49192 0
0 1.47564 0
0 1.45935 0
0 1.44304 0
0 1.42673 0
0 1.4104 0
0 1.39407 0
0 1.37773 0
0 1.36137 0
0 1.34501 0
0 1.32864 0
0 1.31225 0
0 1.29586 0
0 1.27946 0
0 1.26305 0
0 1.24663 0
0 1.23019 0
0 1.21375 0
0 1.1973 0
0 1.18084 0
0 1.16437 0
0 1.14789 0
0 1.1314 0
0 1.1149 0
0 1.09839 0
0 1.08187 0
0 1.06534 0
0 1.0488 0
0 1.03225 0
0 1.01569 0
0 0.999119 0
0 0.98254 0
0 0.965951 0
0 0.949353 0
0 0.932744 0
0 0.916126 0
0 0.899498 0
0 0.882861 0
0 0.866213 0
0 0.849556 0
0 0.832889 0
0 0.816212 0
0 0.799525 0
0 0.782828 0
0 0.766122 0
0 0.749405 0
0 0.732679 0
0 0.715943 0
0 0.699198 0
0 0.682442 0
0 0.665677 0
0 0.648902 0
0 0.632117 0
0 0.615322 0
0 0.598518 0
0 0.581703 0
0 0.564879 0
0 0.548045 0
0 0.531202 0
0 0.514348 0
0 0.497485 0
0 0.480611 0
0 0.463728 0
0 0.446836 0
0 0.429933 0
0 0.413021 0
0 0.396098 0
0 0.379166 0
0 0.362224 0
0 0.345273 0
0 0.328311 0
0 0.31134 0
0 0.294359 0
0 0.277368 0
0 0.260367 0
0 0.243357 0
0 0.226336 0
0 0.209306 0
0 0.192266 0
0 0.175216 0
0 0.158157 0
0 0.141087 0
0 0.124008 0
0 0.106919 0
0 0.0898202 0
0 0.0727116 0
0 0.0555932 0
0 0.0384649 0
0 0.0213268 0
0 0.00417894 0
0 -0.0129787 0
0 -0.0301462 0
0 -0.0473236 0
0 -0.0645107 0
0 -0.0817076 0
0 -0.0989143 0
0 -0.116131 0
0 -0.133357 0
0 -0.150593 0
0 -0.167839 0
0 -0.185095 0
0 -0.202361 0
0 -0.219636 0
0 -0.236921 0
0 -0.254216 0
0 -0.271521 0
0 -0.288836 0
0 -0.30616 0
0 -0.323495 0
0 -0.340839 0
0 -0.358193 0
0 -0.375556 0
0 -0.39293 0
0 -0.410313 0
0 -0.427706 0
0 -0.445109 0
0 -0.462522 0
0 -0.479945 0
0 -0.497377 0
0 -0.514819 0
0 -0.532271 0
0 -0.549733 0
0 -0.567205 0
0 -0.584686 0
0 -0.602177 0
0 -0.619678 0
0 -0.637189 0
0 -0.65471 0
0 -0.67224 0
0 -0.68978 0
0 -0.707331 0
0 -0.72489 0
0 -0.74246 0
0 -0.76004 0
0 -0.777629 0
0 -0.795228 0
0 -0.812837 0
0 -0.830456 0
0 -0.848084 0
0 -0.865723 0
0 -0.883371 0
0 -0.901029 0
0 -0.918697 0
0 -0.936374 0
0 -0.954062 0
0 -0.971759 0
0 -0.989466 0
0 -1.00718 0
0 -1.02491 0
0 -1.04265 0
0 -1.06039 0
0 -1.07815 0
0 -1.09591 0
0 -1.11369 0
0 -1.13148 0
0 -1.14927 0
0 -1.16708 0
0 -1.18489 0
0 -1.20272 0
0 -1.22055 0
0 -1.23839 0
0 -1.25625 0
0 -1.27411 0
0 -1.29199 0
0 -1.30987 0
0 -1.32776 0
0 -1.34567 0
0 -1.36358 0
0 -1.3815 0
0 -1.39944 0
0 -1.41738 0
0 -1.43533 0
0 -1.45329 0
0 -1.47126 0
0 -1.48925 0
0 -1.50724 0
0 -1.52524 0
0 -1.54325 0
0 -1.56127 0
0 -1.5793 0
0 -1.59734 0
0 -1.61539 0
0 -1.63345 0
0 -1.65152 0
0 -1.6696 0
0 -1.68769 0
0 -1.70579 0
0 -1.7239 0
0 -1.74202 0
0 -1.76015 0
0 -1.77829 0
0 -1.79644 0
0 -1.8146 0
0 -1.83276 0
0 -1.85094 0
0 -1.86913 0
0 -1.88733 0
0 -1.90553 0
0 -1.92375 0
0 -1.94198 0
0 -1.96021 0
0 -1.97846 0
0 -1.99672 0
0 -2.01498 0
0 -2.03326 0
0 -2.05155 0
0 -2.06984 0
0 -2.08815 0
0 -2.10646 0
0 -2.12479 0
0 -2.14312 0
0 -2.16147 0
0 -2.17982 0
0 -2.19819 0
0 -2.21656 0
0 -2.23494 0
0 -2.25334 0
0 -2.27174 0
0 -2.29015 0
0 -2.30858 0
0 -2.32701 0
0 -2.34545 0
0 -2.36391 0
0 -2.38237 0
0 -2.40084 0
0 -2.41932 0
0 -2.43781 0
0 -2.45632 0
0 -2.47483 0
0 -2.49335 0
0 -2.51188 0
0 -2.53042 0
0 -2.54897 0
0 -2.56753 0
0 -2.5861 0
0 -2.60468 0
0 -2.62327 0
0 -2.64187 0
0 -2.66048 0
0 -2.6791 0
0 -2.69773 0
0 -2.71637 0
0 -2.73502 0
0 -2.75368 0
0 -2.77235 0
0 -2.79102 0
0 -2.80971 0
0 -2.82841 0
0 -2.84712 0
0 -2.86583 0
0 -2.88456 0
0 -2.9033 0
0 -2.92205 0
0 -2.9408 0
0 -2.95957 0
0 -2.97835 0
0 -2.99713 0
0 -3.01593 0
0 -3.03473 0
0 -3.05355 0
0 -3.07237 0
0 -3.09121 0
0 -3.11005 0
0 -3.12891 0
0 -3.14777 0
0 -3.16665 0
0 -3.18553 0
0 -3.20443 0
0 -3.22333 0
0 -3.24224 0
0 -3.26117 0
0 -3.2801 0
0 -3.29904 0
0 -3.318 0
0 -3.33696 0
0 -3.35593 0
0 -3.37491 0
0 -3.39391 0
0 -3.41291 0
0 -3.43192 0
0 -3.45094 0
0 -3.46997 0
0 -3.48901 0
0 -3.50807 0
0 -3.52713 0
0 -3.5462 0
0 -3.56528 0
0 -3.58437 0
0 -3.60347 0
0 -3.62258 0
0 -3.6417 0
0 -3.66083 0
0 -3.67997 0
0 -3.69912 0
0 -3.71827 0
0 -3.73744 0
0 -3.75662 0
0 -3.77581 0
0 -3.79501 0
0 -3.81422 0
0 -3.83343 0
0 -3.85266 0
0 -3.8719 0
0 -3.89115 0
0 -3.9104 0
0 -3.92967 0
0 -3.94895 0
0 -3.96823 0
0 -3.98753 0
0 -4.00684 0
0 -4.02615 0
0 -4.04548 0
0 -4.06481 0
0 -4.08416 0
0 -4.10351 0
0 -4.12288 0
0 -4.14225 0
0 -4.16164 0
0 -4.18103 0
0 -4.20044 0
0 -4.21985 0
0 -4.23927 0
0 -4.25871 0
0 -4.27815 0
0 -4.2976 0
0 -4.31707 0
0 -4.33654 0
0 -4.35602 0
0 -4.37552 0
0 -4.39502 0
0 -4.41453 0
0 -4.43405 0
0 -4.45358 0
0 -4.47312 0
0 -4.49268 0
0 -4.51224 0
0 -4.53181 0
0 -4.55139 0
0 -4.57098 0
0 -4.59058 0
0 -4.61019 0
0 -4.62981 0
0 -4.64944 0
0 -4.66908 0
0 -4.68873 0
0 -4.70839 0
0 -4.72806 0
0 -4.74774 0
0 -4.76742 0
0 -4.78712 0
0 -4.80683 0
0 -4.82655 0
0 -4.84628 0
0 -4.86602 0
0 -4.88576 0
0 -4.90552 0
0 -4.92529 0
0 -4.94506 0
0 -4.96485 0
0 -4.98465 0
0 -5.00445 0
0 -5.02427 0
0 -5.0441 0
0 -5.06393 0
0 -5.08378 0
0 -5.10363 0
0 -5.1235 0
0 -5.14337 0
0 -5.16326 0
0 -5.18315 0
0 -5.20306 0
0 -5.22297 0
0 -5.2429 0
0 -5.26283 0
0 -5.28277 0
0 -5.30273 0
0 -5.32269 0
0 -5.34266 0
0 -5.36265 0
0 -5.38264 0
0 -5.40264 0
0 -5.42265 0
0 -5.44268 0
0 -5.46271 0
0 -5.48275 0
0 -5.5028 0
0 -5.52286 0
0 -5.54293 0
0 -5.56302 0
0 -5.58311 0
0 -5.60321 0
0 -5.62332 0
0 -5.64344 0
0 -5.66357 0
0 -5.68371 0
0 -5.70386 0
0 -5.72402 0
0 -5.74419 0
0 -5.76437 0
0 -5.78455 0
0 -5.80475 0
0 -5.82496 0
0 -5.84518 0
0 -5.86541 0
0 -5.88565 0
0 -5.90589 0
0 -5.92615 0
0 -5.94642 0
0 -5.9667 0
0 -5.98698 0
0 -6.00728 0
0 -6.02759 0
0 -6.0479 0
0 -6.06823 0
0 -6.08857 0
0 -6.10891 0
0 -6.12927 0
0 -6.14963 0
0 -6.17001 0
0 -6.19039 0
0 -6.21079 0
0 -6.23119 0
0 -6.25161 0
0 -6.27203 0
0 -6.29247 0
0 -6.31291 0
0 -6.33337 0
0 -6.35383 0
0 -6.3743 0
0 -6.39479 0
0 -6.41528 0
0 -6.43578 0
0 -6.45629 0
0 -6.47682 0
0 -6.49735 0
0 -6.51789 0
0 -6.53844 0
0 -6.55901 0
0 -6.57958 0
0 -6.60016 0
0 -6.62075 0
0 -6.64135 0
0 -6.66196 0
0 -6.68258 0
0 -6.70321 0
0 -6.72385 0
0 -6.7445 0
0 -6.76516 0
0 -6.78583 0
0 -6.80651 0
0 -6.8272 0
0 -6.8479 0
0 -6.86861 0
0 -6.88933 0
0 -6.91006 0
0 -6.93079 0
0 -6.95154 0
0 -6.9723 0
0 -6.99307 0
0 -7.01385 0
0 -7.03463 0
0 -7.05543 0
0 -7.07624 0
0 -7.09705 0
0 -7.11788 0
0 -7.13872 0
0 -7.15956 0
0 -7.18042 0
0 -7.20129 0
0 -7.22216 0
0 -7.24305 0
0 -7.26394 0
0 -7.28485 0
0 -7.30576 0
0 -7.32669 0
0 -7.34762 0
0 -7.36857 0
0 -7.38952 0
0 -7.41048 0
0 -7.43146 0
0 -7.45244 0
0 -7.47343 0
0 -7.49444 0
0 -7.51545 0
0 -7.53647 0
0 -7.55751 0
0 -7.57855 0
0 -7.5996 0
0 -7.62066 0
0 -7.64174 0
0 -7.66282 0
0 -7.68391 0
0 -7.70501 0
0 -7.72612 0
0 -7.74724 0
0 -7.76837 0
0 -7.78951 0
0 -7.81066 0
0 -7.83182 0
0 -7.85299 0
0 -7.87417 0
0 -7.89536 0
0 -7.91656 0
0 -7.93777 0
0 -7.95899 0
0 -7.98022 0
0 -8.00146 0
0 -8.02271 0
0 -8.04396 0
0 -8.06523 0
0 -8.08651 0
0 -8.1078 0
0 -8.1291 0
0 -8.1504 0
0 -8.17172 0
0 -8.19305 0
0 -8.21438 0
0 -8.23573 0
0 -8.25709 0
0 -8.27845 0
0 -8.29983 0
0 -8.32121 0
0 -8.34261 0
0 -8.36402 0
0 -8.38543 0
0 -8.40686 0
0 -8.42829 0
0 -8.44974 0
0 -8.47119 0
0 -8.49265 0
0 -8.51413 0
0 -8.53561 0
0 -8.55711 0
0 -8.57861 0
0 -8.60012 0
0 -8.62165 0
0 -8.64318 0
0 -8.66472 0
0 -8.68627 0
0 -8.70784 0
0 -8.72941 0
0 -8.75099 0
0 -8.77258 0
0 -8.79418 0
0 -8.8158 0
0 -8.83742 0
0 -8.85905 0
0 -8.88069 0
0 -8.90234 0
0 -8.924 0
0 -8.94567 0
0 -8.96735 0
0 -8.98904 0
0 -9.01074 0
0 -9.03245 0
0 -9.05417 0
0 -9.0759 0
0 -9.09764 0
0 -9.11939 0
0 -9.14114 0
0 -9.16291 0
0 -9.18469 0
0 -9.20648 0
0 -9.22828 0
0 -9.25008 0
0 -9.2719 0
0 -9.29373 0
0 -9.31557 0
0 -9.33741 0
0 -9.35927 0
0 -9.38114 0
0 -9.40301 0
0 -9.4249 0
0 -9.44679 0
0 -9.4687 0
0 -9.49062 0
0 -9.5 0
0 -9.5 0
0 -9.5 6.41094e-46
0 -9.5 -2.87959e-43
0 -9.5 -4.65442e-43
0 -9.5 -2.65538e-43
0 -9.5 -4.32139e-44
0 -9.5 1.89603e-43
0 -9.5 1.11083e-42
0 -9.5 2.7149e-42
0 -9.5 4.92953e-42
0 -9.5 7.16408e-42
0 -9.5 9.41243e-42
0 -9.5 1.19228e-41
0 -9.5 1.4658e-41
0 -9.5 1.75776e-41
0 -9.5 2.1184e-41
0 -9.5 2.50319e-41
0 -9.5 2.96388e-41
0 -9.5 3.46171e-41
0 -9.5 3.96051e-41
0 -9.5 4.33038e-41
0 -9.5 4.64841e-41
0 -9.5 4.93794e-41
0 -9.5 5.11421e-41
0 -9.5 5.20861e-41
0 -9.5 5.39976e-41
0 -9.5 5.63089e-41
0 -9.5 5.86935e-41
0 -9.5 6.02875e-41
0 -9.5 6.14124e-41
0 -9.5 6.40226e-41
0 -9.5 6.66238e-41
0 -9.5 6.91869e-41
0 -9.5 7.20012e-41
0 -9.5 7.49199e-41
0 -9.5 7.79013e-41
0 -9.5 8.08838e-41
0 -9.5 8.38649e-41
0 -9.5 8.69628e-41
0 -9.5 9.03039e-41
0 -9.5 9.43274e-41
0 -9.5 9.77474e-41
0 -9.5 1.00925e-40
0 -9.5 1.03536e-40
0 -9.5 1.07318e-40
0 -9.5 1.11341e-40
0 -9.5 1.15187e-40
0 -9.5 1.17413e-40
0 -9.5 1.18246e-40
0 -9.5 1.17644e-40
0 -9.5 1.17569e-40
0 -9.5 1.18488e-40
0 -9.5 1.21052e-40
0 -9.5 1.23669e-40
0 -9.5 1.27051e-40
0 -9.5 1.29118e-40
0 -9.5 1.31493e-40
0 -9.5 1.33126e-40
0 -9.5 1.35828e-40
0 -9.5 1.39455e-40
0 -9.5 1.42365e-40
0 -9.5 1.44843e-40
0 -9.5 1.46821e-40
0 -9.5 1.48984e-40
0 -9.5 1.50182e-40
0 -9.5 1.50362e-40
0 -9.5 1.49231e-40
0 -9.5 1.48903e-40
0 -9.5 1.48552e-40
0 -9.5 1.48264e-40
0 -9.5 1.4722e-40
0 -9.5 1.50043e-40
0 -9.5 1.51025e-40
0 -9.5 1.53597e-40
0 -9.5 1.55883e-40
0 -9.5 1.57875e-40
0 -9.5 1.61805e-40
0 -9.5 1.66173e-40
0 -9.5 1.69006e-40
0 -9.5 1.71092e-40
0 -9.5 1.721e-40
0 -9.5 1.72258e-40
0 -9.5 1.7082e-40
0 -9.5 1.70919e-40
0 -9.5 1.73646e-40
0 -9.5 1.72396e-40
0 -9.5 1.71832e-40
0 -9.5 1.70982e-40
0 -9.5 1.71327e-40
0 -9.5 1.71737e-40
0 -9.5 1.73275e-40
0 -9.5 1.77508e-40
0 -9.5 1.82364e-40
0 -9.5 1.89327e-40
0 -9.5 1.9617e-40
0 -9.5 2.00771e-40
0 -9.5 2.09598e-40
0 -9.5 2.20462e-40
0 -9.5 2.33621e-40
0 -9.5 2.45771e-40
0 -9.5 2.54571e-40
0 -9.5 2.62312e-40
0 -9.5 2.70645e-40
0 -9.5 2.7595e-40
0 -9.5 2.81974e-40
0 -9.5 2.85189e-40
0 -9.5 2.87144e-40
0 -9.5 2.89192e-40
0 -9.5 2.9255e-40
0 -9.5 2.96621e-40
0 -9.5 2.97213e-40
0 -9.5 2.9639e-40
0 -9.5 2.91147e-40
0 -9.5 2.86814e-40
0 -9.5 2.78878e-40
0 -9.5 2.69792e-40
0 -9.5 2.56084e-40
0 -9.5 2.43077e-40
0 -9.5 2.32663e-40
0 -9.5 2.23446e-40
0 -9.5 2.14656e-40
0 -9.5 2.06797e-40
0 -9.5 2.01527e-40
0 -9.5 1.95226e-40
0 -9.5 1.90516e-40
0 -9.5 1.82843e-40
0 -9.5 1.74598e-40
0 -9.5 1.66454e-40
0 -9.5 1.59541e-40
0 -9.5 1.5046e-40
0 -9.5 1.38916e-40
0 -9.5 1.28159e-40
0 -9.5 1.18218e-40
0 -9.5 1.06055e-40
0 -9.5 9.46998e-41
0 -9.5 8.0183e-41
0 -9.5 6.62721e-41
0 -9.5 5.08548e-41
0 -9.5 3.66178e-41
0 -9.5 2.60779e-41
0 -9.5 1.63695e-41
0 -9.5 1.0784e-41
0 -9.5 6.5162e-42
0 -9.5 5.55049e-42
0 -9.5 5.85434e-42
0 -9.5 5.39086e-42
0 -9.5 3.08242e-42
0 -9.5 4.7192e-43
0 -9.5 -1.75904e-42
0 -9.5 -4.05995e-42
0 -9.5 -4.01116e-42
0 -9.5 -5.02063e-42
0 -9.5 -8.98796e-43
0 -9.5 3.5441e-42
0 -9.5 6.9517e-42
0 -9.5 1.58684e-41
0 -9.5 2.85944e-41
0 -9.5 4.14937e-41
0 -9.5 5.22115e-41
0 -9.5 6.56421e-41
0 -9.5 8.10393e-41
0 -9.5 9.29847e-41
0 -9.5 1.06752e-40
0 -9.5 1.21019e-40
0 -9.5 1.35043e-40
0 -9.5 1.48382e-40
0 -9.5 1.62475e-40
0 -9.5 1.78387e-40
0 -9.5 1.9039e-40
0 -9.5 2.03805e-40
0 -9.5 2.20328e-40
0 -9.5 2.34838e-40
0 -9.5 2.51055e-40
0 -9.5 2.69275e-40
0 -9.5 2.90035e-40
0 -9.5 3.0894e-40
0 -9.5 3.26605e-40
0 -9.5 3.42519e-40
0 -9.5 3.57714e-40
0 -9.5 3.74182e-40
0 -9.5 3.9355e-40
0 -9.5 4.14053e-40
0 -9.5 4.32473e-40
0 -9.5 4.51442e-40
0 -9.5 4.72574e-40
0 -9.5 4.91037e-40
0 -9.5 5.06978e-40
0 -9.5 5.18254e-40
0 -9.5 5.34974e-40
0 -9.5 5.52256e-40
0 -9.5 5.70905e-40
0 -9.5 5.95141e-40
0 -9.5 6.1621e-40
0 -9.5 6.37274e-40
0 -9.5 6.56535e-40
0 -9.5 6.7971e-40
0 -9.5 7.00517e-40
0 -9.5 7.23296e-40
0 -9.5 7.47472e-40
0 -9.5 7.72759e-40
0 -9.5 7.95133e-40
0 -9.5 8.1269e-40
0 -9.5 8.25287e-40
0 -9.5 8.4054e-40
0 -9.5 8.58773e-40
0 -9.5 8.71609e-40
0 -9.5 8.83241e-40
0 -9.5 8.93896e-40
0 -9.5 9.03482e-40
0 -9.5 9.16944e-40
0 -9.5 9.27659e-40
0 -9.5 9.39038e-40
0 -9.5 9.51248e-40
0 -9.5 9.64456e-40
0 -9.5 9.75017e-40
0 -9.5 9.86984e-40
0 -9.5 9.95993e-40
0 -9.5 1.0065e-39
0 -9.5 1.01818e-39
0 -9.5 1.03162e-39
0 -9.5 1.04774e-39
0 -9.5 1.06137e-39
0 -9.5 1.07002e-39
0 -9.5 1.07059e-39
0 -9.5 1.06728e-39
0 -9.5 1.06014e-39
0 -9.5 1.05956e-39
0 -9.5 1.06384e-39
0 -9.5 1.07108e-39
0 -9.5 1.07602e-39
0 -9.5 1.08276e-39
0 -9.5 1.08938e-39
0 -9.5 1.09708e-39
0 -9.5 1.10721e-39
0 -9.5 1.11953e-39
0 -9.5 1.12539e-39
0 -9.5 1.13308e-39
0 -9.5 1.14302e-39
0 -9.5 1.152e-39
0 -9.5 1.16578e-39
0 -9.5 1.1775e-39
0 -9.5 1.19284e-39
0 -9.5 1.20901e-39
0 -9.5 1.22363e-39
0 -9.5 1.23942e-39
