0.01 0.0196425
0.02 0.0196652
0.03 0.019703
0.04 0.0197559
0.05 0.0198239
0.06 0.0199071
0.07 0.0200053
0.08 0.0201187
0.09 0.0202472
0.1 0.0203908
0.11 0.0205495
0.12 0.0207234
0.13 0.0209123
0.14 0.0211164
0.15 0.0213356
0.16 0.0215699
0.17 0.0218193
0.18 0.0220839
0.19 0.0223635
0.2 0.0226583
0.21 0.0229682
0.22 0.0232932
0.23 0.0236333
0.24 0.0239886
0.25 0.0243589
0.26 0.0247444
0.27 0.025145
0.28 0.0255607
0.29 0.0259915
0.3 0.0264375
0.31 0.0268985
0.32 0.0273747
0.33 0.027866
0.34 0.0283724
0.35 0.028894
0.36 0.0294306
0.37 0.0299824
0.38 0.0305492
0.39 0.0311312
0.4 0.0317283
0.41 0.0323406
0.42 0.0329679
0.43 0.0336104
0.44 0.0342679
0.45 0.0349406
0.46 0.0356285
0.47 0.0363314
0.48 0.0370494
0.49 0.0377826
0.5 0.0385309
0.51 0.0392943
0.52 0.0400728
0.53 0.0408664
0.54 0.0416751
0.55 0.042499
0.56 0.043338
0.57 0.0441921
0.58 0.0450613
0.59 0.0459456
0.6 0.0468451
0.61 0.0477596
0.62 0.0486893
0.63 0.0496341
0.64 0.050594
0.65 0.051569
0.66 0.0525592
0.67 0.0535645
0.68 0.0545848
0.69 0.0556203
0.7 0.0566709
0.71 0.0577367
0.72 0.0588175
0.73 0.0599135
0.74 0.0610246
0.75 0.0621508
0.76 0.0632921
0.77 0.0644485
0.78 0.0656201
0.79 0.0668067
0.8 0.0680085
0.81 0.0692254
0.82 0.0704574
0.83 0.0717045
0.84 0.0729668
0.85 0.0742441
0.86 0.0755366
0.87 0.0768442
0.88 0.0781669
0.89 0.0795048
0.9 0.0808577
0.91 0.0822258
0.92 0.083609
0.93 0.0850073
0.94 0.0864207
0.95 0.0878492
0.96 0.0892929
0.97 0.0907516
0.98 0.0922255
0.99 0.0937145
1 0.0952186
1.01 0.0967378
1.02 0.0982722
1.03 0.0998217
1.04 0.101386
1.05 0.102966
1.06 0.104561
1.07 0.106171
1.08 0.107796
1.09 0.109436
1.1 0.111091
1.11 0.112762
1.12 0.114447
1.13 0.116148
1.14 0.117863
1.15 0.119594
1.16 0.12134
1.17 0.123101
1.18 0.124878
1.19 0.126669
1.2 0.128475
1.21 0.130297
1.22 0.132134
1.23 0.133985
1.24 0.135852
1.25 0.137734
1.26 0.139632
1.27 0.141544
1.28 0.143471
1.29 0.145414
1.3 0.147371
1.31 0.149344
1.32 0.151332
1.33 0.153335
1.34 0.155353
1.35 0.157386
1.36 0.159434
1.37 0.161498
1.38 0.163576
1.39 0.16567
1.4 0.167779
1.41 0.169903
1.42 0.172042
1.43 0.174196
1.44 0.176365
1.45 0.17855
1.46 0.180749
1.47 0.182964
1.48 0.185193
1.49 0.187438
1.5 0.189698
1.51 0.191973
1.52 0.194263
1.53 0.196569
1.54 0.198889
1.55 0.201225
1.56 0.203575
1.57 0.205941
1.58 0.208322
1.59 0.210718
1.6 0.213129
1.61 0.215555
1.62 0.217997
1.63 0.220453
1.64 0.222925
1.65 0.225411
1.66 0.227913
1.67 0.23043
1.68 0.232962
1.69 0.235509
1.7 0.238072
1.71 0.240649
1.72 0.243242
1.73 0.245849
1.74 0.248472
1.75 0.25111
1.76 0.253763
1.77 0.256431
1.78 0.259114
1.79 0.261813
1.8 0.264526
1.81 0.267255
1.82 0.269998
1.83 0.272757
1.84 0.275531
1.85 0.27832
1.86 0.281124
1.87 0.283943
1.88 0.286778
1.89 0.289627
1.9 0.292492
1.91 0.295372
1.92 0.298267
1.93 0.301177
1.94 0.304102
1.95 0.307042
1.96 0.309997
1.97 0.312968
1.98 0.315953
1.99 0.318954
2 0.32197
2.01 0.325
2.02 0.328047
2.03 0.331108
2.04 0.334184
2.05 0.337275
2.06 0.340382
2.07 0.343503
2.08 0.34664
2.09 0.349792
2.1 0.352959
2.11 0.356141
2.12 0.359338
2.13 0.36255
2.14 0.365778
2.15 0.36902
2.16 0.372278
2.17 0.375551
2.18 0.378839
2.19 0.382142
2.2 0.38546
2.21 0.388793
2.22 0.392141
2.23 0.395505
2.24 0.398884
2.25 0.402277
2.26 0.405686
2.27 0.0196352
2.28 0.0196401
2.29 0.019635
2.3 0.019635
2.31 0.019635
2.32 0.019635
2.33 0.019635
2.34 0.019635
2.35 0.019635
2.36 0.019635
2.37 0.019635
2.38 0.019635
2.39 0.019635
2.4 0.019635
2.41 0.019635
2.42 0.019635
2.43 0.019635
2.44 0.019635
2.45 0.019635
2.46 0.019635
2.47 0.019635
2.48 0.019635
2.49 0.019635
2.5 0.019635
2.51 0.019635
2.52 0.019635
2.53 0.019635
2.54 0.019635
2.55 0.019635
2.56 0.019635
2.57 0.019635
2.58 0.019635
2.59 0.019635
2.6 0.019635
2.61 0.019635
2.62 0.019635
2.63 0.019635
2.64 0.019635
2.65 0.019635
2.66 0.019635
2.67 0.019635
2.68 0.019635
2.69 0.019635
2.7 0.019635
2.71 0.019635
2.72 0.019635
2.73 0.019635
2.74 0.019635
2.75 0.019635
2.76 0.019635
2.77 0.019635
2.78 0.019635
2.79 0.019635
2.8 0.019635
2.81 0.019635
2.82 0.019635
2.83 0.019635
2.84 0.019635
2.85 0.019635
2.86 0.019635
2.87 0.019635
2.88 0.019635
2.89 0.019635
2.9 0.019635
2.91 0.019635
2.92 0.019635
2.93 0.019635
2.94 0.019635
2.95 0.019635
2.96 0.019635
2.97 0.019635
2.98 0.019635
2.99 0.019635
3 0.019635
3.01 0.019635
