0 15 0 0 0 0.242536 0.1
0 14.9019 0 -5.76062e-13 -1.44015e-13 0.470588 0.2
0 14.7057 0 -1.78137e-12 -2.96896e-13 0.67054 0.3
0 14.4114 0 -3.60886e-12 -2.90149e-13 0.83045 0.4
0 14.019 0 -5.98157e-12 6.54905e-14 0.94077 0.5
0 13.5285 0 -8.74695e-12 9.63599e-13 0.994911 0.6
0 12.9399 0 -1.16759e-11 2.58236e-12 0.989642 0.7
0 12.2532 0 -1.44674e-11 5.06258e-12 0.925276 0.8
0 11.4684 0 -1.67597e-11 8.4848e-12 0.805658 0.9
0 10.5855 0 -1.81474e-11 1.28468e-11 0.637929 1
0 9.6045 0 -1.82057e-11 1.80438e-11 0.432107 1.1
0 8.5254 0 -1.65199e-11 2.38521e-11 0.200481 1.2
0 7.3482 0 -1.27212e-11 2.992e-11 -0.0431166 1.3
0 6.0729 0 -6.52499e-12 3.5766e-11 -0.284139 1.4
0 4.6995 0 2.22796e-12 4.07866e-11 -0.508195 1.5
0 3.228 0 1.35309e-11 4.42763e-11 -0.701903 1.6
0 1.6584 0 2.71734e-11 4.54587e-11 -0.853698 1.7
0 -0.0093 0 4.27104e-11 4.35305e-11 -0.954513 1.8
0 -1.7751 0 5.94394e-11 3.77176e-11 -0.99833 1.9
0 -3.639 0 7.63918e-11 2.73421e-11 -0.982532 2
0 -5.601 0 9.23399e-11 1.18971e-11 -0.908062 2.1
0 -7.6611 0 1.05823e-10 -8.87187e-12 -0.779367 2.2
0 -9.8193 0 1.15196e-10 -3.48859e-11 -0.604132 2.3
0 -12.0756 0 1.187e-10 -6.56551e-11 -0.392821 2.4
-0.000833333 -9.99292 -1.75396e-13 1.12997e-10 -7.49118e-11 -0.315094 2.5
-0.00166667 -10.0889 -3.50791e-13 1.06514e-10 -8.3651e-11 -0.235191 2.6
-0.0025 -9.99491 -5.26187e-13 9.92945e-11 -9.18123e-11 -0.153662 2.7
-0.00333333 -10.0929 -7.01582e-13 9.13894e-11 -9.93393e-11 -0.0710725 2.8
-0.00416667 -9.9949 -8.76978e-13 8.2853e-11 -1.0618e-10 0.0120085 2.9
-0.005 -10.0929 -1.05237e-12 7.37441e-11 -1.12287e-10 0.0950065 3
