0 15 0 0 0 0.0249922 0.01
0 14.999 0 -6.11683e-15 -1.52921e-16 0.0499688 0.02
0 14.9971 0 -1.83562e-14 -3.05937e-16 0.0749141 0.03
0 14.9941 0 -3.67163e-14 -3.05842e-16 0.0998127 0.04
0 14.9902 0 -6.11875e-14 7.6274e-19 0.124649 0.05
0 14.9853 0 -9.17526e-14 7.67277e-16 0.149407 0.06
0 14.9794 0 -1.28387e-13 2.14691e-15 0.174072 0.07
0 14.9725 0 -1.71058e-13 4.29248e-15 0.198629 0.08
0 14.9647 0 -2.19725e-13 7.35625e-15 0.223061 0.09
0 14.9559 0 -2.74341e-13 1.14897e-14 0.247354 0.1
0 14.946 0 -3.34851e-13 1.68434e-14 0.271492 0.11
0 14.9353 0 -4.01191e-13 2.35666e-14 0.295461 0.12
0 14.9235 0 -4.73292e-13 3.18075e-14 0.319245 0.13
0 14.9107 0 -5.51076e-13 4.17125e-14 0.342829 0.14
0 14.897 0 -6.34457e-13 5.34265e-14 0.3662 0.15
0 14.8823 0 -7.23344e-13 6.70924e-14 0.389342 0.16
0 14.8666 0 -8.17637e-13 8.28509e-14 0.41224 0.17
0 14.8499 0 -9.17228e-13 1.00841e-13 0.434881 0.18
0 14.8322 0 -1.022e-12 1.21198e-13 0.45725 0.19
0 14.8136 0 -1.13185e-12 1.44056e-13 0.479334 0.2
0 14.794 0 -1.24662e-12 1.69545e-13 0.501118 0.21
0 14.7734 0 -1.3662e-12 1.97794e-13 0.52259 0.22
0 14.7518 0 -1.49044e-12 2.28926e-13 0.543734 0.23
0 14.7292 0 -1.6192e-12 2.63063e-13 0.564539 0.24
0 14.7057 0 -1.75231e-12 3.00322e-13 0.584992 0.25
0 14.6812 0 -1.88963e-12 3.40818e-13 0.605079 0.26
0 14.6557 0 -2.03097e-12 3.84661e-13 0.624788 0.27
0 14.6292 0 -2.17618e-12 4.31957e-13 0.644106 0.28
0 14.6017 0 -2.32507e-12 4.82809e-13 0.663022 0.29
0 14.5733 0 -2.47745e-12 5.37313e-13 0.681524 0.3
0 14.5438 0 -2.63315e-12 5.95563e-13 0.699601 0.31
0 14.5134 0 -2.79196e-12 6.57649e-13 0.71724 0.32
0 14.482 0 -2.95369e-12 7.23654e-13 0.734431 0.33
0 14.4497 0 -3.11812e-12 7.93657e-13 0.751164 0.34
0 14.4163 0 -3.28506e-12 8.67734e-13 0.767427 0.35
0 14.382 0 -3.45428e-12 9.45952e-13 0.78321 0.36
0 14.3467 0 -3.62556e-12 1.02838e-12 0.798505 0.37
0 14.3104 0 -3.79869e-12 1.11506e-12 0.8133 0.38
0 14.2731 0 -3.97344e-12 1.20607e-12 0.827588 0.39
0 14.2348 0 -4.14957e-12 1.30144e-12 0.841358 0.4
0 14.1956 0 -4.32686e-12 1.40122e-12 0.854603 0.41
0 14.1554 0 -4.50506e-12 1.50544e-12 0.867314 0.42
0 14.1142 0 -4.68393e-12 1.61414e-12 0.879484 0.43
0 14.072 0 -4.86324e-12 1.72733e-12 0.891103 0.44
0 14.0288 0 -5.04272e-12 1.84504e-12 0.902167 0.45
0 13.9847 0 -5.22214e-12 1.96728e-12 0.912666 0.46
0 13.9395 0 -5.40124e-12 2.09405e-12 0.922595 0.47
0 13.8934 0 -5.57978e-12 2.22536e-12 0.931949 0.48
0 13.8463 0 -5.75748e-12 2.36119e-12 0.940719 0.49
0 13.7983 0 -5.93411e-12 2.50154e-12 0.948903 0.5
0 13.7492 0 -6.1094e-12 2.64638e-12 0.956493 0.51
0 13.6992 0 -6.28308e-12 2.7957e-12 0.963486 0.52
0 13.6482 0 -6.45492e-12 2.94945e-12 0.969877 0.53
0 13.5962 0 -6.62463e-12 3.10761e-12 0.975662 0.54
0 13.5432 0 -6.79197e-12 3.27011e-12 0.980837 0.55
0 13.4893 0 -6.95666e-12 3.43692e-12 0.9854 0.56
0 13.4343 0 -7.11846e-12 3.60798e-12 0.989347 0.57
0 13.3784 0 -7.27711e-12 3.78321e-12 0.992677 0.58
0 13.3215 0 -7.43234e-12 3.96255e-12 0.995386 0.59
0 13.2636 0 -7.58389e-12 4.14593e-12 0.997473 0.6
0 13.2048 0 -7.73151e-12 4.33325e-12 0.998937 0.61
0 13.1449 0 -7.87495e-12 4.52442e-12 0.999777 0.62
0 13.0841 0 -8.01395e-12 4.71936e-12 0.999992 0.63
0 13.0223 0 -8.14826e-12 4.91795e-12 0.999583 0.64
0 12.9595 0 -8.27764e-12 5.12008e-12 0.99855 0.65
0 12.8958 0 -8.40183e-12 5.32565e-12 0.996892 0.66
0 12.831 0 -8.52059e-12 5.53452e-12 0.994612 0.67
0 12.7653 0 -8.63369e-12 5.74657e-12 0.99171 0.68
0 12.6986 0 -8.74089e-12 5.96166e-12 0.988189 0.69
0 12.6309 0 -8.84194e-12 6.17966e-12 0.984051 0.7
0 12.5622 0 -8.93663e-12 6.40041e-12 0.979298 0.71
0 12.4926 0 -9.02473e-12 6.62376e-12 0.973933 0.72
0 12.4219 0 -9.10602e-12 6.84956e-12 0.967959 0.73
0 12.3503 0 -9.18027e-12 7.07763e-12 0.961381 0.74
0 12.2777 0 -9.24729e-12 7.30782e-12 0.954203 0.75
0 12.2042 0 -9.30686e-12 7.53994e-12 0.946428 0.76
0 12.1296 0 -9.35878e-12 7.77382e-12 0.938062 0.77
0 12.0541 0 -9.40286e-12 8.00926e-12 0.92911 0.78
0 11.9775 0 -9.4389e-12 8.24608e-12 0.919578 0.79
0 11.9 0 -9.46673e-12 8.48408e-12 0.909471 0.8
0 11.8216 0 -9.48616e-12 8.72306e-12 0.898796 0.81
0 11.7421 0 -9.49702e-12 8.96282e-12 0.887559 0.82
0 11.6617 0 -9.49915e-12 9.20314e-12 0.875768 0.83
0 11.5802 0 -9.49239e-12 9.44381e-12 0.86343 0.84
0 11.4978 0 -9.47659e-12 9.68461e-12 0.850553 0.85
0 11.4144 0 -9.45161e-12 9.92532e-12 0.837144 0.86
0 11.3301 0 -9.4173e-12 1.01657e-11 0.823212 0.87
0 11.2447 0 -9.37355e-12 1.04056e-11 0.808766 0.88
0 11.1584 0 -9.32022e-12 1.06446e-11 0.793815 0.89
0 11.0711 0 -9.25721e-12 1.08827e-11 0.778367 0.9
0 10.9828 0 -9.18441e-12 1.11195e-11 0.762434 0.91
0 10.8935 0 -9.10172e-12 1.13548e-11 0.746024 0.92
0 10.8033 0 -9.00906e-12 1.15883e-11 0.729148 0.93
0 10.712 0 -8.90635e-12 1.18199e-11 0.711817 0.94
0 10.6198 0 -8.79351e-12 1.20492e-11 0.694041 0.95
0 10.5266 0 -8.67048e-12 1.2276e-11 0.675832 0.96
0 10.4325 0 -8.53721e-12 1.25001e-11 0.6572 0.97
0 10.3373 0 -8.39366e-12 1.27211e-11 0.638158 0.98
0 10.2412 0 -8.23978e-12 1.29389e-11 0.618717 0.99
0 10.1441 0 -8.07557e-12 1.31532e-11 0.598889 1
0 10.046 0 -7.90099e-12 1.33637e-11 0.578688 1.01
0 9.94687 0 -7.71604e-12 1.35701e-11 0.558124 1.02
0 9.84681 0 -7.52072e-12 1.37723e-11 0.537213 1.03
0 9.74576 0 -7.31505e-12 1.39699e-11 0.515965 1.04
0 9.64374 0 -7.09906e-12 1.41626e-11 0.494396 1.05
0 9.54074 0 -6.87276e-12 1.43503e-11 0.472517 1.06
0 9.43675 0 -6.6362e-12 1.45326e-11 0.450343 1.07
0 9.33178 0 -6.38944e-12 1.47093e-11 0.427888 1.08
0 9.22583 0 -6.13254e-12 1.48802e-11 0.405166 1.09
0 9.11891 0 -5.86556e-12 1.50449e-11 0.38219 1.1
0 9.011 0 -5.5886e-12 1.52033e-11 0.358976 1.11
0 8.9021 0 -5.30173e-12 1.5355e-11 0.335538 1.12
0 8.79223 0 -5.00507e-12 1.54998e-11 0.311889 1.13
0 8.68138 0 -4.69872e-12 1.56375e-11 0.288046 1.14
0 8.56955 0 -4.38281e-12 1.57679e-11 0.264024 1.15
0 8.45673 0 -4.05746e-12 1.58906e-11 0.239836 1.16
0 8.34293 0 -3.72282e-12 1.60054e-11 0.215498 1.17
0 8.22816 0 -3.37905e-12 1.61121e-11 0.191026 1.18
0 8.1124 0 -3.02629e-12 1.62105e-11 0.166434 1.19
0 7.99566 0 -2.66472e-12 1.63003e-11 0.141738 1.2
0 7.87794 0 -2.29453e-12 1.63813e-11 0.116954 1.21
0 7.75924 0 -1.9159e-12 1.64533e-11 0.0920971 1.22
0 7.63956 0 -1.52904e-12 1.6516e-11 0.0671824 1.23
0 7.51889 0 -1.13414e-12 1.65693e-11 0.0422257 1.24
0 7.39725 0 -7.31434e-13 1.66129e-11 0.0172426 1.25
0 7.27463 0 -3.21146e-13 1.66467e-11 -0.00775126 1.26
0 7.15102 0 9.64872e-14 1.66704e-11 -0.0327403 1.27
0 7.02643 0 5.21219e-13 1.66838e-11 -0.0577089 1.28
0 6.90086 0 9.52796e-13 1.66867e-11 -0.0826414 1.29
0 6.77432 0 1.39095e-12 1.66791e-11 -0.107522 1.3
0 6.64679 0 1.83542e-12 1.66606e-11 -0.132336 1.31
0 6.51827 0 2.28591e-12 1.66312e-11 -0.157067 1.32
0 6.38878 0 2.74215e-12 1.65906e-11 -0.1817 1.33
0 6.25831 0 3.20382e-12 1.65387e-11 -0.206219 1.34
0 6.12686 0 3.67064e-12 1.64754e-11 -0.23061 1.35
0 5.99442 0 4.14227e-12 1.64005e-11 -0.254856 1.36
0 5.861 0 4.61842e-12 1.63139e-11 -0.278944 1.37
0 5.72661 0 5.09874e-12 1.62155e-11 -0.302857 1.38
0 5.59123 0 5.5829e-12 1.61051e-11 -0.326581 1.39
0 5.45487 0 6.07056e-12 1.59827e-11 -0.350101 1.4
0 5.31753 0 6.56138e-12 1.58481e-11 -0.373402 1.41
0 5.17921 0 7.055e-12 1.57012e-11 -0.39647 1.42
0 5.03991 0 7.55106e-12 1.55421e-11 -0.41929 1.43
0 4.89962 0 8.04919e-12 1.53705e-11 -0.441848 1.44
0 4.75836 0 8.54901e-12 1.51864e-11 -0.46413 1.45
0 4.61612 0 9.05016e-12 1.49898e-11 -0.486123 1.46
0 4.47289 0 9.55225e-12 1.47807e-11 -0.507811 1.47
0 4.32868 0 1.00549e-11 1.45589e-11 -0.529182 1.48
0 4.18349 0 1.05577e-11 1.43245e-11 -0.550223 1.49
0 4.03732 0 1.10603e-11 1.40774e-11 -0.57092 1.5
0 3.89017 0 1.15622e-11 1.38177e-11 -0.591261 1.51
0 3.74204 0 1.20631e-11 1.35453e-11 -0.611232 1.52
0 3.59293 0 1.25625e-11 1.32603e-11 -0.630821 1.53
0 3.44284 0 1.30601e-11 1.29626e-11 -0.650016 1.54
0 3.29176 0 1.35554e-11 1.26523e-11 -0.668805 1.55
0 3.13971 0 1.4048e-11 1.23295e-11 -0.687176 1.56
0 2.98667 0 1.45375e-11 1.19941e-11 -0.705118 1.57
0 2.83266 0 1.50234e-11 1.16464e-11 -0.72262 1.58
0 2.67766 0 1.55054e-11 1.12862e-11 -0.73967 1.59
0 2.52168 0 1.59831e-11 1.09138e-11 -0.756258 1.6
0 2.36472 0 1.64559e-11 1.05292e-11 -0.772373 1.61
0 2.20678 0 1.69235e-11 1.01326e-11 -0.788006 1.62
0 2.04786 0 1.73855e-11 9.72393e-12 -0.803147 1.63
0 1.88795 0 1.78414e-11 9.30346e-12 -0.817786 1.64
0 1.72707 0 1.82907e-11 8.87129e-12 -0.831914 1.65
0 1.5652 0 1.87332e-11 8.42757e-12 -0.845523 1.66
0 1.40236 0 1.91683e-11 7.97246e-12 -0.858603 1.67
0 1.23853 0 1.95957e-11 7.50612e-12 -0.871147 1.68
0 1.07372 0 2.00149e-11 7.02875e-12 -0.883146 1.69
0 0.907935 0 2.04254e-11 6.54053e-12 -0.894594 1.7
0 0.741165 0 2.0827e-11 6.04166e-12 -0.905483 1.71
0 0.573414 0 2.12191e-11 5.53235e-12 -0.915807 1.72
0 0.404682 0 2.16014e-11 5.01282e-12 -0.925558 1.73
0 0.234969 0 2.19735e-11 4.48332e-12 -0.934731 1.74
0 0.064275 0 2.23349e-11 3.94408e-12 -0.94332 1.75
0 -0.1074 0 2.26853e-11 3.39535e-12 -0.95132 1.76
0 -0.280056 0 2.30242e-11 2.8374e-12 -0.958726 1.77
0 -0.453693 0 2.33514e-11 2.2705e-12 -0.965532 1.78
0 -0.628311 0 2.36663e-11 1.69493e-12 -0.971736 1.79
0 -0.80391 0 2.39687e-11 1.11099e-12 -0.977332 1.8
0 -0.98049 0 2.42581e-11 5.18983e-13 -0.982318 1.81
0 -1.15805 0 2.45343e-11 -8.07835e-14 -0.98669 1.82
0 -1.33659 0 2.47967e-11 -6.87986e-13 -0.990446 1.83
0 -1.51612 0 2.50452e-11 -1.30229e-12 -0.993583 1.84
0 -1.69662 0 2.52793e-11 -1.92337e-12 -0.996099 1.85
0 -1.87811 0 2.54987e-11 -2.55086e-12 -0.997994 1.86
0 -2.06057 0 2.57031e-11 -3.18441e-12 -0.999264 1.87
0 -2.24402 0 2.58922e-11 -3.82366e-12 -0.999911 1.88
0 -2.42845 0 2.60656e-11 -4.46823e-12 -0.999932 1.89
0 -2.61386 0 2.62231e-11 -5.11773e-12 -0.999329 1.9
0 -2.80025 0 2.63644e-11 -5.77179e-12 -0.998102 1.91
0 -2.98762 0 2.64891e-11 -6.42999e-12 -0.996252 1.92
0 -3.17597 0 2.65971e-11 -7.09195e-12 -0.993778 1.93
0 -3.3653 0 2.6688e-11 -7.75723e-12 -0.990685 1.94
0 -3.55562 0 2.67616e-11 -8.42543e-12 -0.986972 1.95
0 -3.74691 0 2.68177e-11 -9.09612e-12 -0.982642 1.96
0 -3.93919 0 2.6856e-11 -9.76886e-12 -0.977699 1.97
0 -4.13244 0 2.68763e-11 -1.04432e-11 -0.972145 1.98
0 -4.32668 0 2.68784e-11 -1.11188e-11 -0.965984 1.99
0 -4.5219 0 2.68622e-11 -1.1795e-11 -0.959219 2
0 -4.7181 0 2.68273e-11 -1.24716e-11 -0.951855 2.01
0 -4.91528 0 2.67737e-11 -1.31479e-11 -0.943897 2.02
0 -5.11344 0 2.67013e-11 -1.38236e-11 -0.935348 2.03
0 -5.31259 0 2.66097e-11 -1.44981e-11 -0.926216 2.04
0 -5.51271 0 2.6499e-11 -1.51711e-11 -0.916504 2.05
0 -5.71382 0 2.6369e-11 -1.5842e-11 -0.906221 2.06
0 -5.9159 0 2.62196e-11 -1.65103e-11 -0.895371 2.07
0 -6.11897 0 2.60507e-11 -1.71756e-11 -0.883962 2.08
0 -6.32302 0 2.58622e-11 -1.78373e-11 -0.872 2.09
0 -6.52805 0 2.56541e-11 -1.84951e-11 -0.859494 2.1
0 -6.73406 0 2.54262e-11 -1.91483e-11 -0.846451 2.11
0 -6.94105 0 2.51787e-11 -1.97965e-11 -0.832879 2.12
0 -7.14902 0 2.49114e-11 -2.04392e-11 -0.818787 2.13
0 -7.35797 0 2.46243e-11 -2.1076e-11 -0.804183 2.14
0 -7.56791 0 2.43175e-11 -2.17062e-11 -0.789077 2.15
0 -7.77882 0 2.39909e-11 -2.23295e-11 -0.773478 2.16
0 -7.99072 0 2.36446e-11 -2.29453e-11 -0.757396 2.17
0 -8.20359 0 2.32787e-11 -2.35531e-11 -0.74084 2.18
0 -8.41745 0 2.28932e-11 -2.41524e-11 -0.723822 2.19
0 -8.63229 0 2.24882e-11 -2.47427e-11 -0.706352 2.2
0 -8.84811 0 2.20638e-11 -2.53236e-11 -0.68844 2.21
0 -9.06491 0 2.16201e-11 -2.58946e-11 -0.670098 2.22
0 -9.28269 0 2.11572e-11 -2.64551e-11 -0.651338 2.23
0 -9.50146 0 2.06752e-11 -2.70047e-11 -0.632171 2.24
0 -9.7212 0 2.01744e-11 -2.75428e-11 -0.612609 2.25
0 -9.94192 0 1.96549e-11 -2.80691e-11 -0.592664 2.26
0 -10.1636 0 1.91169e-11 -2.8583e-11 -0.572349 2.27
-8.33333e-05 -9.99483 -5.34705e-15 1.89014e-11 -2.87078e-11 -0.565496 2.28
-0.000166667 -9.99564 -1.06941e-14 1.86846e-11 -2.88307e-11 -0.558603 2.29
-0.00025 -9.995 -1.60411e-14 1.84665e-11 -2.89516e-11 -0.551672 2.3
-0.000333333 -9.995 -2.13882e-14 1.82471e-11 -2.90704e-11 -0.544703 2.31
-0.000416667 -9.995 -2.67352e-14 1.80264e-11 -2.91872e-11 -0.537695 2.32
-0.0005 -9.995 -3.20823e-14 1.78045e-11 -2.9302e-11 -0.530651 2.33
-0.000583333 -9.995 -3.74236e-14 1.75814e-11 -2.94148e-11 -0.523569 2.34
-0.000666667 -9.995 -4.27649e-14 1.7357e-11 -2.95255e-11 -0.516452 2.35
-0.00075 -9.995 -4.81062e-14 1.71315e-11 -2.96342e-11 -0.509298 2.36
-0.000833333 -9.995 -5.34475e-14 1.69047e-11 -2.97408e-11 -0.502109 2.37
-0.000916667 -9.995 -5.87888e-14 1.66768e-11 -2.98453e-11 -0.494885 2.38
-0.001 -9.995 -6.41301e-14 1.64477e-11 -2.99478e-11 -0.487627 2.39
-0.00108333 -9.995 -6.94714e-14 1.62175e-11 -3.00482e-11 -0.480335 2.4
-0.00116667 -9.995 -7.48127e-14 1.59861e-11 -3.01465e-11 -0.473009 2.41
-0.00125 -9.995 -8.0154e-14 1.57537e-11 -3.02427e-11 -0.465651 2.42
-0.00133333 -9.995 -8.54953e-14 1.55201e-11 -3.03369e-11 -0.45826 2.43
-0.00141667 -9.995 -9.08366e-14 1.52855e-11 -3.04289e-11 -0.450838 2.44
-0.0015 -9.995 -9.61785e-14 1.50498e-11 -3.05188e-11 -0.443384 2.45
-0.00158333 -9.995 -1.0152e-13 1.4813e-11 -3.06065e-11 -0.4359 2.46
-0.00166667 -9.995 -1.06862e-13 1.45752e-11 -3.06922e-11 -0.428385 2.47
-0.00175 -9.995 -1.12204e-13 1.43365e-11 -3.07757e-11 -0.42084 2.48
-0.00183333 -9.995 -1.17546e-13 1.40967e-11 -3.08571e-11 -0.413266 2.49
-0.00191667 -9.995 -1.22888e-13 1.38559e-11 -3.09363e-11 -0.405664 2.5
-0.002 -9.995 -1.2823e-13 1.36142e-11 -3.10134e-11 -0.398033 2.51
-0.00208333 -9.995 -1.33572e-13 1.33715e-11 -3.10884e-11 -0.390375 2.52
-0.00216667 -9.995 -1.38914e-13 1.31279e-11 -3.11611e-11 -0.382689 2.53
-0.00225 -9.995 -1.44255e-13 1.28834e-11 -3.12318e-11 -0.374977 2.54
-0.00233333 -9.995 -1.49597e-13 1.2638e-11 -3.13002e-11 -0.367239 2.55
-0.00241667 -9.995 -1.54939e-13 1.23917e-11 -3.13665e-11 -0.359476 2.56
-0.0025 -9.995 -1.60281e-13 1.21446e-11 -3.14306e-11 -0.351687 2.57
-0.00258333 -9.995 -1.65623e-13 1.18966e-11 -3.14925e-11 -0.343874 2.58
-0.00266667 -9.995 -1.70965e-13 1.16478e-11 -3.15522e-11 -0.336038 2.59
-0.00275 -9.995 -1.76307e-13 1.13982e-11 -3.16098e-11 -0.328177 2.6
-0.00283333 -9.995 -1.81649e-13 1.11478e-11 -3.16651e-11 -0.320295 2.61
-0.00291667 -9.995 -1.8699e-13 1.08966e-11 -3.17182e-11 -0.312389 2.62
-0.003 -9.995 -1.92332e-13 1.06446e-11 -3.17692e-11 -0.304463 2.63
-0.00308333 -9.995 -1.97674e-13 1.0392e-11 -3.18179e-11 -0.296515 2.64
-0.00316667 -9.995 -2.03016e-13 1.01386e-11 -3.18644e-11 -0.288546 2.65
-0.00325 -9.995 -2.08358e-13 9.88446e-12 -3.19087e-11 -0.280557 2.66
-0.00333333 -9.995 -2.137e-13 9.62967e-12 -3.19508e-11 -0.272549 2.67
-0.00341667 -9.995 -2.19042e-13 9.37421e-12 -3.19907e-11 -0.264522 2.68
-0.0035 -9.995 -2.24384e-13 9.1181e-12 -3.20284e-11 -0.256477 2.69
-0.00358333 -9.995 -2.29725e-13 8.86135e-12 -3.20638e-11 -0.248414 2.7
-0.00366667 -9.995 -2.35067e-13 8.60399e-12 -3.2097e-11 -0.240333 2.71
-0.00375 -9.995 -2.40409e-13 8.34603e-12 -3.2128e-11 -0.232236 2.72
-0.00383333 -9.995 -2.45751e-13 8.0875e-12 -3.21567e-11 -0.224123 2.73
-0.00391667 -9.995 -2.51093e-13 7.8284e-12 -3.21832e-11 -0.215994 2.74
-0.004 -9.995 -2.56435e-13 7.56875e-12 -3.22075e-11 -0.20785 2.75
-0.00408333 -9.995 -2.61777e-13 7.30859e-12 -3.22296e-11 -0.199692 2.76
-0.00416667 -9.995 -2.67119e-13 7.04791e-12 -3.22494e-11 -0.19152 2.77
-0.00425 -9.995 -2.72461e-13 6.78675e-12 -3.22669e-11 -0.183334 2.78
-0.00433333 -9.995 -2.77802e-13 6.52511e-12 -3.22822e-11 -0.175136 2.79
-0.00441667 -9.995 -2.83144e-13 6.26302e-12 -3.22953e-11 -0.166926 2.8
-0.0045 -9.995 -2.88486e-13 6.00049e-12 -3.23062e-11 -0.158704 2.81
-0.00458333 -9.995 -2.93828e-13 5.73755e-12 -3.23148e-11 -0.150471 2.82
-0.00466667 -9.995 -2.9917e-13 5.47421e-12 -3.23211e-11 -0.142227 2.83
-0.00475 -9.995 -3.04512e-13 5.21049e-12 -3.23252e-11 -0.133974 2.84
-0.00483333 -9.995 -3.09854e-13 4.94641e-12 -3.23271e-11 -0.125712 2.85
-0.00491667 -9.995 -3.15196e-13 4.68199e-12 -3.23267e-11 -0.11744 2.86
-0.005 -9.995 -3.20537e-13 4.41724e-12 -3.23241e-11 -0.109161 2.87
-0.00508333 -9.995 -3.25879e-13 4.15218e-12 -3.23192e-11 -0.100874 2.88
-0.00516667 -9.995 -3.31221e-13 3.88683e-12 -3.23121e-11 -0.0925797 2.89
-0.00525 -9.995 -3.36563e-13 3.62122e-12 -3.23027e-11 -0.0842792 2.9
-0.00533333 -9.995 -3.41901e-13 3.35535e-12 -3.22911e-11 -0.0759729 2.91
-0.00541667 -9.995 -3.47239e-13 3.08925e-12 -3.22773e-11 -0.0676613 2.92
-0.0055 -9.995 -3.52577e-13 2.82294e-12 -3.22612e-11 -0.059345 2.93
-0.00558333 -9.995 -3.57915e-13 2.55643e-12 -3.22428e-11 -0.0510246 2.94
-0.00566667 -9.995 -3.63252e-13 2.28974e-12 -3.22223e-11 -0.0427006 2.95
-0.00575 -9.995 -3.6859e-13 2.02289e-12 -3.21995e-11 -0.0343737 2.96
-0.00583333 -9.995 -3.73928e-13 1.75591e-12 -3.21744e-11 -0.0260444 2.97
-0.00591667 -9.995 -3.79266e-13 1.4888e-12 -3.21472e-11 -0.0177133 2.98
-0.006 -9.995 -3.84604e-13 1.22158e-12 -3.21177e-11 -0.00938091 2.99
-0.00608333 -9.995 -3.89942e-13 9.54287e-13 -3.20859e-11 -0.0010479 3
-0.00616667 -9.995 -3.9528e-13 6.86923e-13 -3.2052e-11 0.00728517 3.01
