0.01 0.67419
0.02 0.67436
0.03 0.674643
0.04 0.67504
0.05 0.67555
0.06 0.676173
0.07 0.676909
0.08 0.677759
0.09 0.678722
0.1 0.679798
0.11 0.680988
0.12 0.682291
0.13 0.683707
0.14 0.685236
0.15 0.686879
0.16 0.688635
0.17 0.690504
0.18 0.692487
0.19 0.694583
0.2 0.696792
0.21 0.699114
0.22 0.70155
0.23 0.704099
0.24 0.706761
0.25 0.709537
0.26 0.712426
0.27 0.715428
0.28 0.718544
0.29 0.721773
0.3 0.725115
0.31 0.72857
0.32 0.732139
0.33 0.735821
0.34 0.739616
0.35 0.743525
0.36 0.747546
0.37 0.751682
0.38 0.75593
0.39 0.760292
0.4 0.764767
0.41 0.769355
0.42 0.774057
0.43 0.778872
0.44 0.7838
0.45 0.788841
0.46 0.793996
0.47 0.799264
0.48 0.804645
0.49 0.81014
0.5 0.815748
0.51 0.821469
0.52 0.827304
0.53 0.833251
0.54 0.839313
0.55 0.845487
0.56 0.851775
0.57 0.858176
0.58 0.86469
0.59 0.871317
0.6 0.878058
0.61 0.884912
0.62 0.89188
0.63 0.898961
0.64 0.906155
0.65 0.913462
0.66 0.920882
0.67 0.928416
0.68 0.936063
0.69 0.943824
0.7 0.951698
0.71 0.959685
0.72 0.967785
0.73 0.975999
0.74 0.984326
0.75 0.992766
0.76 1.00132
0.77 1.00999
0.78 1.01877
0.79 1.02766
0.8 1.03667
0.81 1.04579
0.82 1.05502
0.83 1.06437
0.84 1.07383
0.85 1.0834
0.86 1.09309
0.87 1.10289
0.88 1.1128
0.89 1.12282
0.9 1.13296
0.91 1.14322
0.92 1.15358
0.93 1.16406
0.94 1.17466
0.95 1.18536
0.96 1.19618
0.97 1.20711
0.98 1.21816
0.99 1.22932
1 1.24059
1.01 1.25198
1.02 1.26348
1.03 1.27509
1.04 1.28681
1.05 1.29865
1.06 1.31061
1.07 1.32267
1.08 1.33485
1.09 1.34714
1.1 1.35955
1.11 1.37207
1.12 1.3847
1.13 1.39744
1.14 1.4103
1.15 1.42327
1.16 1.43636
1.17 1.44956
1.18 1.46287
1.19 1.47629
1.2 1.48983
1.21 1.50348
1.22 1.51725
1.23 1.53113
1.24 1.54512
1.25 1.55922
1.26 1.57344
1.27 1.58777
1.28 1.60222
1.29 1.61678
1.3 1.63145
1.31 1.64623
1.32 1.66113
1.33 1.67614
1.34 1.69126
1.35 1.7065
1.36 1.72185
1.37 1.73732
1.38 1.7529
1.39 1.76859
1.4 1.78439
1.41 1.80031
1.42 1.81634
1.43 1.83248
1.44 1.84874
1.45 1.86511
1.46 1.88159
1.47 1.89819
1.48 1.9149
1.49 1.93173
1.5 1.94866
1.51 1.96571
1.52 1.98288
1.53 2.00015
1.54 2.01754
1.55 2.03505
1.56 2.05266
1.57 2.07039
1.58 2.08824
1.59 2.10619
1.6 2.12426
1.61 2.14245
1.62 2.16074
1.63 2.17915
1.64 2.19768
1.65 2.21631
1.66 2.23506
1.67 2.25393
1.68 2.2729
1.69 2.29199
1.7 2.3112
1.71 2.33051
1.72 2.34994
1.73 2.36948
1.74 2.38914
1.75 2.40891
1.76 2.42879
1.77 2.44879
1.78 2.4689
1.79 2.48912
1.8 2.50946
1.81 2.5299
1.82 2.55047
1.83 2.57114
1.84 2.59193
1.85 2.61283
1.86 2.63385
1.87 2.65498
1.88 2.67622
1.89 2.69758
1.9 2.71905
1.91 2.74063
1.92 2.76232
1.93 2.78413
1.94 2.80605
1.95 2.82809
1.96 2.85024
1.97 2.8725
1.98 2.89487
1.99 2.91736
2 2.93996
2.01 2.96268
2.02 2.98551
2.03 3.00845
2.04 3.0315
2.05 3.05467
2.06 3.07795
2.07 3.10135
2.08 3.12486
2.09 3.14848
2.1 3.17221
2.11 3.19606
2.12 3.22002
2.13 3.24409
2.14 3.26828
2.15 3.29258
2.16 3.317
2.17 3.34153
2.18 3.36617
2.19 3.39092
2.2 3.41579
2.21 3.44077
2.22 3.46586
2.23 3.49107
2.24 3.51639
2.25 3.54182
2.26 3.56737
2.27 3.20356
2.28 3.2259
2.29 3.24833
2.3 3.27086
2.31 3.29349
2.32 3.31621
2.33 3.33904
2.34 3.36196
2.35 3.38498
2.36 3.4081
2.37 3.43132
2.38 3.45464
2.39 3.47805
2.4 3.50157
2.41 3.52518
2.42 3.54889
2.43 3.57269
2.44 3.5966
2.45 3.6206
2.46 3.64471
2.47 3.66891
2.48 3.6932
2.49 3.7176
2.5 3.7421
2.51 3.76669
2.52 3.79138
2.53 3.81617
2.54 3.84106
2.55 3.86604
2.56 3.89112
2.57 3.91631
2.58 3.94159
2.59 3.96696
2.6 3.99244
2.61 4.01802
2.62 4.04369
2.63 4.06946
2.64 4.09533
2.65 4.1213
2.66 4.14736
2.67 4.17352
2.68 4.19979
2.69 4.22615
2.7 4.2526
2.71 4.27916
2.72 4.30581
2.73 4.33257
2.74 4.35942
2.75 4.38637
2.76 4.41341
2.77 4.44056
2.78 4.4678
2.79 4.49514
2.8 4.52258
2.81 4.55012
2.82 4.57776
2.83 4.60549
2.84 4.63333
2.85 4.66126
2.86 4.68929
2.87 4.71741
2.88 4.74564
2.89 4.77396
2.9 4.80238
2.91 4.8309
2.92 4.85952
2.93 4.88824
2.94 4.91705
2.95 4.94596
2.96 4.97497
2.97 5.00408
2.98 5.03329
2.99 5.06259
3 5.092
3.01 5.1215
