0.001 0.674134
0.002 0.674136
0.003 0.674139
0.004 0.674143
0.005 0.674148
0.006 0.674154
0.007 0.674161
0.008 0.67417
0.009 0.674179
0.01 0.67419
0.011 0.674202
0.012 0.674215
0.013 0.674229
0.014 0.674245
0.015 0.674261
0.016 0.674279
0.017 0.674297
0.018 0.674317
0.019 0.674338
0.02 0.67436
0.021 0.674383
0.022 0.674408
0.023 0.674433
0.024 0.67446
0.025 0.674488
0.026 0.674516
0.027 0.674546
0.028 0.674578
0.029 0.67461
0.03 0.674643
0.031 0.674678
0.032 0.674714
0.033 0.67475
0.034 0.674788
0.035 0.674827
0.036 0.674868
0.037 0.674909
0.038 0.674952
0.039 0.674995
0.04 0.67504
0.041 0.675086
0.042 0.675133
0.043 0.675181
0.044 0.67523
0.045 0.675281
0.046 0.675332
0.047 0.675385
0.048 0.675439
0.049 0.675494
0.05 0.67555
0.051 0.675607
0.052 0.675665
0.053 0.675725
0.054 0.675785
0.055 0.675847
0.056 0.67591
0.057 0.675974
0.058 0.676039
0.059 0.676105
0.06 0.676173
0.061 0.676241
0.062 0.676311
0.063 0.676382
0.064 0.676454
0.065 0.676527
0.066 0.676601
0.067 0.676676
0.068 0.676753
0.069 0.67683
0.07 0.676909
0.071 0.676989
0.072 0.67707
0.073 0.677152
0.074 0.677235
0.075 0.67732
0.076 0.677405
0.077 0.677492
0.078 0.67758
0.079 0.677669
0.08 0.677759
0.081 0.67785
0.082 0.677942
0.083 0.678036
0.084 0.67813
0.085 0.678226
0.086 0.678323
0.087 0.678421
0.088 0.67852
0.089 0.67862
0.09 0.678722
0.091 0.678824
0.092 0.678928
0.093 0.679033
0.094 0.679139
0.095 0.679246
0.096 0.679354
0.097 0.679463
0.098 0.679574
0.099 0.679685
0.1 0.679798
0.101 0.679912
0.102 0.680027
0.103 0.680143
0.104 0.68026
0.105 0.680379
0.106 0.680498
0.107 0.680619
0.108 0.680741
0.109 0.680864
0.11 0.680988
0.111 0.681113
0.112 0.681239
0.113 0.681367
0.114 0.681495
0.115 0.681625
0.116 0.681756
0.117 0.681888
0.118 0.682021
0.119 0.682155
0.12 0.682291
0.121 0.682427
0.122 0.682565
0.123 0.682703
0.124 0.682843
0.125 0.682984
0.126 0.683127
0.127 0.68327
0.128 0.683414
0.129 0.68356
0.13 0.683707
0.131 0.683855
0.132 0.684004
0.133 0.684154
0.134 0.684305
0.135 0.684457
0.136 0.684611
0.137 0.684765
0.138 0.684921
0.139 0.685078
0.14 0.685236
0.141 0.685395
0.142 0.685556
0.143 0.685717
0.144 0.68588
0.145 0.686043
0.146 0.686208
0.147 0.686374
0.148 0.686541
0.149 0.686709
0.15 0.686879
0.151 0.687049
0.152 0.687221
0.153 0.687394
0.154 0.687568
0.155 0.687743
0.156 0.687919
0.157 0.688096
0.158 0.688275
0.159 0.688454
0.16 0.688635
0.161 0.688817
0.162 0.689
0.163 0.689184
0.164 0.689369
0.165 0.689555
0.166 0.689743
0.167 0.689931
0.168 0.690121
0.169 0.690312
0.17 0.690504
0.171 0.690697
0.172 0.690892
0.173 0.691087
0.174 0.691284
0.175 0.691481
0.176 0.69168
0.177 0.69188
0.178 0.692081
0.179 0.692283
0.18 0.692487
0.181 0.692691
0.182 0.692897
0.183 0.693104
0.184 0.693312
0.185 0.693521
0.186 0.693731
0.187 0.693942
0.188 0.694154
0.189 0.694368
0.19 0.694583
0.191 0.694798
0.192 0.695015
0.193 0.695234
0.194 0.695453
0.195 0.695673
0.196 0.695895
0.197 0.696117
0.198 0.696341
0.199 0.696566
0.2 0.696792
0.201 0.697019
0.202 0.697247
0.203 0.697477
0.204 0.697707
0.205 0.697939
0.206 0.698172
0.207 0.698406
0.208 0.698641
0.209 0.698877
0.21 0.699114
0.211 0.699353
0.212 0.699592
0.213 0.699833
0.214 0.700075
0.215 0.700318
0.216 0.700562
0.217 0.700807
0.218 0.701054
0.219 0.701301
0.22 0.70155
0.221 0.7018
0.222 0.702051
0.223 0.702303
0.224 0.702556
0.225 0.70281
0.226 0.703066
0.227 0.703323
0.228 0.70358
0.229 0.703839
0.23 0.704099
0.231 0.70436
0.232 0.704623
0.233 0.704886
0.234 0.70515
0.235 0.705416
0.236 0.705683
0.237 0.705951
0.238 0.70622
0.239 0.70649
0.24 0.706761
0.241 0.707034
0.242 0.707308
0.243 0.707582
0.244 0.707858
0.245 0.708135
0.246 0.708413
0.247 0.708693
0.248 0.708973
0.249 0.709254
0.25 0.709537
0.251 0.709821
0.252 0.710106
0.253 0.710392
0.254 0.710679
0.255 0.710967
0.256 0.711257
0.257 0.711547
0.258 0.711839
0.259 0.712132
0.26 0.712426
0.261 0.712721
0.262 0.713017
0.263 0.713315
0.264 0.713613
0.265 0.713913
0.266 0.714214
0.267 0.714516
0.268 0.714819
0.269 0.715123
0.27 0.715428
0.271 0.715735
0.272 0.716042
0.273 0.716351
0.274 0.716661
0.275 0.716972
0.276 0.717284
0.277 0.717597
0.278 0.717912
0.279 0.718227
0.28 0.718544
0.281 0.718862
0.282 0.719181
0.283 0.719501
0.284 0.719822
0.285 0.720144
0.286 0.720468
0.287 0.720792
0.288 0.721118
0.289 0.721445
0.29 0.721773
0.291 0.722102
0.292 0.722432
0.293 0.722763
0.294 0.723096
0.295 0.72343
0.296 0.723764
0.297 0.7241
0.298 0.724437
0.299 0.724775
0.3 0.725115
0.301 0.725455
0.302 0.725797
0.303 0.726139
0.304 0.726483
0.305 0.726828
0.306 0.727174
0.307 0.727522
0.308 0.72787
0.309 0.728219
0.31 0.72857
0.311 0.728922
0.312 0.729275
0.313 0.729629
0.314 0.729984
0.315 0.73034
0.316 0.730698
0.317 0.731056
0.318 0.731416
0.319 0.731777
0.32 0.732139
0.321 0.732502
0.322 0.732866
0.323 0.733231
0.324 0.733598
0.325 0.733966
0.326 0.734334
0.327 0.734704
0.328 0.735075
0.329 0.735447
0.33 0.735821
0.331 0.736195
0.332 0.736571
0.333 0.736947
0.334 0.737325
0.335 0.737704
0.336 0.738084
0.337 0.738466
0.338 0.738848
0.339 0.739231
0.34 0.739616
0.341 0.740002
0.342 0.740389
0.343 0.740777
0.344 0.741166
0.345 0.741556
0.346 0.741948
0.347 0.74234
0.348 0.742734
0.349 0.743129
0.35 0.743525
0.351 0.743922
0.352 0.74432
0.353 0.744719
0.354 0.74512
0.355 0.745521
0.356 0.745924
0.357 0.746328
0.358 0.746733
0.359 0.747139
0.36 0.747546
0.361 0.747955
0.362 0.748364
0.363 0.748775
0.364 0.749187
0.365 0.7496
0.366 0.750014
0.367 0.750429
0.368 0.750845
0.369 0.751263
0.37 0.751682
0.371 0.752101
0.372 0.752522
0.373 0.752944
0.374 0.753367
0.375 0.753792
0.376 0.754217
0.377 0.754644
0.378 0.755071
0.379 0.7555
0.38 0.75593
0.381 0.756361
0.382 0.756793
0.383 0.757227
0.384 0.757661
0.385 0.758097
0.386 0.758533
0.387 0.758971
0.388 0.75941
0.389 0.75985
0.39 0.760292
0.391 0.760734
0.392 0.761178
0.393 0.761622
0.394 0.762068
0.395 0.762515
0.396 0.762963
0.397 0.763412
0.398 0.763863
0.399 0.764314
0.4 0.764767
0.401 0.76522
0.402 0.765675
0.403 0.766131
0.404 0.766588
0.405 0.767047
0.406 0.767506
0.407 0.767967
0.408 0.768428
0.409 0.768891
0.41 0.769355
0.411 0.76982
0.412 0.770286
0.413 0.770754
0.414 0.771222
0.415 0.771692
0.416 0.772162
0.417 0.772634
0.418 0.773107
0.419 0.773581
0.42 0.774057
0.421 0.774533
0.422 0.775011
0.423 0.775489
0.424 0.775969
0.425 0.77645
0.426 0.776932
0.427 0.777415
0.428 0.777899
0.429 0.778385
0.43 0.778872
0.431 0.779359
0.432 0.779848
0.433 0.780338
0.434 0.780829
0.435 0.781321
0.436 0.781815
0.437 0.782309
0.438 0.782805
0.439 0.783302
0.44 0.7838
0.441 0.784299
0.442 0.784799
0.443 0.7853
0.444 0.785803
0.445 0.786306
0.446 0.786811
0.447 0.787317
0.448 0.787824
0.449 0.788332
0.45 0.788841
0.451 0.789352
0.452 0.789863
0.453 0.790376
0.454 0.79089
0.455 0.791404
0.456 0.79192
0.457 0.792438
0.458 0.792956
0.459 0.793475
0.46 0.793996
0.461 0.794518
0.462 0.795041
0.463 0.795564
0.464 0.79609
0.465 0.796616
0.466 0.797143
0.467 0.797672
0.468 0.798201
0.469 0.798732
0.47 0.799264
0.471 0.799797
0.472 0.800331
0.473 0.800867
0.474 0.801403
0.475 0.801941
0.476 0.802479
0.477 0.803019
0.478 0.80356
0.479 0.804102
0.48 0.804645
0.481 0.80519
0.482 0.805735
0.483 0.806282
0.484 0.80683
0.485 0.807379
0.486 0.807929
0.487 0.80848
0.488 0.809032
0.489 0.809585
0.49 0.81014
0.491 0.810696
0.492 0.811253
0.493 0.81181
0.494 0.81237
0.495 0.81293
0.496 0.813491
0.497 0.814054
0.498 0.814617
0.499 0.815182
0.5 0.815748
0.501 0.816315
0.502 0.816883
0.503 0.817452
0.504 0.818023
0.505 0.818594
0.506 0.819167
0.507 0.819741
0.508 0.820316
0.509 0.820892
0.51 0.821469
0.511 0.822047
0.512 0.822627
0.513 0.823208
0.514 0.823789
0.515 0.824372
0.516 0.824956
0.517 0.825541
0.518 0.826128
0.519 0.826715
0.52 0.827304
0.521 0.827893
0.522 0.828484
0.523 0.829076
0.524 0.829669
0.525 0.830263
0.526 0.830859
0.527 0.831455
0.528 0.832053
0.529 0.832652
0.53 0.833251
0.531 0.833852
0.532 0.834455
0.533 0.835058
0.534 0.835662
0.535 0.836268
0.536 0.836875
0.537 0.837482
0.538 0.838091
0.539 0.838701
0.54 0.839313
0.541 0.839925
0.542 0.840538
0.543 0.841153
0.544 0.841769
0.545 0.842386
0.546 0.843004
0.547 0.843623
0.548 0.844243
0.549 0.844864
0.55 0.845487
0.551 0.846111
0.552 0.846735
0.553 0.847361
0.554 0.847988
0.555 0.848617
0.556 0.849246
0.557 0.849876
0.558 0.850508
0.559 0.851141
0.56 0.851775
0.561 0.85241
0.562 0.853046
0.563 0.853683
0.564 0.854321
0.565 0.854961
0.566 0.855602
0.567 0.856243
0.568 0.856886
0.569 0.85753
0.57 0.858176
0.571 0.858822
0.572 0.859469
0.573 0.860118
0.574 0.860768
0.575 0.861419
0.576 0.862071
0.577 0.862724
0.578 0.863378
0.579 0.864033
0.58 0.86469
0.581 0.865348
0.582 0.866006
0.583 0.866666
0.584 0.867327
0.585 0.867989
0.586 0.868653
0.587 0.869317
0.588 0.869983
0.589 0.87065
0.59 0.871317
0.591 0.871986
0.592 0.872657
0.593 0.873328
0.594 0.874
0.595 0.874674
0.596 0.875348
0.597 0.876024
0.598 0.876701
0.599 0.877379
0.6 0.878058
0.601 0.878739
0.602 0.87942
0.603 0.880103
0.604 0.880786
0.605 0.881471
0.606 0.882157
0.607 0.882844
0.608 0.883532
0.609 0.884222
0.61 0.884912
0.611 0.885604
0.612 0.886297
0.613 0.886991
0.614 0.887686
0.615 0.888382
0.616 0.889079
0.617 0.889778
0.618 0.890477
0.619 0.891178
0.62 0.89188
0.621 0.892583
0.622 0.893287
0.623 0.893992
0.624 0.894699
0.625 0.895406
0.626 0.896115
0.627 0.896824
0.628 0.897535
0.629 0.898247
0.63 0.898961
0.631 0.899675
0.632 0.90039
0.633 0.901107
0.634 0.901825
0.635 0.902543
0.636 0.903263
0.637 0.903984
0.638 0.904707
0.639 0.90543
0.64 0.906155
0.641 0.90688
0.642 0.907607
0.643 0.908335
0.644 0.909064
0.645 0.909794
0.646 0.910525
0.647 0.911258
0.648 0.911991
0.649 0.912726
0.65 0.913462
0.651 0.914199
0.652 0.914937
0.653 0.915676
0.654 0.916416
0.655 0.917158
0.656 0.917901
0.657 0.918644
0.658 0.919389
0.659 0.920135
0.66 0.920882
0.661 0.921631
0.662 0.92238
0.663 0.923131
0.664 0.923882
0.665 0.924635
0.666 0.925389
0.667 0.926144
0.668 0.9269
0.669 0.927658
0.67 0.928416
0.671 0.929176
0.672 0.929937
0.673 0.930699
0.674 0.931462
0.675 0.932226
0.676 0.932991
0.677 0.933757
0.678 0.934525
0.679 0.935294
0.68 0.936063
0.681 0.936834
0.682 0.937607
0.683 0.93838
0.684 0.939154
0.685 0.93993
0.686 0.940706
0.687 0.941484
0.688 0.942263
0.689 0.943043
0.69 0.943824
0.691 0.944606
0.692 0.94539
0.693 0.946174
0.694 0.94696
0.695 0.947747
0.696 0.948535
0.697 0.949324
0.698 0.950114
0.699 0.950905
0.7 0.951698
0.701 0.952491
0.702 0.953286
0.703 0.954082
0.704 0.954879
0.705 0.955677
0.706 0.956476
0.707 0.957277
0.708 0.958078
0.709 0.958881
0.71 0.959685
0.711 0.96049
0.712 0.961296
0.713 0.962103
0.714 0.962911
0.715 0.963721
0.716 0.964531
0.717 0.965343
0.718 0.966156
0.719 0.96697
0.72 0.967785
0.721 0.968601
0.722 0.969419
0.723 0.970237
0.724 0.971057
0.725 0.971878
0.726 0.9727
0.727 0.973523
0.728 0.974347
0.729 0.975172
0.73 0.975999
0.731 0.976826
0.732 0.977655
0.733 0.978485
0.734 0.979316
0.735 0.980148
0.736 0.980981
0.737 0.981816
0.738 0.982651
0.739 0.983488
0.74 0.984326
0.741 0.985165
0.742 0.986005
0.743 0.986846
0.744 0.987688
0.745 0.988532
0.746 0.989376
0.747 0.990222
0.748 0.991069
0.749 0.991917
0.75 0.992766
0.751 0.993616
0.752 0.994468
0.753 0.99532
0.754 0.996174
0.755 0.997028
0.756 0.997884
0.757 0.998741
0.758 0.9996
0.759 1.00046
0.76 1.00132
0.761 1.00218
0.762 1.00304
0.763 1.00391
0.764 1.00477
0.765 1.00564
0.766 1.00651
0.767 1.00737
0.768 1.00824
0.769 1.00911
0.77 1.00999
0.771 1.01086
0.772 1.01173
0.773 1.01261
0.774 1.01348
0.775 1.01436
0.776 1.01524
0.777 1.01612
0.778 1.017
0.779 1.01788
0.78 1.01877
0.781 1.01965
0.782 1.02054
0.783 1.02142
0.784 1.02231
0.785 1.0232
0.786 1.02409
0.787 1.02498
0.788 1.02587
0.789 1.02677
0.79 1.02766
0.791 1.02856
0.792 1.02945
0.793 1.03035
0.794 1.03125
0.795 1.03215
0.796 1.03305
0.797 1.03395
0.798 1.03486
0.799 1.03576
0.8 1.03667
0.801 1.03757
0.802 1.03848
0.803 1.03939
0.804 1.0403
0.805 1.04121
0.806 1.04212
0.807 1.04304
0.808 1.04395
0.809 1.04487
0.81 1.04579
0.811 1.0467
0.812 1.04762
0.813 1.04854
0.814 1.04947
0.815 1.05039
0.816 1.05131
0.817 1.05224
0.818 1.05316
0.819 1.05409
0.82 1.05502
0.821 1.05595
0.822 1.05688
0.823 1.05781
0.824 1.05874
0.825 1.05968
0.826 1.06061
0.827 1.06155
0.828 1.06249
0.829 1.06343
0.83 1.06437
0.831 1.06531
0.832 1.06625
0.833 1.06719
0.834 1.06814
0.835 1.06908
0.836 1.07003
0.837 1.07098
0.838 1.07192
0.839 1.07287
0.84 1.07383
0.841 1.07478
0.842 1.07573
0.843 1.07669
0.844 1.07764
0.845 1.0786
0.846 1.07956
0.847 1.08052
0.848 1.08148
0.849 1.08244
0.85 1.0834
0.851 1.08436
0.852 1.08533
0.853 1.08629
0.854 1.08726
0.855 1.08823
0.856 1.0892
0.857 1.09017
0.858 1.09114
0.859 1.09211
0.86 1.09309
0.861 1.09406
0.862 1.09504
0.863 1.09601
0.864 1.09699
0.865 1.09797
0.866 1.09895
0.867 1.09993
0.868 1.10092
0.869 1.1019
0.87 1.10289
0.871 1.10387
0.872 1.10486
0.873 1.10585
0.874 1.10684
0.875 1.10783
0.876 1.10882
0.877 1.10981
0.878 1.11081
0.879 1.1118
0.88 1.1128
0.881 1.1138
0.882 1.11479
0.883 1.11579
0.884 1.1168
0.885 1.1178
0.886 1.1188
0.887 1.1198
0.888 1.12081
0.889 1.12182
0.89 1.12282
0.891 1.12383
0.892 1.12484
0.893 1.12585
0.894 1.12687
0.895 1.12788
0.896 1.12889
0.897 1.12991
0.898 1.13093
0.899 1.13195
0.9 1.13296
0.901 1.13398
0.902 1.13501
0.903 1.13603
0.904 1.13705
0.905 1.13808
0.906 1.1391
0.907 1.14013
0.908 1.14116
0.909 1.14219
0.91 1.14322
0.911 1.14425
0.912 1.14528
0.913 1.14631
0.914 1.14735
0.915 1.14839
0.916 1.14942
0.917 1.15046
0.918 1.1515
0.919 1.15254
0.92 1.15358
0.921 1.15463
0.922 1.15567
0.923 1.15672
0.924 1.15776
0.925 1.15881
0.926 1.15986
0.927 1.16091
0.928 1.16196
0.929 1.16301
0.93 1.16406
0.931 1.16512
0.932 1.16617
0.933 1.16723
0.934 1.16829
0.935 1.16934
0.936 1.1704
0.937 1.17147
0.938 1.17253
0.939 1.17359
0.94 1.17466
0.941 1.17572
0.942 1.17679
0.943 1.17786
0.944 1.17892
0.945 1.17999
0.946 1.18107
0.947 1.18214
0.948 1.18321
0.949 1.18429
0.95 1.18536
0.951 1.18644
0.952 1.18752
0.953 1.1886
0.954 1.18968
0.955 1.19076
0.956 1.19184
0.957 1.19292
0.958 1.19401
0.959 1.19509
0.96 1.19618
0.961 1.19727
0.962 1.19836
0.963 1.19945
0.964 1.20054
0.965 1.20163
0.966 1.20273
0.967 1.20382
0.968 1.20492
0.969 1.20602
0.97 1.20711
0.971 1.20821
0.972 1.20931
0.973 1.21042
0.974 1.21152
0.975 1.21262
0.976 1.21373
0.977 1.21483
0.978 1.21594
0.979 1.21705
0.98 1.21816
0.981 1.21927
0.982 1.22038
0.983 1.2215
0.984 1.22261
0.985 1.22372
0.986 1.22484
0.987 1.22596
0.988 1.22708
0.989 1.2282
0.99 1.22932
0.991 1.23044
0.992 1.23156
0.993 1.23269
0.994 1.23381
0.995 1.23494
0.996 1.23607
0.997 1.2372
0.998 1.23833
0.999 1.23946
1 1.24059
1.001 1.24172
1.002 1.24286
1.003 1.24399
1.004 1.24513
1.005 1.24627
1.006 1.24741
1.007 1.24855
1.008 1.24969
1.009 1.25083
1.01 1.25198
1.011 1.25312
1.012 1.25427
1.013 1.25541
1.014 1.25656
1.015 1.25771
1.016 1.25886
1.017 1.26001
1.018 1.26117
1.019 1.26232
1.02 1.26348
1.021 1.26463
1.022 1.26579
1.023 1.26695
1.024 1.26811
1.025 1.26927
1.026 1.27043
1.027 1.27159
1.028 1.27276
1.029 1.27392
1.03 1.27509
1.031 1.27626
1.032 1.27742
1.033 1.27859
1.034 1.27976
1.035 1.28094
1.036 1.28211
1.037 1.28328
1.038 1.28446
1.039 1.28564
1.04 1.28681
1.041 1.28799
1.042 1.28917
1.043 1.29035
1.044 1.29154
1.045 1.29272
1.046 1.2939
1.047 1.29509
1.048 1.29628
1.049 1.29746
1.05 1.29865
1.051 1.29984
1.052 1.30103
1.053 1.30223
1.054 1.30342
1.055 1.30461
1.056 1.30581
1.057 1.30701
1.058 1.30821
1.059 1.3094
1.06 1.31061
1.061 1.31181
1.062 1.31301
1.063 1.31421
1.064 1.31542
1.065 1.31662
1.066 1.31783
1.067 1.31904
1.068 1.32025
1.069 1.32146
1.07 1.32267
1.071 1.32388
1.072 1.3251
1.073 1.32631
1.074 1.32753
1.075 1.32875
1.076 1.32996
1.077 1.33118
1.078 1.3324
1.079 1.33363
1.08 1.33485
1.081 1.33607
1.082 1.3373
1.083 1.33853
1.084 1.33975
1.085 1.34098
1.086 1.34221
1.087 1.34344
1.088 1.34467
1.089 1.34591
1.09 1.34714
1.091 1.34838
1.092 1.34961
1.093 1.35085
1.094 1.35209
1.095 1.35333
1.096 1.35457
1.097 1.35581
1.098 1.35706
1.099 1.3583
1.1 1.35955
1.101 1.36079
1.102 1.36204
1.103 1.36329
1.104 1.36454
1.105 1.36579
1.106 1.36704
1.107 1.3683
1.108 1.36955
1.109 1.37081
1.11 1.37207
1.111 1.37332
1.112 1.37458
1.113 1.37584
1.114 1.37711
1.115 1.37837
1.116 1.37963
1.117 1.3809
1.118 1.38216
1.119 1.38343
1.12 1.3847
1.121 1.38597
1.122 1.38724
1.123 1.38851
1.124 1.38978
1.125 1.39106
1.126 1.39233
1.127 1.39361
1.128 1.39489
1.129 1.39616
1.13 1.39744
1.131 1.39872
1.132 1.40001
1.133 1.40129
1.134 1.40257
1.135 1.40386
1.136 1.40514
1.137 1.40643
1.138 1.40772
1.139 1.40901
1.14 1.4103
1.141 1.41159
1.142 1.41289
1.143 1.41418
1.144 1.41548
1.145 1.41677
1.146 1.41807
1.147 1.41937
1.148 1.42067
1.149 1.42197
1.15 1.42327
1.151 1.42458
1.152 1.42588
1.153 1.42719
1.154 1.42849
1.155 1.4298
1.156 1.43111
1.157 1.43242
1.158 1.43373
1.159 1.43505
1.16 1.43636
1.161 1.43767
1.162 1.43899
1.163 1.44031
1.164 1.44162
1.165 1.44294
1.166 1.44426
1.167 1.44559
1.168 1.44691
1.169 1.44823
1.17 1.44956
1.171 1.45088
1.172 1.45221
1.173 1.45354
1.174 1.45487
1.175 1.4562
1.176 1.45753
1.177 1.45886
1.178 1.4602
1.179 1.46153
1.18 1.46287
1.181 1.46421
1.182 1.46554
1.183 1.46688
1.184 1.46823
1.185 1.46957
1.186 1.47091
1.187 1.47225
1.188 1.4736
1.189 1.47495
1.19 1.47629
1.191 1.47764
1.192 1.47899
1.193 1.48034
1.194 1.4817
1.195 1.48305
1.196 1.4844
1.197 1.48576
1.198 1.48712
1.199 1.48847
1.2 1.48983
1.201 1.49119
1.202 1.49255
1.203 1.49392
1.204 1.49528
1.205 1.49664
1.206 1.49801
1.207 1.49938
1.208 1.50074
1.209 1.50211
1.21 1.50348
1.211 1.50486
1.212 1.50623
1.213 1.5076
1.214 1.50898
1.215 1.51035
1.216 1.51173
1.217 1.51311
1.218 1.51449
1.219 1.51587
1.22 1.51725
1.221 1.51863
1.222 1.52002
1.223 1.5214
1.224 1.52279
1.225 1.52417
1.226 1.52556
1.227 1.52695
1.228 1.52834
1.229 1.52973
1.23 1.53113
1.231 1.53252
1.232 1.53392
1.233 1.53531
1.234 1.53671
1.235 1.53811
1.236 1.53951
1.237 1.54091
1.238 1.54231
1.239 1.54371
1.24 1.54512
1.241 1.54652
1.242 1.54793
1.243 1.54934
1.244 1.55075
1.245 1.55216
1.246 1.55357
1.247 1.55498
1.248 1.55639
1.249 1.55781
1.25 1.55922
1.251 1.56064
1.252 1.56206
1.253 1.56348
1.254 1.5649
1.255 1.56632
1.256 1.56774
1.257 1.56916
1.258 1.57059
1.259 1.57201
1.26 1.57344
1.261 1.57487
1.262 1.5763
1.263 1.57773
1.264 1.57916
1.265 1.58059
1.266 1.58203
1.267 1.58346
1.268 1.5849
1.269 1.58633
1.27 1.58777
1.271 1.58921
1.272 1.59065
1.273 1.59209
1.274 1.59354
1.275 1.59498
1.276 1.59643
1.277 1.59787
1.278 1.59932
1.279 1.60077
1.28 1.60222
1.281 1.60367
1.282 1.60512
1.283 1.60657
1.284 1.60803
1.285 1.60948
1.286 1.61094
1.287 1.6124
1.288 1.61385
1.289 1.61531
1.29 1.61678
1.291 1.61824
1.292 1.6197
1.293 1.62116
1.294 1.62263
1.295 1.6241
1.296 1.62556
1.297 1.62703
1.298 1.6285
1.299 1.62997
1.3 1.63145
1.301 1.63292
1.302 1.63439
1.303 1.63587
1.304 1.63735
1.305 1.63882
1.306 1.6403
1.307 1.64178
1.308 1.64327
1.309 1.64475
1.31 1.64623
1.311 1.64772
1.312 1.6492
1.313 1.65069
1.314 1.65218
1.315 1.65367
1.316 1.65516
1.317 1.65665
1.318 1.65814
1.319 1.65963
1.32 1.66113
1.321 1.66263
1.322 1.66412
1.323 1.66562
1.324 1.66712
1.325 1.66862
1.326 1.67012
1.327 1.67162
1.328 1.67313
1.329 1.67463
1.33 1.67614
1.331 1.67765
1.332 1.67916
1.333 1.68067
1.334 1.68218
1.335 1.68369
1.336 1.6852
1.337 1.68672
1.338 1.68823
1.339 1.68975
1.34 1.69126
1.341 1.69278
1.342 1.6943
1.343 1.69582
1.344 1.69735
1.345 1.69887
1.346 1.70039
1.347 1.70192
1.348 1.70345
1.349 1.70497
1.35 1.7065
1.351 1.70803
1.352 1.70956
1.353 1.7111
1.354 1.71263
1.355 1.71416
1.356 1.7157
1.357 1.71724
1.358 1.71877
1.359 1.72031
1.36 1.72185
1.361 1.72339
1.362 1.72494
1.363 1.72648
1.364 1.72803
1.365 1.72957
1.366 1.73112
1.367 1.73267
1.368 1.73422
1.369 1.73577
1.37 1.73732
1.371 1.73887
1.372 1.74042
1.373 1.74198
1.374 1.74354
1.375 1.74509
1.376 1.74665
1.377 1.74821
1.378 1.74977
1.379 1.75133
1.38 1.7529
1.381 1.75446
1.382 1.75602
1.383 1.75759
1.384 1.75916
1.385 1.76073
1.386 1.7623
1.387 1.76387
1.388 1.76544
1.389 1.76701
1.39 1.76859
1.391 1.77016
1.392 1.77174
1.393 1.77332
1.394 1.77489
1.395 1.77647
1.396 1.77806
1.397 1.77964
1.398 1.78122
1.399 1.7828
1.4 1.78439
1.401 1.78598
1.402 1.78756
1.403 1.78915
1.404 1.79074
1.405 1.79233
1.406 1.79393
1.407 1.79552
1.408 1.79712
1.409 1.79871
1.41 1.80031
1.411 1.80191
1.412 1.8035
1.413 1.80511
1.414 1.80671
1.415 1.80831
1.416 1.80991
1.417 1.81152
1.418 1.81312
1.419 1.81473
1.42 1.81634
1.421 1.81795
1.422 1.81956
1.423 1.82117
1.424 1.82278
1.425 1.8244
1.426 1.82601
1.427 1.82763
1.428 1.82924
1.429 1.83086
1.43 1.83248
1.431 1.8341
1.432 1.83572
1.433 1.83735
1.434 1.83897
1.435 1.8406
1.436 1.84222
1.437 1.84385
1.438 1.84548
1.439 1.84711
1.44 1.84874
1.441 1.85037
1.442 1.852
1.443 1.85364
1.444 1.85527
1.445 1.85691
1.446 1.85855
1.447 1.86019
1.448 1.86183
1.449 1.86347
1.45 1.86511
1.451 1.86675
1.452 1.8684
1.453 1.87004
1.454 1.87169
1.455 1.87334
1.456 1.87499
1.457 1.87664
1.458 1.87829
1.459 1.87994
1.46 1.88159
1.461 1.88325
1.462 1.8849
1.463 1.88656
1.464 1.88822
1.465 1.88988
1.466 1.89154
1.467 1.8932
1.468 1.89486
1.469 1.89653
1.47 1.89819
1.471 1.89986
1.472 1.90152
1.473 1.90319
1.474 1.90486
1.475 1.90653
1.476 1.9082
1.477 1.90988
1.478 1.91155
1.479 1.91323
1.48 1.9149
1.481 1.91658
1.482 1.91826
1.483 1.91994
1.484 1.92162
1.485 1.9233
1.486 1.92498
1.487 1.92667
1.488 1.92835
1.489 1.93004
1.49 1.93173
1.491 1.93341
1.492 1.9351
1.493 1.9368
1.494 1.93849
1.495 1.94018
1.496 1.94187
1.497 1.94357
1.498 1.94527
1.499 1.94696
1.5 1.94866
1.501 1.95036
1.502 1.95206
1.503 1.95377
1.504 1.95547
1.505 1.95717
1.506 1.95888
1.507 1.96059
1.508 1.96229
1.509 1.964
1.51 1.96571
1.511 1.96742
1.512 1.96914
1.513 1.97085
1.514 1.97257
1.515 1.97428
1.516 1.976
1.517 1.97772
1.518 1.97944
1.519 1.98116
1.52 1.98288
1.521 1.9846
1.522 1.98632
1.523 1.98805
1.524 1.98977
1.525 1.9915
1.526 1.99323
1.527 1.99496
1.528 1.99669
1.529 1.99842
1.53 2.00015
1.531 2.00189
1.532 2.00362
1.533 2.00536
1.534 2.0071
1.535 2.00883
1.536 2.01057
1.537 2.01232
1.538 2.01406
1.539 2.0158
1.54 2.01754
1.541 2.01929
1.542 2.02104
1.543 2.02278
1.544 2.02453
1.545 2.02628
1.546 2.02803
1.547 2.02978
1.548 2.03154
1.549 2.03329
1.55 2.03505
1.551 2.0368
1.552 2.03856
1.553 2.04032
1.554 2.04208
1.555 2.04384
1.556 2.0456
1.557 2.04737
1.558 2.04913
1.559 2.0509
1.56 2.05266
1.561 2.05443
1.562 2.0562
1.563 2.05797
1.564 2.05974
1.565 2.06152
1.566 2.06329
1.567 2.06506
1.568 2.06684
1.569 2.06862
1.57 2.07039
1.571 2.07217
1.572 2.07395
1.573 2.07574
1.574 2.07752
1.575 2.0793
1.576 2.08109
1.577 2.08287
1.578 2.08466
1.579 2.08645
1.58 2.08824
1.581 2.09003
1.582 2.09182
1.583 2.09361
1.584 2.09541
1.585 2.0972
1.586 2.099
1.587 2.1008
1.588 2.10259
1.589 2.10439
1.59 2.10619
1.591 2.108
1.592 2.1098
1.593 2.1116
1.594 2.11341
1.595 2.11522
1.596 2.11702
1.597 2.11883
1.598 2.12064
1.599 2.12245
1.6 2.12426
1.601 2.12608
1.602 2.12789
1.603 2.12971
1.604 2.13152
1.605 2.13334
1.606 2.13516
1.607 2.13698
1.608 2.1388
1.609 2.14062
1.61 2.14245
1.611 2.14427
1.612 2.1461
1.613 2.14793
1.614 2.14975
1.615 2.15158
1.616 2.15341
1.617 2.15524
1.618 2.15708
1.619 2.15891
1.62 2.16074
1.621 2.16258
1.622 2.16442
1.623 2.16626
1.624 2.16809
1.625 2.16994
1.626 2.17178
1.627 2.17362
1.628 2.17546
1.629 2.17731
1.63 2.17915
1.631 2.181
1.632 2.18285
1.633 2.1847
1.634 2.18655
1.635 2.1884
1.636 2.19025
1.637 2.19211
1.638 2.19396
1.639 2.19582
1.64 2.19768
1.641 2.19954
1.642 2.2014
1.643 2.20326
1.644 2.20512
1.645 2.20698
1.646 2.20885
1.647 2.21071
1.648 2.21258
1.649 2.21445
1.65 2.21631
1.651 2.21818
1.652 2.22005
1.653 2.22193
1.654 2.2238
1.655 2.22567
1.656 2.22755
1.657 2.22943
1.658 2.2313
1.659 2.23318
1.66 2.23506
1.661 2.23695
1.662 2.23883
1.663 2.24071
1.664 2.2426
1.665 2.24448
1.666 2.24637
1.667 2.24826
1.668 2.25015
1.669 2.25204
1.67 2.25393
1.671 2.25582
1.672 2.25771
1.673 2.25961
1.674 2.2615
1.675 2.2634
1.676 2.2653
1.677 2.2672
1.678 2.2691
1.679 2.271
1.68 2.2729
1.681 2.27481
1.682 2.27671
1.683 2.27862
1.684 2.28053
1.685 2.28243
1.686 2.28434
1.687 2.28625
1.688 2.28817
1.689 2.29008
1.69 2.29199
1.691 2.29391
1.692 2.29582
1.693 2.29774
1.694 2.29966
1.695 2.30158
1.696 2.3035
1.697 2.30542
1.698 2.30735
1.699 2.30927
1.7 2.3112
1.701 2.31312
1.702 2.31505
1.703 2.31698
1.704 2.31891
1.705 2.32084
1.706 2.32277
1.707 2.32471
1.708 2.32664
1.709 2.32858
1.71 2.33051
1.711 2.33245
1.712 2.33439
1.713 2.33633
1.714 2.33827
1.715 2.34021
1.716 2.34216
1.717 2.3441
1.718 2.34605
1.719 2.34799
1.72 2.34994
1.721 2.35189
1.722 2.35384
1.723 2.35579
1.724 2.35774
1.725 2.3597
1.726 2.36165
1.727 2.36361
1.728 2.36557
1.729 2.36752
1.73 2.36948
1.731 2.37144
1.732 2.37341
1.733 2.37537
1.734 2.37733
1.735 2.3793
1.736 2.38126
1.737 2.38323
1.738 2.3852
1.739 2.38717
1.74 2.38914
1.741 2.39111
1.742 2.39309
1.743 2.39506
1.744 2.39703
1.745 2.39901
1.746 2.40099
1.747 2.40297
1.748 2.40495
1.749 2.40693
1.75 2.40891
1.751 2.41089
1.752 2.41288
1.753 2.41486
1.754 2.41685
1.755 2.41884
1.756 2.42083
1.757 2.42282
1.758 2.42481
1.759 2.4268
1.76 2.42879
1.761 2.43079
1.762 2.43278
1.763 2.43478
1.764 2.43678
1.765 2.43878
1.766 2.44078
1.767 2.44278
1.768 2.44478
1.769 2.44678
1.77 2.44879
1.771 2.45079
1.772 2.4528
1.773 2.45481
1.774 2.45682
1.775 2.45883
1.776 2.46084
1.777 2.46285
1.778 2.46487
1.779 2.46688
1.78 2.4689
1.781 2.47091
1.782 2.47293
1.783 2.47495
1.784 2.47697
1.785 2.47899
1.786 2.48102
1.787 2.48304
1.788 2.48507
1.789 2.48709
1.79 2.48912
1.791 2.49115
1.792 2.49318
1.793 2.49521
1.794 2.49724
1.795 2.49927
1.796 2.50131
1.797 2.50334
1.798 2.50538
1.799 2.50742
1.8 2.50946
1.801 2.5115
1.802 2.51354
1.803 2.51558
1.804 2.51762
1.805 2.51967
1.806 2.52171
1.807 2.52376
1.808 2.52581
1.809 2.52785
1.81 2.5299
1.811 2.53196
1.812 2.53401
1.813 2.53606
1.814 2.53812
1.815 2.54017
1.816 2.54223
1.817 2.54429
1.818 2.54635
1.819 2.54841
1.82 2.55047
1.821 2.55253
1.822 2.55459
1.823 2.55666
1.824 2.55872
1.825 2.56079
1.826 2.56286
1.827 2.56493
1.828 2.567
1.829 2.56907
1.83 2.57114
1.831 2.57322
1.832 2.57529
1.833 2.57737
1.834 2.57945
1.835 2.58152
1.836 2.5836
1.837 2.58568
1.838 2.58777
1.839 2.58985
1.84 2.59193
1.841 2.59402
1.842 2.5961
1.843 2.59819
1.844 2.60028
1.845 2.60237
1.846 2.60446
1.847 2.60655
1.848 2.60864
1.849 2.61074
1.85 2.61283
1.851 2.61493
1.852 2.61703
1.853 2.61913
1.854 2.62123
1.855 2.62333
1.856 2.62543
1.857 2.62753
1.858 2.62964
1.859 2.63174
1.86 2.63385
1.861 2.63596
1.862 2.63807
1.863 2.64018
1.864 2.64229
1.865 2.6444
1.866 2.64651
1.867 2.64863
1.868 2.65074
1.869 2.65286
1.87 2.65498
1.871 2.6571
1.872 2.65922
1.873 2.66134
1.874 2.66346
1.875 2.66559
1.876 2.66771
1.877 2.66984
1.878 2.67196
1.879 2.67409
1.88 2.67622
1.881 2.67835
1.882 2.68048
1.883 2.68262
1.884 2.68475
1.885 2.68688
1.886 2.68902
1.887 2.69116
1.888 2.6933
1.889 2.69544
1.89 2.69758
1.891 2.69972
1.892 2.70186
1.893 2.70401
1.894 2.70615
1.895 2.7083
1.896 2.71044
1.897 2.71259
1.898 2.71474
1.899 2.71689
1.9 2.71905
1.901 2.7212
1.902 2.72335
1.903 2.72551
1.904 2.72766
1.905 2.72982
1.906 2.73198
1.907 2.73414
1.908 2.7363
1.909 2.73846
1.91 2.74063
1.911 2.74279
1.912 2.74496
1.913 2.74712
1.914 2.74929
1.915 2.75146
1.916 2.75363
1.917 2.7558
1.918 2.75797
1.919 2.76015
1.92 2.76232
1.921 2.7645
1.922 2.76668
1.923 2.76885
1.924 2.77103
1.925 2.77321
1.926 2.77539
1.927 2.77758
1.928 2.77976
1.929 2.78195
1.93 2.78413
1.931 2.78632
1.932 2.78851
1.933 2.7907
1.934 2.79289
1.935 2.79508
1.936 2.79727
1.937 2.79946
1.938 2.80166
1.939 2.80386
1.94 2.80605
1.941 2.80825
1.942 2.81045
1.943 2.81265
1.944 2.81485
1.945 2.81706
1.946 2.81926
1.947 2.82147
1.948 2.82367
1.949 2.82588
1.95 2.82809
1.951 2.8303
1.952 2.83251
1.953 2.83472
1.954 2.83693
1.955 2.83915
1.956 2.84136
1.957 2.84358
1.958 2.8458
1.959 2.84802
1.96 2.85024
1.961 2.85246
1.962 2.85468
1.963 2.8569
1.964 2.85913
1.965 2.86135
1.966 2.86358
1.967 2.86581
1.968 2.86804
1.969 2.87027
1.97 2.8725
1.971 2.87473
1.972 2.87696
1.973 2.8792
1.974 2.88143
1.975 2.88367
1.976 2.88591
1.977 2.88815
1.978 2.89039
1.979 2.89263
1.98 2.89487
1.981 2.89712
1.982 2.89936
1.983 2.90161
1.984 2.90386
1.985 2.9061
1.986 2.90835
1.987 2.9106
1.988 2.91286
1.989 2.91511
1.99 2.91736
1.991 2.91962
1.992 2.92187
1.993 2.92413
1.994 2.92639
1.995 2.92865
1.996 2.93091
1.997 2.93317
1.998 2.93543
1.999 2.9377
2 2.93996
2.001 2.94223
2.002 2.9445
2.003 2.94677
2.004 2.94904
2.005 2.95131
2.006 2.95358
2.007 2.95585
2.008 2.95813
2.009 2.9604
2.01 2.96268
2.011 2.96496
2.012 2.96724
2.013 2.96952
2.014 2.9718
2.015 2.97408
2.016 2.97636
2.017 2.97865
2.018 2.98093
2.019 2.98322
2.02 2.98551
2.021 2.9878
2.022 2.99009
2.023 2.99238
2.024 2.99467
2.025 2.99696
2.026 2.99926
2.027 3.00155
2.028 3.00385
2.029 3.00615
2.03 3.00845
2.031 3.01075
2.032 3.01305
2.033 3.01535
2.034 3.01766
2.035 3.01996
2.036 3.02227
2.037 3.02457
2.038 3.02688
2.039 3.02919
2.04 3.0315
2.041 3.03381
2.042 3.03613
2.043 3.03844
2.044 3.04076
2.045 3.04307
2.046 3.04539
2.047 3.04771
2.048 3.05003
2.049 3.05235
2.05 3.05467
2.051 3.05699
2.052 3.05932
2.053 3.06164
2.054 3.06397
2.055 3.0663
2.056 3.06863
2.057 3.07096
2.058 3.07329
2.059 3.07562
2.06 3.07795
2.061 3.08029
2.062 3.08262
2.063 3.08496
2.064 3.0873
2.065 3.08964
2.066 3.09198
2.067 3.09432
2.068 3.09666
2.069 3.099
2.07 3.10135
2.071 3.10369
2.072 3.10604
2.073 3.10839
2.074 3.11074
2.075 3.11309
2.076 3.11544
2.077 3.11779
2.078 3.12014
2.079 3.1225
2.08 3.12486
2.081 3.12721
2.082 3.12957
2.083 3.13193
2.084 3.13429
2.085 3.13665
2.086 3.13901
2.087 3.14138
2.088 3.14374
2.089 3.14611
2.09 3.14848
2.091 3.15084
2.092 3.15321
2.093 3.15559
2.094 3.15796
2.095 3.16033
2.096 3.1627
2.097 3.16508
2.098 3.16746
2.099 3.16983
2.1 3.17221
2.101 3.17459
2.102 3.17697
2.103 3.17935
2.104 3.18174
2.105 3.18412
2.106 3.18651
2.107 3.18889
2.108 3.19128
2.109 3.19367
2.11 3.19606
2.111 3.19845
2.112 3.20084
2.113 3.20324
2.114 3.20563
2.115 3.20803
2.116 3.21042
2.117 3.21282
2.118 3.21522
2.119 3.21762
2.12 3.22002
2.121 3.22242
2.122 3.22483
2.123 3.22723
2.124 3.22964
2.125 3.23204
2.126 3.23445
2.127 3.23686
2.128 3.23927
2.129 3.24168
2.13 3.24409
2.131 3.24651
2.132 3.24892
2.133 3.25134
2.134 3.25376
2.135 3.25617
2.136 3.25859
2.137 3.26101
2.138 3.26344
2.139 3.26586
2.14 3.26828
2.141 3.27071
2.142 3.27313
2.143 3.27556
2.144 3.27799
2.145 3.28042
2.146 3.28285
2.147 3.28528
2.148 3.28771
2.149 3.29015
2.15 3.29258
2.151 3.29502
2.152 3.29746
2.153 3.2999
2.154 3.30234
2.155 3.30478
2.156 3.30722
2.157 3.30966
2.158 3.31211
2.159 3.31455
2.16 3.317
2.161 3.31945
2.162 3.32189
2.163 3.32434
2.164 3.3268
2.165 3.32925
2.166 3.3317
2.167 3.33416
2.168 3.33661
2.169 3.33907
2.17 3.34153
2.171 3.34398
2.172 3.34644
2.173 3.34891
2.174 3.35137
2.175 3.35383
2.176 3.3563
2.177 3.35876
2.178 3.36123
2.179 3.3637
2.18 3.36617
2.181 3.36864
2.182 3.37111
2.183 3.37358
2.184 3.37605
2.185 3.37853
2.186 3.38101
2.187 3.38348
2.188 3.38596
2.189 3.38844
2.19 3.39092
2.191 3.3934
2.192 3.39588
2.193 3.39837
2.194 3.40085
2.195 3.40334
2.196 3.40583
2.197 3.40832
2.198 3.41081
2.199 3.4133
2.2 3.41579
2.201 3.41828
2.202 3.42077
2.203 3.42327
2.204 3.42577
2.205 3.42826
2.206 3.43076
2.207 3.43326
2.208 3.43576
2.209 3.43827
2.21 3.44077
2.211 3.44327
2.212 3.44578
2.213 3.44828
2.214 3.45079
2.215 3.4533
2.216 3.45581
2.217 3.45832
2.218 3.46083
2.219 3.46335
2.22 3.46586
2.221 3.46838
2.222 3.4709
2.223 3.47341
2.224 3.47593
2.225 3.47845
2.226 3.48097
2.227 3.4835
2.228 3.48602
2.229 3.48854
2.23 3.49107
2.231 3.4936
2.232 3.49613
2.233 3.49865
2.234 3.50118
2.235 3.50372
2.236 3.50625
2.237 3.50878
2.238 3.51132
2.239 3.51385
2.24 3.51639
2.241 3.51893
2.242 3.52147
2.243 3.52401
2.244 3.52655
2.245 3.52909
2.246 3.53164
2.247 3.53418
2.248 3.53673
2.249 3.53928
2.25 3.54182
2.251 3.54437
2.252 3.54693
2.253 3.54948
2.254 3.55203
2.255 3.55458
2.256 3.55714
2.257 3.5597
2.258 3.17689
2.259 3.1791
2.26 3.18132
2.261 3.18354
2.262 3.18576
2.263 3.18798
2.264 3.1902
2.265 3.19243
2.266 3.19465
2.267 3.19688
2.268 3.1991
2.269 3.20133
2.27 3.20356
2.271 3.20579
2.272 3.20802
2.273 3.21025
2.274 3.21248
2.275 3.21471
2.276 3.21695
2.277 3.21918
2.278 3.22142
2.279 3.22365
2.28 3.22589
2.281 3.22813
2.282 3.23037
2.283 3.23261
2.284 3.23485
2.285 3.2371
2.286 3.23934
2.287 3.24158
2.288 3.24383
2.289 3.24608
2.29 3.24833
2.291 3.25057
2.292 3.25282
2.293 3.25507
2.294 3.25733
2.295 3.25958
2.296 3.26183
2.297 3.26409
2.298 3.26634
2.299 3.2686
2.3 3.27086
2.301 3.27311
2.302 3.27537
2.303 3.27763
2.304 3.2799
2.305 3.28216
2.306 3.28442
2.307 3.28669
2.308 3.28895
2.309 3.29122
2.31 3.29349
2.311 3.29575
2.312 3.29802
2.313 3.30029
2.314 3.30256
2.315 3.30484
2.316 3.30711
2.317 3.30938
2.318 3.31166
2.319 3.31394
2.32 3.31621
2.321 3.31849
2.322 3.32077
2.323 3.32305
2.324 3.32533
2.325 3.32761
2.326 3.3299
2.327 3.33218
2.328 3.33447
2.329 3.33675
2.33 3.33904
2.331 3.34133
2.332 3.34362
2.333 3.34591
2.334 3.3482
2.335 3.35049
2.336 3.35278
2.337 3.35507
2.338 3.35737
2.339 3.35967
2.34 3.36196
2.341 3.36426
2.342 3.36656
2.343 3.36886
2.344 3.37116
2.345 3.37346
2.346 3.37576
2.347 3.37807
2.348 3.38037
2.349 3.38268
2.35 3.38498
2.351 3.38729
2.352 3.3896
2.353 3.39191
2.354 3.39422
2.355 3.39653
2.356 3.39884
2.357 3.40116
2.358 3.40347
2.359 3.40579
2.36 3.4081
2.361 3.41042
2.362 3.41274
2.363 3.41506
2.364 3.41738
2.365 3.4197
2.366 3.42202
2.367 3.42435
2.368 3.42667
2.369 3.429
2.37 3.43132
2.371 3.43365
2.372 3.43598
2.373 3.43831
2.374 3.44064
2.375 3.44297
2.376 3.4453
2.377 3.44763
2.378 3.44997
2.379 3.4523
2.38 3.45464
2.381 3.45698
2.382 3.45931
2.383 3.46165
2.384 3.46399
2.385 3.46633
2.386 3.46868
2.387 3.47102
2.388 3.47336
2.389 3.47571
2.39 3.47805
2.391 3.4804
2.392 3.48275
2.393 3.4851
2.394 3.48745
2.395 3.4898
2.396 3.49215
2.397 3.4945
2.398 3.49686
2.399 3.49921
2.4 3.50157
2.401 3.50392
2.402 3.50628
2.403 3.50864
2.404 3.511
2.405 3.51336
2.406 3.51572
2.407 3.51808
2.408 3.52045
2.409 3.52281
2.41 3.52518
2.411 3.52754
2.412 3.52991
2.413 3.53228
2.414 3.53465
2.415 3.53702
2.416 3.53939
2.417 3.54176
2.418 3.54414
2.419 3.54651
2.42 3.54889
2.421 3.55126
2.422 3.55364
2.423 3.55602
2.424 3.5584
2.425 3.56078
2.426 3.56316
2.427 3.56554
2.428 3.56793
2.429 3.57031
2.43 3.57269
2.431 3.57508
2.432 3.57747
2.433 3.57986
2.434 3.58224
2.435 3.58464
2.436 3.58703
2.437 3.58942
2.438 3.59181
2.439 3.59421
2.44 3.5966
2.441 3.599
2.442 3.60139
2.443 3.60379
2.444 3.60619
2.445 3.60859
2.446 3.61099
2.447 3.61339
2.448 3.6158
2.449 3.6182
2.45 3.6206
2.451 3.62301
2.452 3.62542
2.453 3.62782
2.454 3.63023
2.455 3.63264
2.456 3.63505
2.457 3.63746
2.458 3.63988
2.459 3.64229
2.46 3.64471
2.461 3.64712
2.462 3.64954
2.463 3.65196
2.464 3.65437
2.465 3.65679
2.466 3.65921
2.467 3.66164
2.468 3.66406
2.469 3.66648
2.47 3.66891
2.471 3.67133
2.472 3.67376
2.473 3.67618
2.474 3.67861
2.475 3.68104
2.476 3.68347
2.477 3.6859
2.478 3.68834
2.479 3.69077
2.48 3.6932
2.481 3.69564
2.482 3.69808
2.483 3.70051
2.484 3.70295
2.485 3.70539
2.486 3.70783
2.487 3.71027
2.488 3.71271
2.489 3.71516
2.49 3.7176
2.491 3.72005
2.492 3.72249
2.493 3.72494
2.494 3.72739
2.495 3.72984
2.496 3.73229
2.497 3.73474
2.498 3.73719
2.499 3.73964
2.5 3.7421
2.501 3.74455
2.502 3.74701
2.503 3.74946
2.504 3.75192
2.505 3.75438
2.506 3.75684
2.507 3.7593
2.508 3.76176
2.509 3.76422
2.51 3.76669
2.511 3.76915
2.512 3.77162
2.513 3.77408
2.514 3.77655
2.515 3.77902
2.516 3.78149
2.517 3.78396
2.518 3.78643
2.519 3.78891
2.52 3.79138
2.521 3.79385
2.522 3.79633
2.523 3.79881
2.524 3.80128
2.525 3.80376
2.526 3.80624
2.527 3.80872
2.528 3.8112
2.529 3.81368
2.53 3.81617
2.531 3.81865
2.532 3.82114
2.533 3.82362
2.534 3.82611
2.535 3.8286
2.536 3.83109
2.537 3.83358
2.538 3.83607
2.539 3.83856
2.54 3.84106
2.541 3.84355
2.542 3.84604
2.543 3.84854
2.544 3.85104
2.545 3.85354
2.546 3.85603
2.547 3.85853
2.548 3.86104
2.549 3.86354
2.55 3.86604
2.551 3.86854
2.552 3.87105
2.553 3.87356
2.554 3.87606
2.555 3.87857
2.556 3.88108
2.557 3.88359
2.558 3.8861
2.559 3.88861
2.56 3.89112
2.561 3.89364
2.562 3.89615
2.563 3.89867
2.564 3.90119
2.565 3.9037
2.566 3.90622
2.567 3.90874
2.568 3.91126
2.569 3.91378
2.57 3.91631
2.571 3.91883
2.572 3.92135
2.573 3.92388
2.574 3.92641
2.575 3.92893
2.576 3.93146
2.577 3.93399
2.578 3.93652
2.579 3.93905
2.58 3.94159
2.581 3.94412
2.582 3.94665
2.583 3.94919
2.584 3.95173
2.585 3.95426
2.586 3.9568
2.587 3.95934
2.588 3.96188
2.589 3.96442
2.59 3.96696
2.591 3.96951
2.592 3.97205
2.593 3.9746
2.594 3.97714
2.595 3.97969
2.596 3.98224
2.597 3.98479
2.598 3.98734
2.599 3.98989
2.6 3.99244
2.601 3.99499
2.602 3.99755
2.603 4.0001
2.604 4.00266
2.605 4.00522
2.606 4.00777
2.607 4.01033
2.608 4.01289
2.609 4.01545
2.61 4.01802
2.611 4.02058
2.612 4.02314
2.613 4.02571
2.614 4.02827
2.615 4.03084
2.616 4.03341
2.617 4.03598
2.618 4.03855
2.619 4.04112
2.62 4.04369
2.621 4.04626
2.622 4.04883
2.623 4.05141
2.624 4.05398
2.625 4.05656
2.626 4.05914
2.627 4.06172
2.628 4.0643
2.629 4.06688
2.63 4.06946
2.631 4.07204
2.632 4.07462
2.633 4.07721
2.634 4.07979
2.635 4.08238
2.636 4.08497
2.637 4.08756
2.638 4.09015
2.639 4.09274
2.64 4.09533
2.641 4.09792
2.642 4.10051
2.643 4.10311
2.644 4.1057
2.645 4.1083
2.646 4.1109
2.647 4.11349
2.648 4.11609
2.649 4.11869
2.65 4.1213
2.651 4.1239
2.652 4.1265
2.653 4.1291
2.654 4.13171
2.655 4.13432
2.656 4.13692
2.657 4.13953
2.658 4.14214
2.659 4.14475
2.66 4.14736
2.661 4.14997
2.662 4.15259
2.663 4.1552
2.664 4.15781
2.665 4.16043
2.666 4.16305
2.667 4.16566
2.668 4.16828
2.669 4.1709
2.67 4.17352
2.671 4.17615
2.672 4.17877
2.673 4.18139
2.674 4.18402
2.675 4.18664
2.676 4.18927
2.677 4.1919
2.678 4.19453
2.679 4.19716
2.68 4.19979
2.681 4.20242
2.682 4.20505
2.683 4.20768
2.684 4.21032
2.685 4.21295
2.686 4.21559
2.687 4.21823
2.688 4.22087
2.689 4.22351
2.69 4.22615
2.691 4.22879
2.692 4.23143
2.693 4.23407
2.694 4.23672
2.695 4.23936
2.696 4.24201
2.697 4.24466
2.698 4.2473
2.699 4.24995
2.7 4.2526
2.701 4.25526
2.702 4.25791
2.703 4.26056
2.704 4.26321
2.705 4.26587
2.706 4.26853
2.707 4.27118
2.708 4.27384
2.709 4.2765
2.71 4.27916
2.711 4.28182
2.712 4.28448
2.713 4.28715
2.714 4.28981
2.715 4.29248
2.716 4.29514
2.717 4.29781
2.718 4.30048
2.719 4.30314
2.72 4.30581
2.721 4.30849
2.722 4.31116
2.723 4.31383
2.724 4.3165
2.725 4.31918
2.726 4.32185
2.727 4.32453
2.728 4.32721
2.729 4.32989
2.73 4.33257
2.731 4.33525
2.732 4.33793
2.733 4.34061
2.734 4.3433
2.735 4.34598
2.736 4.34867
2.737 4.35135
2.738 4.35404
2.739 4.35673
2.74 4.35942
2.741 4.36211
2.742 4.3648
2.743 4.36749
2.744 4.37019
2.745 4.37288
2.746 4.37558
2.747 4.37827
2.748 4.38097
2.749 4.38367
2.75 4.38637
2.751 4.38907
2.752 4.39177
2.753 4.39447
2.754 4.39717
2.755 4.39988
2.756 4.40258
2.757 4.40529
2.758 4.408
2.759 4.41071
2.76 4.41341
2.761 4.41612
2.762 4.41884
2.763 4.42155
2.764 4.42426
2.765 4.42697
2.766 4.42969
2.767 4.43241
2.768 4.43512
2.769 4.43784
2.77 4.44056
2.771 4.44328
2.772 4.446
2.773 4.44872
2.774 4.45145
2.775 4.45417
2.776 4.45689
2.777 4.45962
2.778 4.46235
2.779 4.46507
2.78 4.4678
2.781 4.47053
2.782 4.47326
2.783 4.476
2.784 4.47873
2.785 4.48146
2.786 4.4842
2.787 4.48693
2.788 4.48967
2.789 4.49241
2.79 4.49514
2.791 4.49788
2.792 4.50062
2.793 4.50337
2.794 4.50611
2.795 4.50885
2.796 4.5116
2.797 4.51434
2.798 4.51709
2.799 4.51984
2.8 4.52258
2.801 4.52533
2.802 4.52808
2.803 4.53084
2.804 4.53359
2.805 4.53634
2.806 4.5391
2.807 4.54185
2.808 4.54461
2.809 4.54736
2.81 4.55012
2.811 4.55288
2.812 4.55564
2.813 4.5584
2.814 4.56117
2.815 4.56393
2.816 4.56669
2.817 4.56946
2.818 4.57222
2.819 4.57499
2.82 4.57776
2.821 4.58053
2.822 4.5833
2.823 4.58607
2.824 4.58884
2.825 4.59161
2.826 4.59439
2.827 4.59716
2.828 4.59994
2.829 4.60272
2.83 4.60549
2.831 4.60827
2.832 4.61105
2.833 4.61383
2.834 4.61661
2.835 4.6194
2.836 4.62218
2.837 4.62497
2.838 4.62775
2.839 4.63054
2.84 4.63333
2.841 4.63611
2.842 4.6389
2.843 4.64169
2.844 4.64449
2.845 4.64728
2.846 4.65007
2.847 4.65287
2.848 4.65566
2.849 4.65846
2.85 4.66126
2.851 4.66405
2.852 4.66685
2.853 4.66965
2.854 4.67246
2.855 4.67526
2.856 4.67806
2.857 4.68087
2.858 4.68367
2.859 4.68648
2.86 4.68929
2.861 4.69209
2.862 4.6949
2.863 4.69771
2.864 4.70052
2.865 4.70334
2.866 4.70615
2.867 4.70896
2.868 4.71178
2.869 4.7146
2.87 4.71741
2.871 4.72023
2.872 4.72305
2.873 4.72587
2.874 4.72869
2.875 4.73151
2.876 4.73434
2.877 4.73716
2.878 4.73998
2.879 4.74281
2.88 4.74564
2.881 4.74847
2.882 4.75129
2.883 4.75412
2.884 4.75696
2.885 4.75979
2.886 4.76262
2.887 4.76545
2.888 4.76829
2.889 4.77112
2.89 4.77396
2.891 4.7768
2.892 4.77964
2.893 4.78248
2.894 4.78532
2.895 4.78816
2.896 4.791
2.897 4.79385
2.898 4.79669
2.899 4.79954
2.9 4.80238
2.901 4.80523
2.902 4.80808
2.903 4.81093
2.904 4.81378
2.905 4.81663
2.906 4.81948
2.907 4.82234
2.908 4.82519
2.909 4.82805
2.91 4.8309
2.911 4.83376
2.912 4.83662
2.913 4.83948
2.914 4.84234
2.915 4.8452
2.916 4.84806
2.917 4.85092
2.918 4.85379
2.919 4.85665
2.92 4.85952
2.921 4.86239
2.922 4.86526
2.923 4.86812
2.924 4.871
2.925 4.87387
2.926 4.87674
2.927 4.87961
2.928 4.88249
2.929 4.88536
2.93 4.88824
2.931 4.89111
2.932 4.89399
2.933 4.89687
2.934 4.89975
2.935 4.90263
2.936 4.90551
2.937 4.9084
2.938 4.91128
2.939 4.91416
2.94 4.91705
2.941 4.91994
2.942 4.92283
2.943 4.92571
2.944 4.9286
2.945 4.93149
2.946 4.93439
2.947 4.93728
2.948 4.94017
2.949 4.94307
2.95 4.94596
2.951 4.94886
2.952 4.95176
2.953 4.95466
2.954 4.95756
2.955 4.96046
2.956 4.96336
2.957 4.96626
2.958 4.96916
2.959 4.97207
2.96 4.97497
2.961 4.97788
2.962 4.98079
2.963 4.9837
2.964 4.98661
2.965 4.98952
2.966 4.99243
2.967 4.99534
2.968 4.99825
2.969 5.00117
2.97 5.00408
2.971 5.007
2.972 5.00992
2.973 5.01283
2.974 5.01575
2.975 5.01867
2.976 5.0216
2.977 5.02452
2.978 5.02744
2.979 5.03036
2.98 5.03329
2.981 5.03622
2.982 5.03914
2.983 5.04207
2.984 5.045
2.985 5.04793
2.986 5.05086
2.987 5.05379
2.988 5.05673
2.989 5.05966
2.99 5.06259
2.991 5.06553
2.992 5.06847
2.993 5.07141
2.994 5.07434
2.995 5.07728
2.996 5.08023
2.997 5.08317
2.998 5.08611
2.999 5.08905
3 5.092
3.001 5.09494
