0.005 15 0
0.01 15 0
0.015 15 0
0.02 14.9999 0
0.025 14.9999 0
0.03 14.9999 0
0.035 14.9998 0
0.04 14.9997 0
0.045 14.9996 0
0.05 14.9996 0
0.055 14.9995 0
0.06 14.9994 0
0.065 14.9992 0
0.07 14.9991 0
0.075 14.999 0
0.08 14.9988 0
0.085 14.9987 0
0.09 14.9985 0
0.095 14.9983 0
0.1 14.9981 0
0.105 14.9979 0
0.11 14.9977 0
0.115 14.9975 0
0.12 14.9973 0
0.125 14.9971 0
0.13 14.9968 0
0.135 14.9966 0
0.14 14.9963 0
0.145 14.996 0
0.15 14.9957 0
0.155 14.9954 0
0.16 14.9951 0
0.165 14.9948 0
0.17 14.9945 0
0.175 14.9942 0
0.18 14.9938 0
0.185 14.9935 0
0.19 14.9931 0
0.195 14.9927 0
0.2 14.9923 0
0.205 14.992 0
0.21 14.9916 0
0.215 14.9911 0
0.22 14.9907 0
0.225 14.9903 0
0.23 14.9898 0
0.235 14.9894 0
0.24 14.9889 0
0.245 14.9885 0
0.25 14.988 0
0.255 14.9875 0
0.26 14.987 0
0.265 14.9865 0
0.27 14.986 0
0.275 14.9854 0
0.28 14.9849 0
0.285 14.9843 0
0.29 14.9838 0
0.295 14.9832 0
0.3 14.9826 0
0.305 14.982 0
0.31 14.9814 0
0.315 14.9808 0
0.32 14.9802 0
0.325 14.9796 0
0.33 14.979 0
0.335 14.9783 0
0.34 14.9777 0
0.345 14.977 0
0.35 14.9763 0
0.355 14.9756 0
0.36 14.9749 0
0.365 14.9742 0
0.37 14.9735 0
0.375 14.9728 0
0.38 14.972 0
0.385 14.9713 0
0.39 14.9705 0
0.395 14.9698 0
0.4 14.969 0
0.405 14.9682 0
0.41 14.9674 0
0.415 14.9666 0
0.42 14.9658 0
0.425 14.965 0
0.43 14.9641 0
0.435 14.9633 0
0.44 14.9624 0
0.445 14.9616 0
0.45 14.9607 0
0.455 14.9598 0
0.46 14.9589 0
0.465 14.958 0
0.47 14.9571 0
0.475 14.9562 0
0.48 14.9553 0
0.485 14.9543 0
0.49 14.9534 0
0.495 14.9524 0
0.5 14.9514 0
0.505 14.9505 0
0.51 14.9495 0
0.515 14.9485 0
0.52 14.9475 0
0.525 14.9464 0
0.53 14.9454 0
0.535 14.9444 0
0.54 14.9433 0
0.545 14.9423 0
0.55 14.9412 0
0.555 14.9401 0
0.56 14.939 0
0.565 14.9379 0
0.57 14.9368 0
0.575 14.9357 0
0.58 14.9346 0
0.585 14.9334 0
0.59 14.9323 0
0.595 14.9311 0
0.6 14.93 0
0.605 14.9288 0
0.61 14.9276 0
0.615 14.9264 0
0.62 14.9252 0
0.625 14.924 0
0.63 14.9227 0
0.635 14.9215 0
0.64 14.9203 0
0.645 14.919 0
0.65 14.9177 0
0.655 14.9165 0
0.66 14.9152 0
0.665 14.9139 0
0.67 14.9126 0
0.675 14.9113 0
0.68 14.9099 0
0.685 14.9086 0
0.69 14.9073 0
0.695 14.9059 0
0.7 14.9045 0
0.705 14.9032 0
0.71 14.9018 0
0.715 14.9004 0
0.72 14.899 0
0.725 14.8976 0
0.73 14.8962 0
0.735 14.8947 0
0.74 14.8933 0
0.745 14.8918 0
0.75 14.8904 0
0.755 14.8889 0
0.76 14.8874 0
0.765 14.8859 0
0.77 14.8844 0
0.775 14.8829 0
0.78 14.8814 0
0.785 14.8799 0
0.79 14.8783 0
0.795 14.8768 0
0.8 14.8752 0
0.805 14.8736 0
0.81 14.8721 0
0.815 14.8705 0
0.82 14.8689 0
0.825 14.8673 0
0.83 14.8657 0
0.835 14.864 0
0.84 14.8624 0
0.845 14.8607 0
0.85 14.8591 0
0.855 14.8574 0
0.86 14.8557 0
0.865 14.854 0
0.87 14.8523 0
0.875 14.8506 0
0.88 14.8489 0
0.885 14.8472 0
0.89 14.8455 0
0.895 14.8437 0
0.9 14.842 0
0.905 14.8402 0
0.91 14.8384 0
0.915 14.8366 0
0.92 14.8348 0
0.925 14.833 0
0.93 14.8312 0
0.935 14.8294 0
0.94 14.8276 0
0.945 14.8257 0
0.95 14.8239 0
0.955 14.822 0
0.96 14.8201 0
0.965 14.8182 0
0.97 14.8163 0
0.975 14.8144 0
0.98 14.8125 0
0.985 14.8106 0
0.99 14.8087 0
0.995 14.8067 0
1 14.8048 0
1.005 14.8028 0
1.01 14.8008 0
1.015 14.7989 0
1.02 14.7969 0
1.025 14.7949 0
1.03 14.7929 0
1.035 14.7908 0
1.04 14.7888 0
1.045 14.7868 0
1.05 14.7847 0
1.055 14.7827 0
1.06 14.7806 0
1.065 14.7785 0
1.07 14.7764 0
1.075 14.7743 0
1.08 14.7722 0
1.085 14.7701 0
1.09 14.768 0
1.095 14.7658 0
1.1 14.7637 0
1.105 14.7615 0
1.11 14.7594 0
1.115 14.7572 0
1.12 14.755 0
1.125 14.7528 0
1.13 14.7506 0
1.135 14.7484 0
1.14 14.7461 0
1.145 14.7439 0
1.15 14.7417 0
1.155 14.7394 0
1.16 14.7371 0
1.165 14.7349 0
1.17 14.7326 0
1.175 14.7303 0
1.18 14.728 0
1.185 14.7257 0
1.19 14.7233 0
1.195 14.721 0
1.2 14.7186 0
1.205 14.7163 0
1.21 14.7139 0
1.215 14.7116 0
1.22 14.7092 0
1.225 14.7068 0
1.23 14.7044 0
1.235 14.702 0
1.24 14.6995 0
1.245 14.6971 0
1.25 14.6947 0
1.255 14.6922 0
1.26 14.6897 0
1.265 14.6873 0
1.27 14.6848 0
1.275 14.6823 0
1.28 14.6798 0
1.285 14.6773 0
1.29 14.6748 0
1.295 14.6722 0
1.3 14.6697 0
1.305 14.6671 0
1.31 14.6646 0
1.315 14.662 0
1.32 14.6594 0
1.325 14.6568 0
1.33 14.6542 0
1.335 14.6516 0
1.34 14.649 0
1.345 14.6464 0
1.35 14.6437 0
1.355 14.6411 0
1.36 14.6384 0
1.365 14.6358 0
1.37 14.6331 0
1.375 14.6304 0
1.38 14.6277 0
1.385 14.625 0
1.39 14.6223 0
1.395 14.6196 0
1.4 14.6168 0
1.405 14.6141 0
1.41 14.6113 0
1.415 14.6086 0
1.42 14.6058 0
1.425 14.603 0
1.43 14.6002 0
1.435 14.5974 0
1.44 14.5946 0
1.445 14.5917 0
1.45 14.5889 0
1.455 14.5861 0
1.46 14.5832 0
1.465 14.5803 0
1.47 14.5775 0
1.475 14.5746 0
1.48 14.5717 0
1.485 14.5688 0
1.49 14.5659 0
1.495 14.563 0
1.5 14.56 0
1.505 14.5571 0
1.51 14.5541 0
1.515 14.5512 0
1.52 14.5482 0
1.525 14.5452 0
1.53 14.5422 0
1.535 14.5392 0
1.54 14.5362 0
1.545 14.5332 0
1.55 14.5302 0
1.555 14.5271 0
1.56 14.5241 0
1.565 14.521 0
1.57 14.5179 0
1.575 14.5148 0
1.58 14.5118 0
1.585 14.5087 0
1.59 14.5055 0
1.595 14.5024 0
1.6 14.4993 0
1.605 14.4962 0
1.61 14.493 0
1.615 14.4899 0
1.62 14.4867 0
1.625 14.4835 0
1.63 14.4803 0
1.635 14.4771 0
1.64 14.4739 0
1.645 14.4707 0
1.65 14.4675 0
1.655 14.4642 0
1.66 14.461 0
1.665 14.4577 0
1.67 14.4545 0
1.675 14.4512 0
1.68 14.4479 0
1.685 14.4446 0
1.69 14.4413 0
1.695 14.438 0
1.7 14.4346 0
1.705 14.4313 0
1.71 14.428 0
1.715 14.4246 0
1.72 14.4212 0
1.725 14.4179 0
1.73 14.4145 0
1.735 14.4111 0
1.74 14.4077 0
1.745 14.4043 0
1.75 14.4009 0
1.755 14.3974 0
1.76 14.394 0
1.765 14.3905 0
1.77 14.3871 0
1.775 14.3836 0
1.78 14.3801 0
1.785 14.3766 0
1.79 14.3731 0
1.795 14.3696 0
1.8 14.3661 0
1.805 14.3625 0
1.81 14.359 0
1.815 14.3555 0
1.82 14.3519 0
1.825 14.3483 0
1.83 14.3447 0
1.835 14.3412 0
1.84 14.3376 0
1.845 14.3339 0
1.85 14.3303 0
1.855 14.3267 0
1.86 14.3231 0
1.865 14.3194 0
1.87 14.3157 0
1.875 14.3121 0
1.88 14.3084 0
1.885 14.3047 0
1.89 14.301 0
1.895 14.2973 0
1.9 14.2936 0
1.905 14.2899 0
1.91 14.2861 0
1.915 14.2824 0
1.92 14.2786 0
1.925 14.2748 0
1.93 14.2711 0
1.935 14.2673 0
1.94 14.2635 0
1.945 14.2597 0
1.95 14.2559 0
1.955 14.252 0
1.96 14.2482 0
1.965 14.2444 0
1.97 14.2405 0
1.975 14.2366 0
1.98 14.2328 0
1.985 14.2289 0
1.99 14.225 0
1.995 14.2211 0
2 14.2172 0
2.005 14.2132 0
2.01 14.2093 0
2.015 14.2054 0
2.02 14.2014 0
2.025 14.1974 0
2.03 14.1935 0
2.035 14.1895 0
2.04 14.1855 0
2.045 14.1815 0
2.05 14.1775 0
2.055 14.1735 0
2.06 14.1694 0
2.065 14.1654 0
2.07 14.1613 0
2.075 14.1573 0
2.08 14.1532 0
2.085 14.1491 0
2.09 14.145 0
2.095 14.1409 0
2.1 14.1368 0
2.105 14.1327 0
2.11 14.1286 0
2.115 14.1244 0
2.12 14.1203 0
2.125 14.1161 0
2.13 14.1119 0
2.135 14.1078 0
2.14 14.1036 0
2.145 14.0994 0
2.15 14.0952 0
2.155 14.091 0
2.16 14.0867 0
2.165 14.0825 0
2.17 14.0782 0
2.175 14.074 0
2.18 14.0697 0
2.185 14.0654 0
2.19 14.0612 0
2.195 14.0569 0
2.2 14.0526 0
2.205 14.0482 0
2.21 14.0439 0
2.215 14.0396 0
2.22 14.0352 0
2.225 14.0309 0
2.23 14.0265 0
2.235 14.0221 0
2.24 14.0177 0
2.245 14.0133 0
2.25 14.0089 0
2.255 14.0045 0
2.26 14.0001 0
2.265 13.9957 0
2.27 13.9912 0
2.275 13.9868 0
2.28 13.9823 0
2.285 13.9778 0
2.29 13.9734 0
2.295 13.9689 0
2.3 13.9644 0
2.305 13.9598 0
2.31 13.9553 0
2.315 13.9508 0
2.32 13.9462 0
2.325 13.9417 0
2.33 13.9371 0
2.335 13.9326 0
2.34 13.928 0
2.345 13.9234 0
2.35 13.9188 0
2.355 13.9142 0
2.36 13.9096 0
2.365 13.9049 0
2.37 13.9003 0
2.375 13.8956 0
2.38 13.891 0
2.385 13.8863 0
2.39 13.8816 0
2.395 13.8769 0
2.4 13.8722 0
2.405 13.8675 0
2.41 13.8628 0
2.415 13.8581 0
2.42 13.8533 0
2.425 13.8486 0
2.43 13.8438 0
2.435 13.8391 0
2.44 13.8343 0
2.445 13.8295 0
2.45 13.8247 0
2.455 13.8199 0
2.46 13.8151 0
2.465 13.8103 0
2.47 13.8054 0
2.475 13.8006 0
2.48 13.7957 0
2.485 13.7909 0
2.49 13.786 0
2.495 13.7811 0
2.5 13.7762 0
2.505 13.7713 0
2.51 13.7664 0
2.515 13.7615 0
2.52 13.7565 0
2.525 13.7516 0
2.53 13.7466 0
2.535 13.7417 0
2.54 13.7367 0
2.545 13.7317 0
2.55 13.7267 0
2.555 13.7217 0
2.56 13.7167 0
2.565 13.7117 0
2.57 13.7066 0
2.575 13.7016 0
2.58 13.6965 0
2.585 13.6915 0
2.59 13.6864 0
2.595 13.6813 0
2.6 13.6762 0
2.605 13.6711 0
2.61 13.666 0
2.615 13.6609 0
2.62 13.6558 0
2.625 13.6506 0
2.63 13.6455 0
2.635 13.6403 0
2.64 13.6352 0
2.645 13.63 0
2.65 13.6248 0
2.655 13.6196 0
2.66 13.6144 0
2.665 13.6092 0
2.67 13.6039 0
2.675 13.5987 0
2.68 13.5934 0
2.685 13.5882 0
2.69 13.5829 0
2.695 13.5776 0
2.7 13.5724 0
2.705 13.5671 0
2.71 13.5617 0
2.715 13.5564 0
2.72 13.5511 0
2.725 13.5458 0
2.73 13.5404 0
2.735 13.5351 0
2.74 13.5297 0
2.745 13.5243 0
2.75 13.5189 0
2.755 13.5135 0
2.76 13.5081 0
2.765 13.5027 0
2.77 13.4973 0
2.775 13.4919 0
2.78 13.4864 0
2.785 13.481 0
2.79 13.4755 0
2.795 13.47 0
2.8 13.4645 0
2.805 13.459 0
2.81 13.4535 0
2.815 13.448 0
2.82 13.4425 0
2.825 13.437 0
2.83 13.4314 0
2.835 13.4259 0
2.84 13.4203 0
2.845 13.4147 0
2.85 13.4092 0
2.855 13.4036 0
2.86 13.398 0
2.865 13.3924 0
2.87 13.3867 0
2.875 13.3811 0
2.88 13.3755 0
2.885 13.3698 0
2.89 13.3642 0
2.895 13.3585 0
2.9 13.3528 0
2.905 13.3471 0
2.91 13.3414 0
2.915 13.3357 0
2.92 13.33 0
2.925 13.3243 0
2.93 13.3185 0
2.935 13.3128 0
2.94 13.307 0
2.945 13.3012 0
2.95 13.2955 0
2.955 13.2897 0
2.96 13.2839 0
2.965 13.2781 0
2.97 13.2723 0
2.975 13.2664 0
2.98 13.2606 0
2.985 13.2547 0
2.99 13.2489 0
2.995 13.243 0
3 13.2371 0
3.005 13.2313 0
3.01 13.2254 0
3.015 13.2195 0
3.02 13.2135 0
3.025 13.2076 0
3.03 13.2017 0
3.035 13.1957 0
3.04 13.1898 0
3.045 13.1838 0
3.05 13.1778 0
3.055 13.1719 0
3.06 13.1659 0
3.065 13.1599 0
3.07 13.1538 0
3.075 13.1478 0
3.08 13.1418 0
3.085 13.1357 0
3.09 13.1297 0
3.095 13.1236 0
3.1 13.1176 0
3.105 13.1115 0
3.11 13.1054 0
3.115 13.0993 0
3.12 13.0932 0
3.125 13.0871 0
3.13 13.0809 0
3.135 13.0748 0
3.14 13.0686 0
3.145 13.0625 0
3.15 13.0563 0
3.155 13.0501 0
3.16 13.0439 0
3.165 13.0377 0
3.17 13.0315 0
3.175 13.0253 0
3.18 13.0191 0
3.185 13.0128 0
3.19 13.0066 0
3.195 13.0003 0
3.2 12.9941 0
3.205 12.9878 0
3.21 12.9815 0
3.215 12.9752 0
3.22 12.9689 0
3.225 12.9626 0
3.23 12.9562 0
3.235 12.9499 0
3.24 12.9435 0
3.245 12.9372 0
3.25 12.9308 0
3.255 12.9244 0
3.26 12.9181 0
3.265 12.9117 0
3.27 12.9053 0
3.275 12.8988 0
3.28 12.8924 0
3.285 12.886 0
3.29 12.8795 0
3.295 12.8731 0
3.3 12.8666 0
3.305 12.8601 0
3.31 12.8537 0
3.315 12.8472 0
3.32 12.8407 0
3.325 12.8341 0
3.33 12.8276 0
3.335 12.8211 0
3.34 12.8145 0
3.345 12.808 0
3.35 12.8014 0
3.355 12.7949 0
3.36 12.7883 0
3.365 12.7817 0
3.37 12.7751 0
3.375 12.7685 0
3.38 12.7618 0
3.385 12.7552 0
3.39 12.7486 0
3.395 12.7419 0
3.4 12.7353 0
3.405 12.7286 0
3.41 12.7219 0
3.415 12.7152 0
3.42 12.7085 0
3.425 12.7018 0
3.43 12.6951 0
3.435 12.6884 0
3.44 12.6816 0
3.445 12.6749 0
3.45 12.6681 0
3.455 12.6613 0
3.46 12.6546 0
3.465 12.6478 0
3.47 12.641 0
3.475 12.6342 0
3.48 12.6274 0
3.485 12.6205 0
3.49 12.6137 0
3.495 12.6068 0
3.5 12.6 0
3.505 12.5931 0
3.51 12.5862 0
3.515 12.5794 0
3.52 12.5725 0
3.525 12.5656 0
3.53 12.5586 0
3.535 12.5517 0
3.54 12.5448 0
3.545 12.5378 0
3.55 12.5309 0
3.555 12.5239 0
3.56 12.5169 0
3.565 12.5099 0
3.57 12.503 0
3.575 12.4959 0
3.58 12.4889 0
3.585 12.4819 0
3.59 12.4749 0
3.595 12.4678 0
3.6 12.4608 0
3.605 12.4537 0
3.61 12.4466 0
3.615 12.4396 0
3.62 12.4325 0
3.625 12.4254 0
3.63 12.4183 0
3.635 12.4111 0
3.64 12.404 0
3.645 12.3969 0
3.65 12.3897 0
3.655 12.3825 0
3.66 12.3754 0
3.665 12.3682 0
3.67 12.361 0
3.675 12.3538 0
3.68 12.3466 0
3.685 12.3394 0
3.69 12.3321 0
3.695 12.3249 0
3.7 12.3177 0
3.705 12.3104 0
3.71 12.3031 0
3.715 12.2958 0
3.72 12.2886 0
3.725 12.2813 0
3.73 12.2739 0
3.735 12.2666 0
3.74 12.2593 0
3.745 12.252 0
3.75 12.2446 0
3.755 12.2373 0
3.76 12.2299 0
3.765 12.2225 0
3.77 12.2151 0
3.775 12.2077 0
3.78 12.2003 0
3.785 12.1929 0
3.79 12.1855 0
3.795 12.178 0
3.8 12.1706 0
3.805 12.1631 0
3.81 12.1557 0
3.815 12.1482 0
3.82 12.1407 0
3.825 12.1332 0
3.83 12.1257 0
3.835 12.1182 0
3.84 12.1107 0
3.845 12.1031 0
3.85 12.0956 0
3.855 12.088 0
3.86 12.0805 0
3.865 12.0729 0
3.87 12.0653 0
3.875 12.0577 0
3.88 12.0501 0
3.885 12.0425 0
3.89 12.0349 0
3.895 12.0273 0
3.9 12.0196 0
3.905 12.012 0
3.91 12.0043 0
3.915 11.9966 0
3.92 11.989 0
3.925 11.9813 0
3.93 11.9736 0
3.935 11.9659 0
3.94 11.9581 0
3.945 11.9504 0
3.95 11.9427 0
3.955 11.9349 0
3.96 11.9272 0
3.965 11.9194 0
3.97 11.9116 0
3.975 11.9038 0
3.98 11.896 0
3.985 11.8882 0
3.99 11.8804 0
3.995 11.8726 0
4 11.8647 0
4.005 11.8569 0
4.01 11.849 0
4.015 11.8412 0
4.02 11.8333 0
4.025 11.8254 0
4.03 11.8175 0
4.035 11.8096 0
4.04 11.8017 0
4.045 11.7937 0
4.05 11.7858 0
4.055 11.7779 0
4.06 11.7699 0
4.065 11.7619 0
4.07 11.754 0
4.075 11.746 0
4.08 11.738 0
4.085 11.73 0
4.09 11.722 0
4.095 11.7139 0
4.1 11.7059 0
4.105 11.6979 0
4.11 11.6898 0
4.115 11.6817 0
4.12 11.6737 0
4.125 11.6656 0
4.13 11.6575 0
4.135 11.6494 0
4.14 11.6413 0
4.145 11.6331 0
4.15 11.625 0
4.155 11.6169 0
4.16 11.6087 0
4.165 11.6006 0
4.17 11.5924 0
4.175 11.5842 0
4.18 11.576 0
4.185 11.5678 0
4.19 11.5596 0
4.195 11.5514 0
4.2 11.5432 0
4.205 11.5349 0
4.21 11.5267 0
4.215 11.5184 0
4.22 11.5101 0
4.225 11.5019 0
4.23 11.4936 0
4.235 11.4853 0
4.24 11.477 0
4.245 11.4686 0
4.25 11.4603 0
4.255 11.452 0
4.26 11.4436 0
4.265 11.4353 0
4.27 11.4269 0
4.275 11.4185 0
4.28 11.4101 0
4.285 11.4017 0
4.29 11.3933 0
4.295 11.3849 0
4.3 11.3765 0
4.305 11.368 0
4.31 11.3596 0
4.315 11.3511 0
4.32 11.3427 0
4.325 11.3342 0
4.33 11.3257 0
4.335 11.3172 0
4.34 11.3087 0
4.345 11.3002 0
4.35 11.2917 0
4.355 11.2831 0
4.36 11.2746 0
4.365 11.266 0
4.37 11.2575 0
4.375 11.2489 0
4.38 11.2403 0
4.385 11.2317 0
4.39 11.2231 0
4.395 11.2145 0
4.4 11.2059 0
4.405 11.1973 0
4.41 11.1886 0
4.415 11.18 0
4.42 11.1713 0
4.425 11.1626 0
4.43 11.1539 0
4.435 11.1452 0
4.44 11.1365 0
4.445 11.1278 0
4.45 11.1191 0
4.455 11.1104 0
4.46 11.1016 0
4.465 11.0929 0
4.47 11.0841 0
4.475 11.0754 0
4.48 11.0666 0
4.485 11.0578 0
4.49 11.049 0
4.495 11.0402 0
4.5 11.0314 0
4.505 11.0225 0
4.51 11.0137 0
4.515 11.0048 0
4.52 10.996 0
4.525 10.9871 0
4.53 10.9782 0
4.535 10.9694 0
4.54 10.9605 0
4.545 10.9516 0
4.55 10.9426 0
4.555 10.9337 0
4.56 10.9248 0
4.565 10.9158 0
4.57 10.9069 0
4.575 10.8979 0
4.58 10.8889 0
4.585 10.8799 0
4.59 10.8709 0
4.595 10.8619 0
4.6 10.8529 0
4.605 10.8439 0
4.61 10.8349 0
4.615 10.8258 0
4.62 10.8168 0
4.625 10.8077 0
4.63 10.7986 0
4.635 10.7895 0
4.64 10.7804 0
4.645 10.7713 0
4.65 10.7622 0
4.655 10.7531 0
4.66 10.744 0
4.665 10.7348 0
4.67 10.7257 0
4.675 10.7165 0
4.68 10.7073 0
4.685 10.6982 0
4.69 10.689 0
4.695 10.6798 0
4.7 10.6706 0
4.705 10.6613 0
4.71 10.6521 0
4.715 10.6429 0
4.72 10.6336 0
4.725 10.6243 0
4.73 10.6151 0
4.735 10.6058 0
4.74 10.5965 0
4.745 10.5872 0
4.75 10.5779 0
4.755 10.5686 0
4.76 10.5592 0
4.765 10.5499 0
4.77 10.5406 0
4.775 10.5312 0
4.78 10.5218 0
4.785 10.5125 0
4.79 10.5031 0
4.795 10.4937 0
4.8 10.4843 0
4.805 10.4748 0
4.81 10.4654 0
4.815 10.456 0
4.82 10.4465 0
4.825 10.4371 0
4.83 10.4276 0
4.835 10.4181 0
4.84 10.4086 0
4.845 10.3991 0
4.85 10.3896 0
4.855 10.3801 0
4.86 10.3706 0
4.865 10.3611 0
4.87 10.3515 0
4.875 10.342 0
4.88 10.3324 0
4.885 10.3228 0
4.89 10.3132 0
4.895 10.3036 0
4.9 10.294 0
4.905 10.2844 0
4.91 10.2748 0
4.915 10.2652 0
4.92 10.2555 0
4.925 10.2459 0
4.93 10.2362 0
4.935 10.2265 0
4.94 10.2169 0
4.945 10.2072 0
4.95 10.1975 0
4.955 10.1878 0
4.96 10.178 0
4.965 10.1683 0
4.97 10.1586 0
4.975 10.1488 0
4.98 10.139 0
4.985 10.1293 0
4.99 10.1195 0
4.995 10.1097 0
5 10.0999 0
5.005 10.0901 0
5.01 10.0803 0
5.015 10.0704 0
5.02 10.0606 0
5.025 10.0508 0
5.03 10.0409 0
5.035 10.031 0
5.04 10.0212 0
5.045 10.0113 0
5.05 10.0014 0
5.055 9.99146 0
5.06 9.98154 0
5.065 9.97161 0
5.07 9.96167 0
5.075 9.95172 0
5.08 9.94177 0
5.085 9.9318 0
5.09 9.92182 0
5.095 9.91184 0
5.1 9.90184 0
5.105 9.89183 0
5.11 9.88182 0
5.115 9.87179 0
5.12 9.86176 0
5.125 9.85171 0
5.13 9.84166 0
5.135 9.83159 0
5.14 9.82152 0
5.145 9.81143 0
5.15 9.80134 0
5.155 9.79123 0
5.16 9.78112 0
5.165 9.771 0
5.17 9.76086 0
5.175 9.75072 0
5.18 9.74056 0
5.185 9.7304 0
5.19 9.72023 0
5.195 9.71005 0
5.2 9.69985 0
5.205 9.68965 0
5.21 9.67944 0
5.215 9.66922 0
5.22 9.65898 0
5.225 9.64874 0
5.23 9.63849 0
5.235 9.62823 0
5.24 9.61796 0
5.245 9.60768 0
5.25 9.59739 0
5.255 9.58709 0
5.26 9.57678 0
5.265 9.56646 0
5.27 9.55613 0
5.275 9.54579 0
5.28 9.53544 0
5.285 9.52508 0
5.29 9.51471 0
5.295 9.50433 0
5.3 9.49394 0
5.305 9.48354 0
5.31 9.47313 0
5.315 9.46272 0
5.32 9.45229 0
5.325 9.44185 0
5.33 9.4314 0
5.335 9.42095 0
5.34 9.41048 0
5.345 9.4 0
5.35 9.38951 0
5.355 9.37902 0
5.36 9.36851 0
5.365 9.35799 0
5.37 9.34747 0
5.375 9.33693 0
5.38 9.32639 0
5.385 9.31583 0
5.39 9.30527 0
5.395 9.29469 0
5.4 9.28411 0
5.405 9.27351 0
5.41 9.26291 0
5.415 9.25229 0
5.42 9.24167 0
5.425 9.23103 0
5.43 9.22039 0
5.435 9.20974 0
5.44 9.19907 0
5.445 9.1884 0
5.45 9.17772 0
5.455 9.16702 0
5.46 9.15632 0
5.465 9.14561 0
5.47 9.13489 0
5.475 9.12415 0
5.48 9.11341 0
5.485 9.10266 0
5.49 9.0919 0
5.495 9.08113 0
5.5 9.07035 0
5.505 9.05955 0
5.51 9.04875 0
5.515 9.03794 0
5.52 9.02712 0
5.525 9.01629 0
5.53 9.00545 0
5.535 8.9946 0
5.54 8.98374 0
5.545 8.97287 0
5.55 8.96199 0
5.555 8.9511 0
5.56 8.94021 0
5.565 8.9293 0
5.57 8.91838 0
5.575 8.90745 0
5.58 8.89651 0
5.585 8.88556 0
5.59 8.87461 0
5.595 8.86364 0
5.6 8.85266 0
5.605 8.84167 0
5.61 8.83068 0
5.615 8.81967 0
5.62 8.80865 0
5.625 8.79763 0
5.63 8.78659 0
5.635 8.77555 0
5.64 8.76449 0
5.645 8.75342 0
5.65 8.74235 0
5.655 8.73126 0
5.66 8.72017 0
5.665 8.70906 0
5.67 8.69795 0
5.675 8.68682 0
5.68 8.67569 0
5.685 8.66455 0
5.69 8.65339 0
5.695 8.64223 0
5.7 8.63105 0
5.705 8.61987 0
5.71 8.60868 0
5.715 8.59747 0
5.72 8.58626 0
5.725 8.57504 0
5.73 8.56381 0
5.735 8.55256 0
5.74 8.54131 0
5.745 8.53005 0
5.75 8.51878 0
5.755 8.5075 0
5.76 8.49621 0
5.765 8.4849 0
5.77 8.47359 0
5.775 8.46227 0
5.78 8.45094 0
5.785 8.4396 0
5.79 8.42825 0
5.795 8.41689 0
5.8 8.40552 0
5.805 8.39414 0
5.81 8.38275 0
5.815 8.37135 0
5.82 8.35994 0
5.825 8.34853 0
5.83 8.3371 0
5.835 8.32566 0
5.84 8.31421 0
5.845 8.30275 0
5.85 8.29128 0
5.855 8.27981 0
5.86 8.26832 0
5.865 8.25682 0
5.87 8.24531 0
5.875 8.2338 0
5.88 8.22227 0
5.885 8.21073 0
5.89 8.19919 0
5.895 8.18763 0
5.9 8.17607 0
5.905 8.16449 0
5.91 8.1529 0
5.915 8.14131 0
5.92 8.1297 0
5.925 8.11809 0
5.93 8.10646 0
5.935 8.09483 0
5.94 8.08318 0
5.945 8.07153 0
5.95 8.05987 0
5.955 8.04819 0
5.96 8.03651 0
5.965 8.02482 0
5.97 8.01311 0
5.975 8.0014 0
5.98 7.98968 0
5.985 7.97794 0
5.99 7.9662 0
5.995 7.95445 0
6 7.94269 0
6.005 7.93091 0
6.01 7.91913 0
6.015 7.90734 0
6.02 7.89554 0
6.025 7.88373 0
6.03 7.87191 0
6.035 7.86008 0
6.04 7.84824 0
6.045 7.83638 0
6.05 7.82452 0
6.055 7.81265 0
6.06 7.80077 0
6.065 7.78888 0
6.07 7.77699 0
6.075 7.76508 0
6.08 7.75316 0
6.085 7.74123 0
6.09 7.72929 0
6.095 7.71734 0
6.1 7.70538 0
6.105 7.69341 0
6.11 7.68144 0
6.115 7.66945 0
6.12 7.65745 0
6.125 7.64544 0
6.13 7.63343 0
6.135 7.6214 0
6.14 7.60936 0
6.145 7.59732 0
6.15 7.58526 0
6.155 7.57319 0
6.16 7.56112 0
6.165 7.54903 0
6.17 7.53693 0
6.175 7.52483 0
6.18 7.51271 0
6.185 7.50059 0
6.19 7.48845 0
6.195 7.47631 0
6.2 7.46415 0
6.205 7.45199 0
6.21 7.43982 0
6.215 7.42763 0
6.22 7.41544 0
6.225 7.40323 0
6.23 7.39102 0
6.235 7.3788 0
6.24 7.36656 0
6.245 7.35432 0
6.25 7.34207 0
6.255 7.32981 0
6.26 7.31753 0
6.265 7.30525 0
6.27 7.29296 0
6.275 7.28066 0
6.28 7.26835 0
6.285 7.25603 0
6.29 7.24369 0
6.295 7.23135 0
6.3 7.219 0
6.305 7.20664 0
6.31 7.19427 0
6.315 7.18189 0
6.32 7.1695 0
6.325 7.1571 0
6.33 7.14469 0
6.335 7.13227 0
6.34 7.11984 0
6.345 7.1074 0
6.35 7.09495 0
6.355 7.0825 0
6.36 7.07003 0
6.365 7.05755 0
6.37 7.04506 0
6.375 7.03256 0
6.38 7.02006 0
6.385 7.00754 0
6.39 6.99501 0
6.395 6.98247 0
6.4 6.96993 0
6.405 6.95737 0
6.41 6.9448 0
6.415 6.93223 0
6.42 6.91964 0
6.425 6.90704 0
6.43 6.89444 0
6.435 6.88182 0
6.44 6.8692 0
6.445 6.85656 0
6.45 6.84392 0
6.455 6.83126 0
6.46 6.8186 0
6.465 6.80592 0
6.47 6.79324 0
6.475 6.78054 0
6.48 6.76784 0
6.485 6.75513 0
6.49 6.7424 0
6.495 6.72967 0
6.5 6.71693 0
6.505 6.70417 0
6.51 6.69141 0
6.515 6.67864 0
6.52 6.66586 0
6.525 6.65306 0
6.53 6.64026 0
6.535 6.62745 0
6.54 6.61463 0
6.545 6.6018 0
6.55 6.58896 0
6.555 6.5761 0
6.56 6.56324 0
6.565 6.55037 0
6.57 6.53749 0
6.575 6.5246 0
6.58 6.5117 0
6.585 6.49879 0
6.59 6.48587 0
6.595 6.47294 0
6.6 6.46 0
6.605 6.44705 0
6.61 6.43409 0
6.615 6.42113 0
6.62 6.40815 0
6.625 6.39516 0
6.63 6.38216 0
6.635 6.36915 0
6.64 6.35613 0
6.645 6.34311 0
6.65 6.33007 0
6.655 6.31702 0
6.66 6.30396 0
6.665 6.2909 0
6.67 6.27782 0
6.675 6.26473 0
6.68 6.25164 0
6.685 6.23853 0
6.69 6.22542 0
6.695 6.21229 0
6.7 6.19915 0
6.705 6.18601 0
6.71 6.17285 0
6.715 6.15969 0
6.72 6.14651 0
6.725 6.13333 0
6.73 6.12014 0
6.735 6.10693 0
6.74 6.09372 0
6.745 6.08049 0
6.75 6.06726 0
6.755 6.05402 0
6.76 6.04076 0
6.765 6.0275 0
6.77 6.01423 0
6.775 6.00094 0
6.78 5.98765 0
6.785 5.97435 0
6.79 5.96104 0
6.795 5.94771 0
6.8 5.93438 0
6.805 5.92104 0
6.81 5.90769 0
6.815 5.89433 0
6.82 5.88096 0
6.825 5.86758 0
6.83 5.85419 0
6.835 5.84079 0
6.84 5.82738 0
6.845 5.81396 0
6.85 5.80053 0
6.855 5.78709 0
6.86 5.77364 0
6.865 5.76018 0
6.87 5.74671 0
6.875 5.73323 0
6.88 5.71974 0
6.885 5.70624 0
6.89 5.69273 0
6.895 5.67921 0
6.9 5.66569 0
6.905 5.65215 0
6.91 5.6386 0
6.915 5.62504 0
6.92 5.61148 0
6.925 5.5979 0
6.93 5.58431 0
6.935 5.57072 0
6.94 5.55711 0
6.945 5.54349 0
6.95 5.52987 0
6.955 5.51623 0
6.96 5.50259 0
6.965 5.48893 0
6.97 5.47526 0
6.975 5.46159 0
6.98 5.4479 0
6.985 5.43421 0
6.99 5.42051 0
6.995 5.40679 0
7 5.39307 0
7.005 5.37933 0
7.01 5.36559 0
7.015 5.35184 0
7.02 5.33807 0
7.025 5.3243 0
7.03 5.31052 0
7.035 5.29672 0
7.04 5.28292 0
7.045 5.26911 0
7.05 5.25529 0
7.055 5.24145 0
7.06 5.22761 0
7.065 5.21376 0
7.07 5.1999 0
7.075 5.18603 0
7.08 5.17215 0
7.085 5.15825 0
7.09 5.14435 0
7.095 5.13044 0
7.1 5.11652 0
7.105 5.10259 0
7.11 5.08865 0
7.115 5.0747 0
7.12 5.06074 0
7.125 5.04677 0
7.13 5.03279 0
7.135 5.01881 0
7.14 5.00481 0
7.145 4.9908 0
7.15 4.97678 0
7.155 4.96275 0
7.16 4.94871 0
7.165 4.93467 0
7.17 4.92061 0
7.175 4.90654 0
7.18 4.89246 0
7.185 4.87838 0
7.19 4.86428 0
7.195 4.85017 0
7.2 4.83606 0
7.205 4.82193 0
7.21 4.80779 0
7.215 4.79365 0
7.22 4.77949 0
7.225 4.76533 0
7.23 4.75115 0
7.235 4.73696 0
7.24 4.72277 0
7.245 4.70856 0
7.25 4.69435 0
7.255 4.68013 0
7.26 4.66589 0
7.265 4.65165 0
7.27 4.63739 0
7.275 4.62313 0
7.28 4.60886 0
7.285 4.59457 0
7.29 4.58028 0
7.295 4.56598 0
7.3 4.55166 0
7.305 4.53734 0
7.31 4.52301 0
7.315 4.50867 0
7.32 4.49431 0
7.325 4.47995 0
7.33 4.46558 0
7.335 4.4512 0
7.34 4.43681 0
7.345 4.42241 0
7.35 4.408 0
7.355 4.39358 0
7.36 4.37914 0
7.365 4.3647 0
7.37 4.35025 0
7.375 4.33579 0
7.38 4.32132 0
7.385 4.30684 0
7.39 4.29236 0
7.395 4.27786 0
7.4 4.26335 0
7.405 4.24883 0
7.41 4.2343 0
7.415 4.21976 0
7.42 4.20521 0
7.425 4.19066 0
7.43 4.17609 0
7.435 4.16151 0
7.44 4.14692 0
7.445 4.13233 0
7.45 4.11772 0
7.455 4.1031 0
7.46 4.08847 0
7.465 4.07384 0
7.47 4.05919 0
7.475 4.04454 0
7.48 4.02987 0
7.485 4.01519 0
7.49 4.00051 0
7.495 3.98581 0
7.5 3.97111 0
7.505 3.95639 0
7.51 3.94167 0
7.515 3.92693 0
7.52 3.91219 0
7.525 3.89743 0
7.53 3.88267 0
7.535 3.8679 0
7.54 3.85311 0
7.545 3.83832 0
7.55 3.82352 0
7.555 3.8087 0
7.56 3.79388 0
7.565 3.77905 0
7.57 3.7642 0
7.575 3.74935 0
7.58 3.73449 0
7.585 3.71962 0
7.59 3.70474 0
7.595 3.68984 0
7.6 3.67494 0
7.605 3.66003 0
7.61 3.64511 0
7.615 3.63018 0
7.62 3.61524 0
7.625 3.60029 0
7.63 3.58533 0
7.635 3.57036 0
7.64 3.55538 0
7.645 3.54039 0
7.65 3.52539 0
7.655 3.51038 0
7.66 3.49536 0
7.665 3.48033 0
7.67 3.46529 0
7.675 3.45025 0
7.68 3.43519 0
7.685 3.42012 0
7.69 3.40504 0
7.695 3.38995 0
7.7 3.37486 0
7.705 3.35975 0
7.71 3.34463 0
7.715 3.3295 0
7.72 3.31437 0
7.725 3.29922 0
7.73 3.28406 0
7.735 3.2689 0
7.74 3.25372 0
7.745 3.23854 0
7.75 3.22334 0
7.755 3.20813 0
7.76 3.19292 0
7.765 3.17769 0
7.77 3.16246 0
7.775 3.14721 0
7.78 3.13196 0
7.785 3.1167 0
7.79 3.10142 0
7.795 3.08614 0
7.8 3.07084 0
7.805 3.05554 0
7.81 3.04023 0
7.815 3.0249 0
7.82 3.00957 0
7.825 2.99423 0
7.83 2.97888 0
7.835 2.96351 0
7.84 2.94814 0
7.845 2.93276 0
7.85 2.91737 0
7.855 2.90196 0
7.86 2.88655 0
7.865 2.87113 0
7.87 2.8557 0
7.875 2.84026 0
7.88 2.82481 0
7.885 2.80935 0
7.89 2.79388 0
7.895 2.7784 0
7.9 2.76291 0
7.905 2.74741 0
7.91 2.7319 0
7.915 2.71638 0
7.92 2.70085 0
7.925 2.68531 0
7.93 2.66976 0
7.935 2.6542 0
7.94 2.63863 0
7.945 2.62306 0
7.95 2.60747 0
7.955 2.59187 0
7.96 2.57626 0
7.965 2.56065 0
7.97 2.54502 0
7.975 2.52938 0
7.98 2.51373 0
7.985 2.49808 0
7.99 2.48241 0
7.995 2.46673 0
8 2.45105 0
8.005 2.43535 0
8.01 2.41965 0
8.015 2.40393 0
8.02 2.38821 0
8.025 2.37247 0
8.03 2.35672 0
8.035 2.34097 0
8.04 2.32521 0
8.045 2.30943 0
8.05 2.29365 0
8.055 2.27785 0
8.06 2.26205 0
8.065 2.24623 0
8.07 2.23041 0
8.075 2.21458 0
8.08 2.19873 0
8.085 2.18288 0
8.09 2.16702 0
8.095 2.15115 0
8.1 2.13526 0
8.105 2.11937 0
8.11 2.10347 0
8.115 2.08756 0
8.12 2.07164 0
8.125 2.05571 0
8.13 2.03976 0
8.135 2.02381 0
8.14 2.00785 0
8.145 1.99188 0
8.15 1.9759 0
8.155 1.95991 0
8.16 1.94391 0
8.165 1.9279 0
8.17 1.91188 0
8.175 1.89585 0
8.18 1.87981 0
8.185 1.86376 0
8.19 1.8477 0
8.195 1.83163 0
8.2 1.81556 0
8.205 1.79947 0
8.21 1.78337 0
8.215 1.76726 0
8.22 1.75114 0
8.225 1.73502 0
8.23 1.71888 0
8.235 1.70273 0
8.24 1.68657 0
8.245 1.67041 0
8.25 1.65423 0
8.255 1.63804 0
8.26 1.62185 0
8.265 1.60564 0
8.27 1.58943 0
8.275 1.5732 0
8.28 1.55696 0
8.285 1.54072 0
8.29 1.52446 0
8.295 1.5082 0
8.3 1.49192 0
8.305 1.47564 0
8.31 1.45935 0
8.315 1.44304 0
8.32 1.42673 0
8.325 1.4104 0
8.33 1.39407 0
8.335 1.37773 0
8.34 1.36137 0
8.345 1.34501 0
8.35 1.32864 0
8.355 1.31225 0
8.36 1.29586 0
8.365 1.27946 0
8.37 1.26305 0
8.375 1.24663 0
8.38 1.23019 0
8.385 1.21375 0
8.39 1.1973 0
8.395 1.18084 0
8.4 1.16437 0
8.405 1.14789 0
8.41 1.1314 0
8.415 1.1149 0
8.42 1.09839 0
8.425 1.08187 0
8.43 1.06534 0
8.435 1.0488 0
8.44 1.03225 0
8.445 1.01569 0
8.45 0.999119 0
8.455 0.98254 0
8.46 0.965951 0
8.465 0.949353 0
8.47 0.932744 0
8.475 0.916126 0
8.48 0.899498 0
8.485 0.882861 0
8.49 0.866213 0
8.495 0.849556 0
8.5 0.832889 0
8.505 0.816212 0
8.51 0.799525 0
8.515 0.782828 0
8.52 0.766122 0
8.525 0.749405 0
8.53 0.732679 0
8.535 0.715943 0
8.54 0.699198 0
8.545 0.682442 0
8.55 0.665677 0
8.555 0.648902 0
8.56 0.632117 0
8.565 0.615322 0
8.57 0.598518 0
8.575 0.581703 0
8.58 0.564879 0
8.585 0.548045 0
8.59 0.531202 0
8.595 0.514348 0
8.6 0.497485 0
8.605 0.480611 0
8.61 0.463728 0
8.615 0.446836 0
8.62 0.429933 0
8.625 0.413021 0
8.63 0.396098 0
8.635 0.379166 0
8.64 0.362224 0
8.645 0.345273 0
8.65 0.328311 0
8.655 0.31134 0
8.66 0.294359 0
8.665 0.277368 0
8.67 0.260367 0
8.675 0.243357 0
8.68 0.226336 0
8.685 0.209306 0
8.69 0.192266 0
8.695 0.175216 0
8.7 0.158157 0
8.705 0.141087 0
8.71 0.124008 0
8.715 0.106919 0
8.72 0.0898202 0
8.725 0.0727116 0
8.73 0.0555932 0
8.735 0.0384649 0
8.74 0.0213268 0
8.745 0.00417894 0
8.75 -0.0129787 0
8.755 -0.0301462 0
8.76 -0.0473236 0
8.765 -0.0645107 0
8.77 -0.0817076 0
8.775 -0.0989143 0
8.78 -0.116131 0
8.785 -0.133357 0
8.79 -0.150593 0
8.795 -0.167839 0
8.8 -0.185095 0
8.805 -0.202361 0
8.81 -0.219636 0
8.815 -0.236921 0
8.82 -0.254216 0
8.825 -0.271521 0
8.83 -0.288836 0
8.835 -0.30616 0
8.84 -0.323495 0
8.845 -0.340839 0
8.85 -0.358193 0
8.855 -0.375556 0
8.86 -0.39293 0
8.865 -0.410313 0
8.87 -0.427706 0
8.875 -0.445109 0
8.88 -0.462522 0
8.885 -0.479945 0
8.89 -0.497377 0
8.895 -0.514819 0
8.9 -0.532271 0
8.905 -0.549733 0
8.91 -0.567205 0
8.915 -0.584686 0
8.92 -0.602177 0
8.925 -0.619678 0
8.93 -0.637189 0
8.935 -0.65471 0
8.94 -0.67224 0
8.945 -0.68978 0
8.95 -0.707331 0
8.955 -0.72489 0
8.96 -0.74246 0
8.965 -0.76004 0
8.97 -0.777629 0
8.975 -0.795228 0
8.98 -0.812837 0
8.985 -0.830456 0
8.99 -0.848084 0
8.995 -0.865723 0
9 -0.883371 0
9.005 -0.901029 0
9.01 -0.918697 0
9.015 -0.936374 0
9.02 -0.954062 0
9.025 -0.971759 0
9.03 -0.989466 0
9.035 -1.00718 0
9.04 -1.02491 0
9.045 -1.04265 0
9.05 -1.06039 0
9.055 -1.07815 0
9.06 -1.09591 0
9.065 -1.11369 0
9.07 -1.13148 0
9.075 -1.14927 0
9.08 -1.16708 0
9.085 -1.18489 0
9.09 -1.20272 0
9.095 -1.22055 0
9.1 -1.23839 0
9.105 -1.25625 0
9.11 -1.27411 0
9.115 -1.29199 0
9.12 -1.30987 0
9.125 -1.32776 0
9.13 -1.34567 0
9.135 -1.36358 0
9.14 -1.3815 0
9.145 -1.39944 0
9.15 -1.41738 0
9.155 -1.43533 0
9.16 -1.45329 0
9.165 -1.47126 0
9.17 -1.48925 0
9.175 -1.50724 0
9.18 -1.52524 0
9.185 -1.54325 0
9.19 -1.56127 0
9.195 -1.5793 0
9.2 -1.59734 0
9.205 -1.61539 0
9.21 -1.63345 0
9.215 -1.65152 0
9.22 -1.6696 0
9.225 -1.68769 0
9.23 -1.70579 0
9.235 -1.7239 0
9.24 -1.74202 0
9.245 -1.76015 0
9.25 -1.77829 0
9.255 -1.79644 0
9.26 -1.8146 0
9.265 -1.83276 0
9.27 -1.85094 0
9.275 -1.86913 0
9.28 -1.88733 0
9.285 -1.90553 0
9.29 -1.92375 0
9.295 -1.94198 0
9.3 -1.96021 0
9.305 -1.97846 0
9.31 -1.99672 0
9.315 -2.01498 0
9.32 -2.03326 0
9.325 -2.05155 0
9.33 -2.06984 0
9.335 -2.08815 0
9.34 -2.10646 0
9.345 -2.12479 0
9.35 -2.14312 0
9.355 -2.16147 0
9.36 -2.17982 0
9.365 -2.19819 0
9.37 -2.21656 0
9.375 -2.23494 0
9.38 -2.25334 0
9.385 -2.27174 0
9.39 -2.29015 0
9.395 -2.30858 0
9.4 -2.32701 0
9.405 -2.34545 0
9.41 -2.36391 0
9.415 -2.38237 0
9.42 -2.40084 0
9.425 -2.41932 0
9.43 -2.43781 0
9.435 -2.45632 0
9.44 -2.47483 0
9.445 -2.49335 0
9.45 -2.51188 0
9.455 -2.53042 0
9.46 -2.54897 0
9.465 -2.56753 0
9.47 -2.5861 0
9.475 -2.60468 0
9.48 -2.62327 0
9.485 -2.64187 0
9.49 -2.66048 0
9.495 -2.6791 0
9.5 -2.69773 0
9.505 -2.71637 0
9.51 -2.73502 0
9.515 -2.75368 0
9.52 -2.77235 0
9.525 -2.79102 0
9.53 -2.80971 0
9.535 -2.82841 0
9.54 -2.84712 0
9.545 -2.86583 0
9.55 -2.88456 0
9.555 -2.9033 0
9.56 -2.92205 0
9.565 -2.9408 0
9.57 -2.95957 0
9.575 -2.97835 0
9.58 -2.99713 0
9.585 -3.01593 0
9.59 -3.03473 0
9.595 -3.05355 0
9.6 -3.07237 0
9.605 -3.09121 0
9.61 -3.11005 0
9.615 -3.12891 0
9.62 -3.14777 0
9.625 -3.16665 0
9.63 -3.18553 0
9.635 -3.20443 0
9.64 -3.22333 0
9.645 -3.24224 0
9.65 -3.26117 0
9.655 -3.2801 0
9.66 -3.29904 0
9.665 -3.318 0
9.67 -3.33696 0
9.675 -3.35593 0
9.68 -3.37491 0
9.685 -3.39391 0
9.69 -3.41291 0
9.695 -3.43192 0
9.7 -3.45094 0
9.705 -3.46997 0
9.71 -3.48901 0
9.715 -3.50807 0
9.72 -3.52713 0
9.725 -3.5462 0
9.73 -3.56528 0
9.735 -3.58437 0
9.74 -3.60347 0
9.745 -3.62258 0
9.75 -3.6417 0
9.755 -3.66083 0
9.76 -3.67997 0
9.765 -3.69912 0
9.77 -3.71827 0
9.775 -3.73744 0
9.78 -3.75662 0
9.785 -3.77581 0
9.79 -3.79501 0
9.795 -3.81422 0
9.8 -3.83343 0
9.805 -3.85266 0
9.81 -3.8719 0
9.815 -3.89115 0
9.82 -3.9104 0
9.825 -3.92967 0
9.83 -3.94895 0
9.835 -3.96823 0
9.84 -3.98753 0
9.845 -4.00684 0
9.85 -4.02615 0
9.855 -4.04548 0
9.86 -4.06481 0
9.865 -4.08416 0
9.87 -4.10351 0
9.875 -4.12288 0
9.88 -4.14225 0
9.885 -4.16164 0
9.89 -4.18103 0
9.895 -4.20044 0
9.9 -4.21985 0
9.905 -4.23927 0
9.91 -4.25871 0
9.915 -4.27815 0
9.92 -4.2976 0
9.925 -4.31707 0
9.93 -4.33654 0
9.935 -4.35602 0
9.94 -4.37552 0
9.945 -4.39502 0
9.95 -4.41453 0
9.955 -4.43405 0
9.96 -4.45358 0
9.965 -4.47312 0
9.97 -4.49268 0
9.975 -4.51224 0
9.98 -4.53181 0
9.985 -4.55139 0
9.99 -4.57098 0
9.995 -4.59058 0
10 -4.61019 0
10.005 -4.62981 0
10.01 -4.64944 0
10.015 -4.66908 0
10.02 -4.68873 0
10.025 -4.70839 0
10.03 -4.72806 0
10.035 -4.74774 0
10.04 -4.76742 0
10.045 -4.78712 0
10.05 -4.80683 0
10.055 -4.82655 0
10.06 -4.84628 0
10.065 -4.86602 0
10.07 -4.88576 0
10.075 -4.90552 0
10.08 -4.92529 0
10.085 -4.94506 0
10.09 -4.96485 0
10.095 -4.98465 0
10.1 -5.00445 0
10.105 -5.02427 0
10.11 -5.0441 0
10.115 -5.06393 0
10.12 -5.08378 0
10.125 -5.10363 0
10.13 -5.1235 0
10.135 -5.14337 0
10.14 -5.16326 0
10.145 -5.18315 0
10.15 -5.20306 0
10.155 -5.22297 0
10.16 -5.2429 0
10.165 -5.26283 0
10.17 -5.28277 0
10.175 -5.30273 0
10.18 -5.32269 0
10.185 -5.34266 0
10.19 -5.36265 0
10.195 -5.38264 0
10.2 -5.40264 0
10.205 -5.42265 0
10.21 -5.44268 0
10.215 -5.46271 0
10.22 -5.48275 0
10.225 -5.5028 0
10.23 -5.52286 0
10.235 -5.54293 0
10.24 -5.56302 0
10.245 -5.58311 0
10.25 -5.60321 0
10.255 -5.62332 0
10.26 -5.64344 0
10.265 -5.66357 0
10.27 -5.68371 0
10.275 -5.70386 0
10.28 -5.72402 0
10.285 -5.74419 0
10.29 -5.76437 0
10.295 -5.78455 0
10.3 -5.80475 0
10.305 -5.82496 0
10.31 -5.84518 0
10.315 -5.86541 0
10.32 -5.88565 0
10.325 -5.90589 0
10.33 -5.92615 0
10.335 -5.94642 0
10.34 -5.9667 0
10.345 -5.98698 0
10.35 -6.00728 0
10.355 -6.02759 0
10.36 -6.0479 0
10.365 -6.06823 0
10.37 -6.08857 0
10.375 -6.10891 0
10.38 -6.12927 0
10.385 -6.14963 0
10.39 -6.17001 0
10.395 -6.19039 0
10.4 -6.21079 0
10.405 -6.23119 0
10.41 -6.25161 0
10.415 -6.27203 0
10.42 -6.29247 0
10.425 -6.31291 0
10.43 -6.33337 0
10.435 -6.35383 0
10.44 -6.3743 0
10.445 -6.39479 0
10.45 -6.41528 0
10.455 -6.43578 0
10.46 -6.45629 0
10.465 -6.47682 0
10.47 -6.49735 0
10.475 -6.51789 0
10.48 -6.53844 0
10.485 -6.55901 0
10.49 -6.57958 0
10.495 -6.60016 0
10.5 -6.62075 0
10.505 -6.64135 0
10.51 -6.66196 0
10.515 -6.68258 0
10.52 -6.70321 0
10.525 -6.72385 0
10.53 -6.7445 0
10.535 -6.76516 0
10.54 -6.78583 0
10.545 -6.80651 0
10.55 -6.8272 0
10.555 -6.8479 0
10.56 -6.86861 0
10.565 -6.88933 0
10.57 -6.91006 0
10.575 -6.93079 0
10.58 -6.95154 0
10.585 -6.9723 0
10.59 -6.99307 0
10.595 -7.01385 0
10.6 -7.03463 0
10.605 -7.05543 0
10.61 -7.07624 0
10.615 -7.09705 0
10.62 -7.11788 0
10.625 -7.13872 0
10.63 -7.15956 0
10.635 -7.18042 0
10.64 -7.20129 0
10.645 -7.22216 0
10.65 -7.24305 0
10.655 -7.26394 0
10.66 -7.28485 0
10.665 -7.30576 0
10.67 -7.32669 0
10.675 -7.34762 0
10.68 -7.36857 0
10.685 -7.38952 0
10.69 -7.41048 0
10.695 -7.43146 0
10.7 -7.45244 0
10.705 -7.47343 0
10.71 -7.49444 0
10.715 -7.51545 0
10.72 -7.53647 0
10.725 -7.55751 0
10.73 -7.57855 0
10.735 -7.5996 0
10.74 -7.62066 0
10.745 -7.64174 0
10.75 -7.66282 0
10.755 -7.68391 0
10.76 -7.70501 0
10.765 -7.72612 0
10.77 -7.74724 0
10.775 -7.76837 0
10.78 -7.78951 0
10.785 -7.81066 0
10.79 -7.83182 0
10.795 -7.85299 0
10.8 -7.87417 0
10.805 -7.89536 0
10.81 -7.91656 0
10.815 -7.93777 0
10.82 -7.95899 0
10.825 -7.98022 0
10.83 -8.00146 0
10.835 -8.02271 0
10.84 -8.04396 0
10.845 -8.06523 0
10.85 -8.08651 0
10.855 -8.1078 0
10.86 -8.1291 0
10.865 -8.1504 0
10.87 -8.17172 0
10.875 -8.19305 0
10.88 -8.21438 0
10.885 -8.23573 0
10.89 -8.25709 0
10.895 -8.27845 0
10.9 -8.29983 0
10.905 -8.32121 0
10.91 -8.34261 0
10.915 -8.36402 0
10.92 -8.38543 0
10.925 -8.40686 0
10.93 -8.42829 0
10.935 -8.44974 0
10.94 -8.47119 0
10.945 -8.49265 0
10.95 -8.51413 0
10.955 -8.53561 0
10.96 -8.55711 0
10.965 -8.57861 0
10.97 -8.60012 0
10.975 -8.62165 0
10.98 -8.64318 0
10.985 -8.66472 0
10.99 -8.68627 0
10.995 -8.70784 0
11 -8.72941 0
11.005 -8.75099 0
11.01 -8.77258 0
11.015 -8.79418 0
11.02 -8.8158 0
11.025 -8.83742 0
11.03 -8.85905 0
11.035 -8.88069 0
11.04 -8.90234 0
11.045 -8.924 0
11.05 -8.94567 0
11.055 -8.96735 0
11.06 -8.98904 0
11.065 -9.01074 0
11.07 -9.03245 0
11.075 -9.05417 0
11.08 -9.0759 0
11.085 -9.09764 0
11.09 -9.11939 0
11.095 -9.14114 0
11.1 -9.16291 0
11.105 -9.18469 0
11.11 -9.20648 0
11.115 -9.22828 0
11.12 -9.25008 0
11.125 -9.2719 0
11.13 -9.29373 0
11.135 -9.31557 0
11.14 -9.33741 0
11.145 -9.35927 0
11.15 -9.38114 0
11.155 -9.40301 0
11.16 -9.4249 0
11.165 -9.44679 0
11.17 -9.4687 0
11.175 -9.49062 0
11.179 -9.5 -1.84353e-18
11.1824 -9.49994 -3.17346e-18
11.1857 -9.49988 -4.50323e-18
11.189 -9.49983 -5.83301e-18
11.1924 -9.4998 -7.16278e-18
11.1957 -9.49977 -8.49256e-18
11.199 -9.49976 -9.82233e-18
11.2024 -9.49975 -1.11521e-17
11.2057 -9.49975 -1.24819e-17
11.209 -9.49977 -1.38117e-17
11.2124 -9.49979 -1.51414e-17
11.2157 -9.49982 -1.64712e-17
11.219 -9.49987 -1.7801e-17
11.2224 -9.49992 -1.91308e-17
