0.5 15.5 0 0 0 0 0.1
1 15.9019 0 0 0 0 0.2
1.5 16.2057 0 0 0 0 0.3
2 16.4114 0 0 0 0 0.4
2.5 16.519 0 0 0 0 0.5
3 16.5285 0 0 0 0 0.6
3.5 16.4399 0 0 0 0 0.7
4 16.2532 0 0 0 0 0.8
4.5 15.9684 0 0 0 0 0.9
5 15.5855 0 0 0 0 1
5.5 15.1045 0 0 0 0 1.1
6 14.5254 0 0 0 0 1.2
6.5 13.8482 0 0 0 0 1.3
7 13.0729 0 0 0 0 1.4
7.5 12.1995 0 0 0 0 1.5
8 11.228 0 0 0 0 1.6
8.5 10.1584 0 0 0 0 1.7
9 8.9907 0 0 0 0 1.8
9.5 7.7249 0 0 0 0 1.9
10 6.361 0 0 0 0 2
10.5 4.899 0 0 0 0 2.1
11 3.3389 0 0 0 0 2.2
11.5 1.6807 0 0 0 0 2.3
12 -0.0756 0 0 0 0 2.4
12.5 -1.93 0 0 0 0 2.5
13 -3.8825 0 0 0 0 2.6
13.5 -5.9331 0 0 0 0 2.7
14 -8.0818 0 0 0 0 2.8
14.5 -10.3286 0 0 0 0 2.9
14.8333 -9.99467 -2.89894e-16 7.94781e-19 -4.89433e-12 -0.99955 3
