0.05 15.05 0 0 0 0 0.01
0.1 15.099 0 0 0 0 0.02
0.15 15.1471 0 0 0 0 0.03
0.2 15.1941 0 0 0 0 0.04
0.25 15.2402 0 0 0 0 0.05
0.3 15.2853 0 0 0 0 0.06
0.35 15.3294 0 0 0 0 0.07
0.4 15.3725 0 0 0 0 0.08
0.45 15.4147 0 0 0 0 0.09
0.5 15.4559 0 0 0 0 0.1
0.55 15.496 0 0 0 0 0.11
0.6 15.5353 0 0 0 0 0.12
0.65 15.5735 0 0 0 0 0.13
0.7 15.6107 0 0 0 0 0.14
0.75 15.647 0 0 0 0 0.15
0.8 15.6823 0 0 0 0 0.16
0.85 15.7166 0 0 0 0 0.17
0.9 15.7499 0 0 0 0 0.18
0.95 15.7822 0 0 0 0 0.19
1 15.8136 0 0 0 0 0.2
1.05 15.844 0 0 0 0 0.21
1.1 15.8734 0 0 0 0 0.22
1.15 15.9018 0 0 0 0 0.23
1.2 15.9292 0 0 0 0 0.24
1.25 15.9557 0 0 0 0 0.25
1.3 15.9812 0 0 0 0 0.26
1.35 16.0057 0 0 0 0 0.27
1.4 16.0292 0 0 0 0 0.28
1.45 16.0517 0 0 0 0 0.29
1.5 16.0733 0 0 0 0 0.3
1.55 16.0938 0 0 0 0 0.31
1.6 16.1134 0 0 0 0 0.32
1.65 16.132 0 0 0 0 0.33
1.7 16.1497 0 0 0 0 0.34
1.75 16.1663 0 0 0 0 0.35
1.8 16.182 0 0 0 0 0.36
1.85 16.1967 0 0 0 0 0.37
1.9 16.2104 0 0 0 0 0.38
1.95 16.2231 0 0 0 0 0.39
2 16.2348 0 0 0 0 0.4
2.05 16.2456 0 0 0 0 0.41
2.1 16.2554 0 0 0 0 0.42
2.15 16.2642 0 0 0 0 0.43
2.2 16.272 0 0 0 0 0.44
2.25 16.2788 0 0 0 0 0.45
2.3 16.2847 0 0 0 0 0.46
2.35 16.2895 0 0 0 0 0.47
2.4 16.2934 0 0 0 0 0.48
2.45 16.2963 0 0 0 0 0.49
2.5 16.2983 0 0 0 0 0.5
2.55 16.2992 0 0 0 0 0.51
2.6 16.2992 0 0 0 0 0.52
2.65 16.2982 0 0 0 0 0.53
2.7 16.2962 0 0 0 0 0.54
2.75 16.2932 0 0 0 0 0.55
2.8 16.2893 0 0 0 0 0.56
2.85 16.2843 0 0 0 0 0.57
2.9 16.2784 0 0 0 0 0.58
2.95 16.2715 0 0 0 0 0.59
3 16.2636 0 0 0 0 0.6
3.05 16.2548 0 0 0 0 0.61
3.1 16.2449 0 0 0 0 0.62
3.15 16.2341 0 0 0 0 0.63
3.2 16.2223 0 0 0 0 0.64
3.25 16.2095 0 0 0 0 0.65
3.3 16.1958 0 0 0 0 0.66
3.35 16.181 0 0 0 0 0.67
3.4 16.1653 0 0 0 0 0.68
3.45 16.1486 0 0 0 0 0.69
3.5 16.1309 0 0 0 0 0.7
3.55 16.1122 0 0 0 0 0.71
3.6 16.0926 0 0 0 0 0.72
3.65 16.0719 0 0 0 0 0.73
3.7 16.0503 0 0 0 0 0.74
3.75 16.0277 0 0 0 0 0.75
3.8 16.0042 0 0 0 0 0.76
3.85 15.9796 0 0 0 0 0.77
3.9 15.9541 0 0 0 0 0.78
3.95 15.9275 0 0 0 0 0.79
4 15.9 0 0 0 0 0.8
4.05 15.8716 0 0 0 0 0.81
4.1 15.8421 0 0 0 0 0.82
4.15 15.8117 0 0 0 0 0.83
4.2 15.7802 0 0 0 0 0.84
4.25 15.7478 0 0 0 0 0.85
4.3 15.7144 0 0 0 0 0.86
4.35 15.6801 0 0 0 0 0.87
4.4 15.6447 0 0 0 0 0.88
4.45 15.6084 0 0 0 0 0.89
4.5 15.5711 0 0 0 0 0.9
4.55 15.5328 0 0 0 0 0.91
4.6 15.4935 0 0 0 0 0.92
4.65 15.4533 0 0 0 0 0.93
4.7 15.412 0 0 0 0 0.94
4.75 15.3698 0 0 0 0 0.95
4.8 15.3266 0 0 0 0 0.96
4.85 15.2825 0 0 0 0 0.97
4.9 15.2373 0 0 0 0 0.98
4.95 15.1912 0 0 0 0 0.99
5 15.1441 0 0 0 0 1
5.05 15.096 0 0 0 0 1.01
5.1 15.0469 0 0 0 0 1.02
5.15 14.9968 0 0 0 0 1.03
5.2 14.9458 0 0 0 0 1.04
5.25 14.8937 0 0 0 0 1.05
5.3 14.8407 0 0 0 0 1.06
5.35 14.7867 0 0 0 0 1.07
5.4 14.7318 0 0 0 0 1.08
5.45 14.6758 0 0 0 0 1.09
5.5 14.6189 0 0 0 0 1.1
5.55 14.561 0 0 0 0 1.11
5.6 14.5021 0 0 0 0 1.12
5.65 14.4422 0 0 0 0 1.13
5.7 14.3814 0 0 0 0 1.14
5.75 14.3195 0 0 0 0 1.15
5.8 14.2567 0 0 0 0 1.16
5.85 14.1929 0 0 0 0 1.17
5.9 14.1282 0 0 0 0 1.18
5.95 14.0624 0 0 0 0 1.19
6 13.9957 0 0 0 0 1.2
6.05 13.9279 0 0 0 0 1.21
6.1 13.8592 0 0 0 0 1.22
6.15 13.7896 0 0 0 0 1.23
6.2 13.7189 0 0 0 0 1.24
6.25 13.6473 0 0 0 0 1.25
6.3 13.5746 0 0 0 0 1.26
6.35 13.501 0 0 0 0 1.27
6.4 13.4264 0 0 0 0 1.28
6.45 13.3509 0 0 0 0 1.29
6.5 13.2743 0 0 0 0 1.3
6.55 13.1968 0 0 0 0 1.31
6.6 13.1183 0 0 0 0 1.32
6.65 13.0388 0 0 0 0 1.33
6.7 12.9583 0 0 0 0 1.34
6.75 12.8769 0 0 0 0 1.35
6.8 12.7944 0 0 0 0 1.36
6.85 12.711 0 0 0 0 1.37
6.9 12.6266 0 0 0 0 1.38
6.95 12.5412 0 0 0 0 1.39
7 12.4549 0 0 0 0 1.4
7.05 12.3675 0 0 0 0 1.41
7.1 12.2792 0 0 0 0 1.42
7.15 12.1899 0 0 0 0 1.43
7.2 12.0996 0 0 0 0 1.44
7.25 12.0084 0 0 0 0 1.45
7.3 11.9161 0 0 0 0 1.46
7.35 11.8229 0 0 0 0 1.47
7.4 11.7287 0 0 0 0 1.48
7.45 11.6335 0 0 0 0 1.49
7.5 11.5373 0 0 0 0 1.5
7.55 11.4402 0 0 0 0 1.51
7.6 11.342 0 0 0 0 1.52
7.65 11.2429 0 0 0 0 1.53
7.7 11.1428 0 0 0 0 1.54
7.75 11.0418 0 0 0 0 1.55
7.8 10.9397 0 0 0 0 1.56
7.85 10.8367 0 0 0 0 1.57
7.9 10.7327 0 0 0 0 1.58
7.95 10.6277 0 0 0 0 1.59
8 10.5217 0 0 0 0 1.6
8.05 10.4147 0 0 0 0 1.61
8.1 10.3068 0 0 0 0 1.62
8.15 10.1979 0 0 0 0 1.63
8.2 10.088 0 0 0 0 1.64
8.25 9.97707 0 0 0 0 1.65
8.3 9.86521 0 0 0 0 1.66
8.35 9.75236 0 0 0 0 1.67
8.4 9.63853 0 0 0 0 1.68
8.45 9.52372 0 0 0 0 1.69
8.5 9.40794 0 0 0 0 1.7
8.55 9.29117 0 0 0 0 1.71
8.6 9.17341 0 0 0 0 1.72
8.65 9.05468 0 0 0 0 1.73
8.7 8.93497 0 0 0 0 1.74
8.75 8.81428 0 0 0 0 1.75
8.8 8.6926 0 0 0 0 1.76
8.85 8.56994 0 0 0 0 1.77
8.9 8.44631 0 0 0 0 1.78
8.95 8.32169 0 0 0 0 1.79
9 8.19609 0 0 0 0 1.8
9.05 8.06951 0 0 0 0 1.81
9.1 7.94195 0 0 0 0 1.82
9.15 7.81341 0 0 0 0 1.83
9.2 7.68388 0 0 0 0 1.84
9.25 7.55338 0 0 0 0 1.85
9.3 7.4219 0 0 0 0 1.86
9.35 7.28943 0 0 0 0 1.87
9.4 7.15598 0 0 0 0 1.88
9.45 7.02155 0 0 0 0 1.89
9.5 6.88615 0 0 0 0 1.9
9.55 6.74976 0 0 0 0 1.91
9.6 6.61238 0 0 0 0 1.92
9.65 6.47403 0 0 0 0 1.93
9.7 6.3347 0 0 0 0 1.94
9.75 6.19439 0 0 0 0 1.95
9.8 6.05309 0 0 0 0 1.96
9.85 5.91081 0 0 0 0 1.97
9.9 5.76756 0 0 0 0 1.98
9.95 5.62332 0 0 0 0 1.99
10 5.4781 0 0 0 0 2
10.05 5.3319 0 0 0 0 2.01
10.1 5.18472 0 0 0 0 2.02
10.15 5.03656 0 0 0 0 2.03
10.2 4.88741 0 0 0 0 2.04
10.25 4.73729 0 0 0 0 2.05
10.3 4.58619 0 0 0 0 2.06
10.35 4.4341 0 0 0 0 2.07
10.4 4.28103 0 0 0 0 2.08
10.45 4.12698 0 0 0 0 2.09
10.5 3.97196 0 0 0 0 2.1
10.55 3.81595 0 0 0 0 2.11
10.6 3.65895 0 0 0 0 2.12
10.65 3.50098 0 0 0 0 2.13
10.7 3.34203 0 0 0 0 2.14
10.75 3.1821 0 0 0 0 2.15
10.8 3.02118 0 0 0 0 2.16
10.85 2.85928 0 0 0 0 2.17
10.9 2.69641 0 0 0 0 2.18
10.95 2.53255 0 0 0 0 2.19
11 2.36771 0 0 0 0 2.2
11.05 2.20189 0 0 0 0 2.21
11.1 2.03509 0 0 0 0 2.22
11.15 1.86731 0 0 0 0 2.23
11.2 1.69854 0 0 0 0 2.24
11.25 1.5288 0 0 0 0 2.25
11.3 1.35808 0 0 0 0 2.26
11.35 1.18637 0 0 0 0 2.27
11.4 1.01368 0 0 0 0 2.28
11.45 0.840014 0 0 0 0 2.29
11.5 0.665365 0 0 0 0 2.3
11.55 0.489735 0 0 0 0 2.31
11.6 0.313124 0 0 0 0 2.32
11.65 0.135532 0 0 0 0 2.33
11.7 -0.043041 0 0 0 0 2.34
11.75 -0.222595 0 0 0 0 2.35
11.8 -0.40313 0 0 0 0 2.36
11.85 -0.584646 0 0 0 0 2.37
11.9 -0.767143 0 0 0 0 2.38
11.95 -0.950621 0 0 0 0 2.39
12 -1.13508 0 0 0 0 2.4
12.05 -1.32052 0 0 0 0 2.41
12.1 -1.50694 0 0 0 0 2.42
12.15 -1.69434 0 0 0 0 2.43
12.2 -1.88273 0 0 0 0 2.44
12.25 -2.07209 0 0 0 0 2.45
12.3 -2.26244 0 0 0 0 2.46
12.35 -2.45376 0 0 0 0 2.47
12.4 -2.64607 0 0 0 0 2.48
12.45 -2.83936 0 0 0 0 2.49
12.5 -3.03362 0 0 0 0 2.5
12.55 -3.22887 0 0 0 0 2.51
12.6 -3.42511 0 0 0 0 2.52
12.65 -3.62232 0 0 0 0 2.53
12.7 -3.82051 0 0 0 0 2.54
12.75 -4.01968 0 0 0 0 2.55
12.8 -4.21984 0 0 0 0 2.56
12.85 -4.42098 0 0 0 0 2.57
12.9 -4.62309 0 0 0 0 2.58
12.95 -4.82619 0 0 0 0 2.59
13 -5.03027 0 0 0 0 2.6
13.05 -5.23533 0 0 0 0 2.61
13.1 -5.44137 0 0 0 0 2.62
13.15 -5.64839 0 0 0 0 2.63
13.2 -5.8564 0 0 0 0 2.64
13.25 -6.06538 0 0 0 0 2.65
13.3 -6.27534 0 0 0 0 2.66
13.35 -6.48629 0 0 0 0 2.67
13.4 -6.69822 0 0 0 0 2.68
13.45 -6.91113 0 0 0 0 2.69
13.5 -7.12501 0 0 0 0 2.7
13.55 -7.33988 0 0 0 0 2.71
13.6 -7.55574 0 0 0 0 2.72
13.65 -7.77257 0 0 0 0 2.73
13.7 -7.99038 0 0 0 0 2.74
13.75 -8.20917 0 0 0 0 2.75
13.8 -8.42895 0 0 0 0 2.76
13.85 -8.64971 0 0 0 0 2.77
13.9 -8.87144 0 0 0 0 2.78
13.95 -9.09416 0 0 0 0 2.79
14 -9.31786 0 0 0 0 2.8
14.05 -9.54254 0 0 0 0 2.81
14.1 -9.7682 0 0 0 0 2.82
14.15 -9.99484 0 0 0 0 2.83
14.2 -10.2225 0 0 0 0 2.84
14.2333 -9.99477 -2.7609e-17 -5.95004e-19 -4.69002e-12 -0.957826 2.85
14.2667 -9.99553 -5.5218e-17 -6.86841e-18 -2.69531e-12 -0.550459 2.86
14.3 -9.995 -8.28269e-17 -6.61498e-17 3.14121e-12 0.64148 2.87
14.3333 -9.995 -1.10436e-16 -8.02882e-16 4.50147e-12 0.919115 2.88
14.3667 -9.995 -4.24624e-14 -1.52089e-15 -5.55271e-13 -0.113269 2.89
14.4 -9.995 -8.48145e-14 2.65401e-16 -4.82203e-12 -0.98421 2.9
14.4333 -9.995 -1.18208e-13 2.66972e-15 -2.21542e-12 -0.452352 2.91
14.4667 -9.995 -1.51601e-13 1.10078e-15 3.54888e-12 0.724245 2.92
14.5 -9.995 -1.84994e-13 -3.03083e-15 4.25589e-12 0.868573 2.93
14.5333 -9.995 -1.63063e-13 -3.74992e-15 -1.10454e-12 -0.22508 2.94
14.5667 -9.995 -1.48011e-13 1.06665e-15 -4.89074e-12 -0.997925 2.95
14.6 -9.995 -1.32958e-13 3.39107e-15 -1.70625e-12 -0.348424 2.96
14.6333 -9.995 -1.25541e-13 1.1033e-15 3.90929e-12 0.797687 2.97
14.6667 -9.995 -1.18124e-13 -3.75916e-15 3.95366e-12 0.806851 2.98
14.7 -9.995 -1.14553e-13 -3.90716e-15 -1.63845e-12 -0.333993 2.99
14.7333 -9.995 -1.28132e-13 2.02651e-15 -4.89621e-12 -0.998796 3
14.7667 -9.995 -1.41711e-13 8.11364e-15 -1.17472e-12 -0.24001 3.01
