0.005 15.005 0 0 0 0 0.001
0.01 15.01 0 0 0 0 0.002
0.015 15.015 0 0 0 0 0.003
0.02 15.0199 0 0 0 0 0.004
0.025 15.0249 0 0 0 0 0.005
0.03 15.0299 0 0 0 0 0.006
0.035 15.0348 0 0 0 0 0.007
0.04 15.0397 0 0 0 0 0.008
0.045 15.0446 0 0 0 0 0.009
0.05 15.0496 0 0 0 0 0.01
0.055 15.0545 0 0 0 0 0.011
0.06 15.0594 0 0 0 0 0.012
0.065 15.0642 0 0 0 0 0.013
0.07 15.0691 0 0 0 0 0.014
0.075 15.074 0 0 0 0 0.015
0.08 15.0788 0 0 0 0 0.016
0.085 15.0837 0 0 0 0 0.017
0.09 15.0885 0 0 0 0 0.018
0.095 15.0933 0 0 0 0 0.019
0.1 15.0981 0 0 0 0 0.02
0.105 15.1029 0 0 0 0 0.021
0.11 15.1077 0 0 0 0 0.022
0.115 15.1125 0 0 0 0 0.023
0.12 15.1173 0 0 0 0 0.024
0.125 15.1221 0 0 0 0 0.025
0.13 15.1268 0 0 0 0 0.026
0.135 15.1316 0 0 0 0 0.027
0.14 15.1363 0 0 0 0 0.028
0.145 15.141 0 0 0 0 0.029
0.15 15.1457 0 0 0 0 0.03
0.155 15.1504 0 0 0 0 0.031
0.16 15.1551 0 0 0 0 0.032
0.165 15.1598 0 0 0 0 0.033
0.17 15.1645 0 0 0 0 0.034
0.175 15.1692 0 0 0 0 0.035
0.18 15.1738 0 0 0 0 0.036
0.185 15.1785 0 0 0 0 0.037
0.19 15.1831 0 0 0 0 0.038
0.195 15.1877 0 0 0 0 0.039
0.2 15.1923 0 0 0 0 0.04
0.205 15.197 0 0 0 0 0.041
0.21 15.2016 0 0 0 0 0.042
0.215 15.2061 0 0 0 0 0.043
0.22 15.2107 0 0 0 0 0.044
0.225 15.2153 0 0 0 0 0.045
0.23 15.2198 0 0 0 0 0.046
0.235 15.2244 0 0 0 0 0.047
0.24 15.2289 0 0 0 0 0.048
0.245 15.2335 0 0 0 0 0.049
0.25 15.238 0 0 0 0 0.05
0.255 15.2425 0 0 0 0 0.051
0.26 15.247 0 0 0 0 0.052
0.265 15.2515 0 0 0 0 0.053
0.27 15.256 0 0 0 0 0.054
0.275 15.2604 0 0 0 0 0.055
0.28 15.2649 0 0 0 0 0.056
0.285 15.2693 0 0 0 0 0.057
0.29 15.2738 0 0 0 0 0.058
0.295 15.2782 0 0 0 0 0.059
0.3 15.2826 0 0 0 0 0.06
0.305 15.287 0 0 0 0 0.061
0.31 15.2914 0 0 0 0 0.062
0.315 15.2958 0 0 0 0 0.063
0.32 15.3002 0 0 0 0 0.064
0.325 15.3046 0 0 0 0 0.065
0.33 15.309 0 0 0 0 0.066
0.335 15.3133 0 0 0 0 0.067
0.34 15.3177 0 0 0 0 0.068
0.345 15.322 0 0 0 0 0.069
0.35 15.3263 0 0 0 0 0.07
0.355 15.3306 0 0 0 0 0.071
0.36 15.3349 0 0 0 0 0.072
0.365 15.3392 0 0 0 0 0.073
0.37 15.3435 0 0 0 0 0.074
0.375 15.3478 0 0 0 0 0.075
0.38 15.352 0 0 0 0 0.076
0.385 15.3563 0 0 0 0 0.077
0.39 15.3605 0 0 0 0 0.078
0.395 15.3648 0 0 0 0 0.079
0.4 15.369 0 0 0 0 0.08
0.405 15.3732 0 0 0 0 0.081
0.41 15.3774 0 0 0 0 0.082
0.415 15.3816 0 0 0 0 0.083
0.42 15.3858 0 0 0 0 0.084
0.425 15.39 0 0 0 0 0.085
0.43 15.3941 0 0 0 0 0.086
0.435 15.3983 0 0 0 0 0.087
0.44 15.4024 0 0 0 0 0.088
0.445 15.4066 0 0 0 0 0.089
0.45 15.4107 0 0 0 0 0.09
0.455 15.4148 0 0 0 0 0.091
0.46 15.4189 0 0 0 0 0.092
0.465 15.423 0 0 0 0 0.093
0.47 15.4271 0 0 0 0 0.094
0.475 15.4312 0 0 0 0 0.095
0.48 15.4353 0 0 0 0 0.096
0.485 15.4393 0 0 0 0 0.097
0.49 15.4434 0 0 0 0 0.098
0.495 15.4474 0 0 0 0 0.099
0.5 15.4514 0 0 0 0 0.1
0.505 15.4555 0 0 0 0 0.101
0.51 15.4595 0 0 0 0 0.102
0.515 15.4635 0 0 0 0 0.103
0.52 15.4675 0 0 0 0 0.104
0.525 15.4714 0 0 0 0 0.105
0.53 15.4754 0 0 0 0 0.106
0.535 15.4794 0 0 0 0 0.107
0.54 15.4833 0 0 0 0 0.108
0.545 15.4873 0 0 0 0 0.109
0.55 15.4912 0 0 0 0 0.11
0.555 15.4951 0 0 0 0 0.111
0.56 15.499 0 0 0 0 0.112
0.565 15.5029 0 0 0 0 0.113
0.57 15.5068 0 0 0 0 0.114
0.575 15.5107 0 0 0 0 0.115
0.58 15.5146 0 0 0 0 0.116
0.585 15.5184 0 0 0 0 0.117
0.59 15.5223 0 0 0 0 0.118
0.595 15.5261 0 0 0 0 0.119
0.6 15.53 0 0 0 0 0.12
0.605 15.5338 0 0 0 0 0.121
0.61 15.5376 0 0 0 0 0.122
0.615 15.5414 0 0 0 0 0.123
0.62 15.5452 0 0 0 0 0.124
0.625 15.549 0 0 0 0 0.125
0.63 15.5527 0 0 0 0 0.126
0.635 15.5565 0 0 0 0 0.127
0.64 15.5603 0 0 0 0 0.128
0.645 15.564 0 0 0 0 0.129
0.65 15.5677 0 0 0 0 0.13
0.655 15.5715 0 0 0 0 0.131
0.66 15.5752 0 0 0 0 0.132
0.665 15.5789 0 0 0 0 0.133
0.67 15.5826 0 0 0 0 0.134
0.675 15.5863 0 0 0 0 0.135
0.68 15.5899 0 0 0 0 0.136
0.685 15.5936 0 0 0 0 0.137
0.69 15.5973 0 0 0 0 0.138
0.695 15.6009 0 0 0 0 0.139
0.7 15.6045 0 0 0 0 0.14
0.705 15.6082 0 0 0 0 0.141
0.71 15.6118 0 0 0 0 0.142
0.715 15.6154 0 0 0 0 0.143
0.72 15.619 0 0 0 0 0.144
0.725 15.6226 0 0 0 0 0.145
0.73 15.6262 0 0 0 0 0.146
0.735 15.6297 0 0 0 0 0.147
0.74 15.6333 0 0 0 0 0.148
0.745 15.6368 0 0 0 0 0.149
0.75 15.6404 0 0 0 0 0.15
0.755 15.6439 0 0 0 0 0.151
0.76 15.6474 0 0 0 0 0.152
0.765 15.6509 0 0 0 0 0.153
0.77 15.6544 0 0 0 0 0.154
0.775 15.6579 0 0 0 0 0.155
0.78 15.6614 0 0 0 0 0.156
0.785 15.6649 0 0 0 0 0.157
0.79 15.6683 0 0 0 0 0.158
0.795 15.6718 0 0 0 0 0.159
0.8 15.6752 0 0 0 0 0.16
0.805 15.6786 0 0 0 0 0.161
0.81 15.6821 0 0 0 0 0.162
0.815 15.6855 0 0 0 0 0.163
0.82 15.6889 0 0 0 0 0.164
0.825 15.6923 0 0 0 0 0.165
0.83 15.6957 0 0 0 0 0.166
0.835 15.699 0 0 0 0 0.167
0.84 15.7024 0 0 0 0 0.168
0.845 15.7057 0 0 0 0 0.169
0.85 15.7091 0 0 0 0 0.17
0.855 15.7124 0 0 0 0 0.171
0.86 15.7157 0 0 0 0 0.172
0.865 15.719 0 0 0 0 0.173
0.87 15.7223 0 0 0 0 0.174
0.875 15.7256 0 0 0 0 0.175
0.88 15.7289 0 0 0 0 0.176
0.885 15.7322 0 0 0 0 0.177
0.89 15.7355 0 0 0 0 0.178
0.895 15.7387 0 0 0 0 0.179
0.9 15.742 0 0 0 0 0.18
0.905 15.7452 0 0 0 0 0.181
0.91 15.7484 0 0 0 0 0.182
0.915 15.7516 0 0 0 0 0.183
0.92 15.7548 0 0 0 0 0.184
0.925 15.758 0 0 0 0 0.185
0.93 15.7612 0 0 0 0 0.186
0.935 15.7644 0 0 0 0 0.187
0.94 15.7676 0 0 0 0 0.188
0.945 15.7707 0 0 0 0 0.189
0.95 15.7739 0 0 0 0 0.19
0.955 15.777 0 0 0 0 0.191
0.96 15.7801 0 0 0 0 0.192
0.965 15.7832 0 0 0 0 0.193
0.97 15.7863 0 0 0 0 0.194
0.975 15.7894 0 0 0 0 0.195
0.98 15.7925 0 0 0 0 0.196
0.985 15.7956 0 0 0 0 0.197
0.99 15.7987 0 0 0 0 0.198
0.995 15.8017 0 0 0 0 0.199
1 15.8048 0 0 0 0 0.2
1.005 15.8078 0 0 0 0 0.201
1.01 15.8108 0 0 0 0 0.202
1.015 15.8139 0 0 0 0 0.203
1.02 15.8169 0 0 0 0 0.204
1.025 15.8199 0 0 0 0 0.205
1.03 15.8229 0 0 0 0 0.206
1.035 15.8258 0 0 0 0 0.207
1.04 15.8288 0 0 0 0 0.208
1.045 15.8318 0 0 0 0 0.209
1.05 15.8347 0 0 0 0 0.21
1.055 15.8377 0 0 0 0 0.211
1.06 15.8406 0 0 0 0 0.212
1.065 15.8435 0 0 0 0 0.213
1.07 15.8464 0 0 0 0 0.214
1.075 15.8493 0 0 0 0 0.215
1.08 15.8522 0 0 0 0 0.216
1.085 15.8551 0 0 0 0 0.217
1.09 15.858 0 0 0 0 0.218
1.095 15.8608 0 0 0 0 0.219
1.1 15.8637 0 0 0 0 0.22
1.105 15.8665 0 0 0 0 0.221
1.11 15.8694 0 0 0 0 0.222
1.115 15.8722 0 0 0 0 0.223
1.12 15.875 0 0 0 0 0.224
1.125 15.8778 0 0 0 0 0.225
1.13 15.8806 0 0 0 0 0.226
1.135 15.8834 0 0 0 0 0.227
1.14 15.8861 0 0 0 0 0.228
1.145 15.8889 0 0 0 0 0.229
1.15 15.8917 0 0 0 0 0.23
1.155 15.8944 0 0 0 0 0.231
1.16 15.8971 0 0 0 0 0.232
1.165 15.8999 0 0 0 0 0.233
1.17 15.9026 0 0 0 0 0.234
1.175 15.9053 0 0 0 0 0.235
1.18 15.908 0 0 0 0 0.236
1.185 15.9107 0 0 0 0 0.237
1.19 15.9133 0 0 0 0 0.238
1.195 15.916 0 0 0 0 0.239
1.2 15.9186 0 0 0 0 0.24
1.205 15.9213 0 0 0 0 0.241
1.21 15.9239 0 0 0 0 0.242
1.215 15.9266 0 0 0 0 0.243
1.22 15.9292 0 0 0 0 0.244
1.225 15.9318 0 0 0 0 0.245
1.23 15.9344 0 0 0 0 0.246
1.235 15.937 0 0 0 0 0.247
1.24 15.9395 0 0 0 0 0.248
1.245 15.9421 0 0 0 0 0.249
1.25 15.9447 0 0 0 0 0.25
1.255 15.9472 0 0 0 0 0.251
1.26 15.9497 0 0 0 0 0.252
1.265 15.9523 0 0 0 0 0.253
1.27 15.9548 0 0 0 0 0.254
1.275 15.9573 0 0 0 0 0.255
1.28 15.9598 0 0 0 0 0.256
1.285 15.9623 0 0 0 0 0.257
1.29 15.9648 0 0 0 0 0.258
1.295 15.9672 0 0 0 0 0.259
1.3 15.9697 0 0 0 0 0.26
1.305 15.9721 0 0 0 0 0.261
1.31 15.9746 0 0 0 0 0.262
1.315 15.977 0 0 0 0 0.263
1.32 15.9794 0 0 0 0 0.264
1.325 15.9818 0 0 0 0 0.265
1.33 15.9842 0 0 0 0 0.266
1.335 15.9866 0 0 0 0 0.267
1.34 15.989 0 0 0 0 0.268
1.345 15.9914 0 0 0 0 0.269
1.35 15.9937 0 0 0 0 0.27
1.355 15.9961 0 0 0 0 0.271
1.36 15.9984 0 0 0 0 0.272
1.365 16.0008 0 0 0 0 0.273
1.37 16.0031 0 0 0 0 0.274
1.375 16.0054 0 0 0 0 0.275
1.38 16.0077 0 0 0 0 0.276
1.385 16.01 0 0 0 0 0.277
1.39 16.0123 0 0 0 0 0.278
1.395 16.0146 0 0 0 0 0.279
1.4 16.0168 0 0 0 0 0.28
1.405 16.0191 0 0 0 0 0.281
1.41 16.0213 0 0 0 0 0.282
1.415 16.0236 0 0 0 0 0.283
1.42 16.0258 0 0 0 0 0.284
1.425 16.028 0 0 0 0 0.285
1.43 16.0302 0 0 0 0 0.286
1.435 16.0324 0 0 0 0 0.287
1.44 16.0346 0 0 0 0 0.288
1.445 16.0367 0 0 0 0 0.289
1.45 16.0389 0 0 0 0 0.29
1.455 16.0411 0 0 0 0 0.291
1.46 16.0432 0 0 0 0 0.292
1.465 16.0453 0 0 0 0 0.293
1.47 16.0475 0 0 0 0 0.294
1.475 16.0496 0 0 0 0 0.295
1.48 16.0517 0 0 0 0 0.296
1.485 16.0538 0 0 0 0 0.297
1.49 16.0559 0 0 0 0 0.298
1.495 16.058 0 0 0 0 0.299
1.5 16.06 0 0 0 0 0.3
1.505 16.0621 0 0 0 0 0.301
1.51 16.0641 0 0 0 0 0.302
1.515 16.0662 0 0 0 0 0.303
1.52 16.0682 0 0 0 0 0.304
1.525 16.0702 0 0 0 0 0.305
1.53 16.0722 0 0 0 0 0.306
1.535 16.0742 0 0 0 0 0.307
1.54 16.0762 0 0 0 0 0.308
1.545 16.0782 0 0 0 0 0.309
1.55 16.0802 0 0 0 0 0.31
1.555 16.0821 0 0 0 0 0.311
1.56 16.0841 0 0 0 0 0.312
1.565 16.086 0 0 0 0 0.313
1.57 16.0879 0 0 0 0 0.314
1.575 16.0898 0 0 0 0 0.315
1.58 16.0918 0 0 0 0 0.316
1.585 16.0937 0 0 0 0 0.317
1.59 16.0955 0 0 0 0 0.318
1.595 16.0974 0 0 0 0 0.319
1.6 16.0993 0 0 0 0 0.32
1.605 16.1012 0 0 0 0 0.321
1.61 16.103 0 0 0 0 0.322
1.615 16.1049 0 0 0 0 0.323
1.62 16.1067 0 0 0 0 0.324
1.625 16.1085 0 0 0 0 0.325
1.63 16.1103 0 0 0 0 0.326
1.635 16.1121 0 0 0 0 0.327
1.64 16.1139 0 0 0 0 0.328
1.645 16.1157 0 0 0 0 0.329
1.65 16.1175 0 0 0 0 0.33
1.655 16.1192 0 0 0 0 0.331
1.66 16.121 0 0 0 0 0.332
1.665 16.1227 0 0 0 0 0.333
1.67 16.1245 0 0 0 0 0.334
1.675 16.1262 0 0 0 0 0.335
1.68 16.1279 0 0 0 0 0.336
1.685 16.1296 0 0 0 0 0.337
1.69 16.1313 0 0 0 0 0.338
1.695 16.133 0 0 0 0 0.339
1.7 16.1346 0 0 0 0 0.34
1.705 16.1363 0 0 0 0 0.341
1.71 16.138 0 0 0 0 0.342
1.715 16.1396 0 0 0 0 0.343
1.72 16.1412 0 0 0 0 0.344
1.725 16.1429 0 0 0 0 0.345
1.73 16.1445 0 0 0 0 0.346
1.735 16.1461 0 0 0 0 0.347
1.74 16.1477 0 0 0 0 0.348
1.745 16.1493 0 0 0 0 0.349
1.75 16.1509 0 0 0 0 0.35
1.755 16.1524 0 0 0 0 0.351
1.76 16.154 0 0 0 0 0.352
1.765 16.1555 0 0 0 0 0.353
1.77 16.1571 0 0 0 0 0.354
1.775 16.1586 0 0 0 0 0.355
1.78 16.1601 0 0 0 0 0.356
1.785 16.1616 0 0 0 0 0.357
1.79 16.1631 0 0 0 0 0.358
1.795 16.1646 0 0 0 0 0.359
1.8 16.1661 0 0 0 0 0.36
1.805 16.1675 0 0 0 0 0.361
1.81 16.169 0 0 0 0 0.362
1.815 16.1705 0 0 0 0 0.363
1.82 16.1719 0 0 0 0 0.364
1.825 16.1733 0 0 0 0 0.365
1.83 16.1747 0 0 0 0 0.366
1.835 16.1762 0 0 0 0 0.367
1.84 16.1776 0 0 0 0 0.368
1.845 16.1789 0 0 0 0 0.369
1.85 16.1803 0 0 0 0 0.37
1.855 16.1817 0 0 0 0 0.371
1.86 16.1831 0 0 0 0 0.372
1.865 16.1844 0 0 0 0 0.373
1.87 16.1857 0 0 0 0 0.374
1.875 16.1871 0 0 0 0 0.375
1.88 16.1884 0 0 0 0 0.376
1.885 16.1897 0 0 0 0 0.377
1.89 16.191 0 0 0 0 0.378
1.895 16.1923 0 0 0 0 0.379
1.9 16.1936 0 0 0 0 0.38
1.905 16.1949 0 0 0 0 0.381
1.91 16.1961 0 0 0 0 0.382
1.915 16.1974 0 0 0 0 0.383
1.92 16.1986 0 0 0 0 0.384
1.925 16.1998 0 0 0 0 0.385
1.93 16.2011 0 0 0 0 0.386
1.935 16.2023 0 0 0 0 0.387
1.94 16.2035 0 0 0 0 0.388
1.945 16.2047 0 0 0 0 0.389
1.95 16.2059 0 0 0 0 0.39
1.955 16.207 0 0 0 0 0.391
1.96 16.2082 0 0 0 0 0.392
1.965 16.2094 0 0 0 0 0.393
1.97 16.2105 0 0 0 0 0.394
1.975 16.2116 0 0 0 0 0.395
1.98 16.2128 0 0 0 0 0.396
1.985 16.2139 0 0 0 0 0.397
1.99 16.215 0 0 0 0 0.398
1.995 16.2161 0 0 0 0 0.399
2 16.2172 0 0 0 0 0.4
2.005 16.2182 0 0 0 0 0.401
2.01 16.2193 0 0 0 0 0.402
2.015 16.2204 0 0 0 0 0.403
2.02 16.2214 0 0 0 0 0.404
2.025 16.2224 0 0 0 0 0.405
2.03 16.2235 0 0 0 0 0.406
2.035 16.2245 0 0 0 0 0.407
2.04 16.2255 0 0 0 0 0.408
2.045 16.2265 0 0 0 0 0.409
2.05 16.2275 0 0 0 0 0.41
2.055 16.2285 0 0 0 0 0.411
2.06 16.2294 0 0 0 0 0.412
2.065 16.2304 0 0 0 0 0.413
2.07 16.2313 0 0 0 0 0.414
2.075 16.2323 0 0 0 0 0.415
2.08 16.2332 0 0 0 0 0.416
2.085 16.2341 0 0 0 0 0.417
2.09 16.235 0 0 0 0 0.418
2.095 16.2359 0 0 0 0 0.419
2.1 16.2368 0 0 0 0 0.42
2.105 16.2377 0 0 0 0 0.421
2.11 16.2386 0 0 0 0 0.422
2.115 16.2394 0 0 0 0 0.423
2.12 16.2403 0 0 0 0 0.424
2.125 16.2411 0 0 0 0 0.425
2.13 16.2419 0 0 0 0 0.426
2.135 16.2428 0 0 0 0 0.427
2.14 16.2436 0 0 0 0 0.428
2.145 16.2444 0 0 0 0 0.429
2.15 16.2452 0 0 0 0 0.43
2.155 16.246 0 0 0 0 0.431
2.16 16.2467 0 0 0 0 0.432
2.165 16.2475 0 0 0 0 0.433
2.17 16.2482 0 0 0 0 0.434
2.175 16.249 0 0 0 0 0.435
2.18 16.2497 0 0 0 0 0.436
2.185 16.2504 0 0 0 0 0.437
2.19 16.2512 0 0 0 0 0.438
2.195 16.2519 0 0 0 0 0.439
2.2 16.2526 0 0 0 0 0.44
2.205 16.2532 0 0 0 0 0.441
2.21 16.2539 0 0 0 0 0.442
2.215 16.2546 0 0 0 0 0.443
2.22 16.2552 0 0 0 0 0.444
2.225 16.2559 0 0 0 0 0.445
2.23 16.2565 0 0 0 0 0.446
2.235 16.2571 0 0 0 0 0.447
2.24 16.2577 0 0 0 0 0.448
2.245 16.2583 0 0 0 0 0.449
2.25 16.2589 0 0 0 0 0.45
2.255 16.2595 0 0 0 0 0.451
2.26 16.2601 0 0 0 0 0.452
2.265 16.2607 0 0 0 0 0.453
2.27 16.2612 0 0 0 0 0.454
2.275 16.2618 0 0 0 0 0.455
2.28 16.2623 0 0 0 0 0.456
2.285 16.2628 0 0 0 0 0.457
2.29 16.2634 0 0 0 0 0.458
2.295 16.2639 0 0 0 0 0.459
2.3 16.2644 0 0 0 0 0.46
2.305 16.2648 0 0 0 0 0.461
2.31 16.2653 0 0 0 0 0.462
2.315 16.2658 0 0 0 0 0.463
2.32 16.2662 0 0 0 0 0.464
2.325 16.2667 0 0 0 0 0.465
2.33 16.2671 0 0 0 0 0.466
2.335 16.2676 0 0 0 0 0.467
2.34 16.268 0 0 0 0 0.468
2.345 16.2684 0 0 0 0 0.469
2.35 16.2688 0 0 0 0 0.47
2.355 16.2692 0 0 0 0 0.471
2.36 16.2696 0 0 0 0 0.472
2.365 16.2699 0 0 0 0 0.473
2.37 16.2703 0 0 0 0 0.474
2.375 16.2706 0 0 0 0 0.475
2.38 16.271 0 0 0 0 0.476
2.385 16.2713 0 0 0 0 0.477
2.39 16.2716 0 0 0 0 0.478
2.395 16.2719 0 0 0 0 0.479
2.4 16.2722 0 0 0 0 0.48
2.405 16.2725 0 0 0 0 0.481
2.41 16.2728 0 0 0 0 0.482
2.415 16.2731 0 0 0 0 0.483
2.42 16.2733 0 0 0 0 0.484
2.425 16.2736 0 0 0 0 0.485
2.43 16.2738 0 0 0 0 0.486
2.435 16.2741 0 0 0 0 0.487
2.44 16.2743 0 0 0 0 0.488
2.445 16.2745 0 0 0 0 0.489
2.45 16.2747 0 0 0 0 0.49
2.455 16.2749 0 0 0 0 0.491
2.46 16.2751 0 0 0 0 0.492
2.465 16.2753 0 0 0 0 0.493
2.47 16.2754 0 0 0 0 0.494
2.475 16.2756 0 0 0 0 0.495
2.48 16.2757 0 0 0 0 0.496
2.485 16.2759 0 0 0 0 0.497
2.49 16.276 0 0 0 0 0.498
2.495 16.2761 0 0 0 0 0.499
2.5 16.2762 0 0 0 0 0.5
2.505 16.2763 0 0 0 0 0.501
2.51 16.2764 0 0 0 0 0.502
2.515 16.2765 0 0 0 0 0.503
2.52 16.2765 0 0 0 0 0.504
2.525 16.2766 0 0 0 0 0.505
2.53 16.2766 0 0 0 0 0.506
2.535 16.2767 0 0 0 0 0.507
2.54 16.2767 0 0 0 0 0.508
2.545 16.2767 0 0 0 0 0.509
2.55 16.2767 0 0 0 0 0.51
2.555 16.2767 0 0 0 0 0.511
2.56 16.2767 0 0 0 0 0.512
2.565 16.2767 0 0 0 0 0.513
2.57 16.2766 0 0 0 0 0.514
2.575 16.2766 0 0 0 0 0.515
2.58 16.2765 0 0 0 0 0.516
2.585 16.2765 0 0 0 0 0.517
2.59 16.2764 0 0 0 0 0.518
2.595 16.2763 0 0 0 0 0.519
2.6 16.2762 0 0 0 0 0.52
2.605 16.2761 0 0 0 0 0.521
2.61 16.276 0 0 0 0 0.522
2.615 16.2759 0 0 0 0 0.523
2.62 16.2758 0 0 0 0 0.524
2.625 16.2756 0 0 0 0 0.525
2.63 16.2755 0 0 0 0 0.526
2.635 16.2753 0 0 0 0 0.527
2.64 16.2752 0 0 0 0 0.528
2.645 16.275 0 0 0 0 0.529
2.65 16.2748 0 0 0 0 0.53
2.655 16.2746 0 0 0 0 0.531
2.66 16.2744 0 0 0 0 0.532
2.665 16.2742 0 0 0 0 0.533
2.67 16.2739 0 0 0 0 0.534
2.675 16.2737 0 0 0 0 0.535
2.68 16.2734 0 0 0 0 0.536
2.685 16.2732 0 0 0 0 0.537
2.69 16.2729 0 0 0 0 0.538
2.695 16.2726 0 0 0 0 0.539
2.7 16.2724 0 0 0 0 0.54
2.705 16.2721 0 0 0 0 0.541
2.71 16.2717 0 0 0 0 0.542
2.715 16.2714 0 0 0 0 0.543
2.72 16.2711 0 0 0 0 0.544
2.725 16.2708 0 0 0 0 0.545
2.73 16.2704 0 0 0 0 0.546
2.735 16.2701 0 0 0 0 0.547
2.74 16.2697 0 0 0 0 0.548
2.745 16.2693 0 0 0 0 0.549
2.75 16.2689 0 0 0 0 0.55
2.755 16.2685 0 0 0 0 0.551
2.76 16.2681 0 0 0 0 0.552
2.765 16.2677 0 0 0 0 0.553
2.77 16.2673 0 0 0 0 0.554
2.775 16.2669 0 0 0 0 0.555
2.78 16.2664 0 0 0 0 0.556
2.785 16.266 0 0 0 0 0.557
2.79 16.2655 0 0 0 0 0.558
2.795 16.265 0 0 0 0 0.559
2.8 16.2645 0 0 0 0 0.56
2.805 16.264 0 0 0 0 0.561
2.81 16.2635 0 0 0 0 0.562
2.815 16.263 0 0 0 0 0.563
2.82 16.2625 0 0 0 0 0.564
2.825 16.262 0 0 0 0 0.565
2.83 16.2614 0 0 0 0 0.566
2.835 16.2609 0 0 0 0 0.567
2.84 16.2603 0 0 0 0 0.568
2.845 16.2597 0 0 0 0 0.569
2.85 16.2592 0 0 0 0 0.57
2.855 16.2586 0 0 0 0 0.571
2.86 16.258 0 0 0 0 0.572
2.865 16.2574 0 0 0 0 0.573
2.87 16.2567 0 0 0 0 0.574
2.875 16.2561 0 0 0 0 0.575
2.88 16.2555 0 0 0 0 0.576
2.885 16.2548 0 0 0 0 0.577
2.89 16.2542 0 0 0 0 0.578
2.895 16.2535 0 0 0 0 0.579
2.9 16.2528 0 0 0 0 0.58
2.905 16.2521 0 0 0 0 0.581
2.91 16.2514 0 0 0 0 0.582
2.915 16.2507 0 0 0 0 0.583
2.92 16.25 0 0 0 0 0.584
2.925 16.2493 0 0 0 0 0.585
2.93 16.2485 0 0 0 0 0.586
2.935 16.2478 0 0 0 0 0.587
2.94 16.247 0 0 0 0 0.588
2.945 16.2462 0 0 0 0 0.589
2.95 16.2455 0 0 0 0 0.59
2.955 16.2447 0 0 0 0 0.591
2.96 16.2439 0 0 0 0 0.592
2.965 16.2431 0 0 0 0 0.593
2.97 16.2423 0 0 0 0 0.594
2.975 16.2414 0 0 0 0 0.595
2.98 16.2406 0 0 0 0 0.596
2.985 16.2397 0 0 0 0 0.597
2.99 16.2389 0 0 0 0 0.598
2.995 16.238 0 0 0 0 0.599
3 16.2371 0 0 0 0 0.6
3.005 16.2363 0 0 0 0 0.601
3.01 16.2354 0 0 0 0 0.602
3.015 16.2345 0 0 0 0 0.603
3.02 16.2335 0 0 0 0 0.604
3.025 16.2326 0 0 0 0 0.605
3.03 16.2317 0 0 0 0 0.606
3.035 16.2307 0 0 0 0 0.607
3.04 16.2298 0 0 0 0 0.608
3.045 16.2288 0 0 0 0 0.609
3.05 16.2278 0 0 0 0 0.61
3.055 16.2269 0 0 0 0 0.611
3.06 16.2259 0 0 0 0 0.612
3.065 16.2249 0 0 0 0 0.613
3.07 16.2238 0 0 0 0 0.614
3.075 16.2228 0 0 0 0 0.615
3.08 16.2218 0 0 0 0 0.616
3.085 16.2207 0 0 0 0 0.617
3.09 16.2197 0 0 0 0 0.618
3.095 16.2186 0 0 0 0 0.619
3.1 16.2176 0 0 0 0 0.62
3.105 16.2165 0 0 0 0 0.621
3.11 16.2154 0 0 0 0 0.622
3.115 16.2143 0 0 0 0 0.623
3.12 16.2132 0 0 0 0 0.624
3.125 16.2121 0 0 0 0 0.625
3.13 16.2109 0 0 0 0 0.626
3.135 16.2098 0 0 0 0 0.627
3.14 16.2086 0 0 0 0 0.628
3.145 16.2075 0 0 0 0 0.629
3.15 16.2063 0 0 0 0 0.63
3.155 16.2051 0 0 0 0 0.631
3.16 16.2039 0 0 0 0 0.632
3.165 16.2027 0 0 0 0 0.633
3.17 16.2015 0 0 0 0 0.634
3.175 16.2003 0 0 0 0 0.635
3.18 16.1991 0 0 0 0 0.636
3.185 16.1978 0 0 0 0 0.637
3.19 16.1966 0 0 0 0 0.638
3.195 16.1953 0 0 0 0 0.639
3.2 16.1941 0 0 0 0 0.64
3.205 16.1928 0 0 0 0 0.641
3.21 16.1915 0 0 0 0 0.642
3.215 16.1902 0 0 0 0 0.643
3.22 16.1889 0 0 0 0 0.644
3.225 16.1876 0 0 0 0 0.645
3.23 16.1862 0 0 0 0 0.646
3.235 16.1849 0 0 0 0 0.647
3.24 16.1835 0 0 0 0 0.648
3.245 16.1822 0 0 0 0 0.649
3.25 16.1808 0 0 0 0 0.65
3.255 16.1794 0 0 0 0 0.651
3.26 16.1781 0 0 0 0 0.652
3.265 16.1767 0 0 0 0 0.653
3.27 16.1753 0 0 0 0 0.654
3.275 16.1738 0 0 0 0 0.655
3.28 16.1724 0 0 0 0 0.656
3.285 16.171 0 0 0 0 0.657
3.29 16.1695 0 0 0 0 0.658
3.295 16.1681 0 0 0 0 0.659
3.3 16.1666 0 0 0 0 0.66
3.305 16.1651 0 0 0 0 0.661
3.31 16.1637 0 0 0 0 0.662
3.315 16.1622 0 0 0 0 0.663
3.32 16.1607 0 0 0 0 0.664
3.325 16.1591 0 0 0 0 0.665
3.33 16.1576 0 0 0 0 0.666
3.335 16.1561 0 0 0 0 0.667
3.34 16.1545 0 0 0 0 0.668
3.345 16.153 0 0 0 0 0.669
3.35 16.1514 0 0 0 0 0.67
3.355 16.1499 0 0 0 0 0.671
3.36 16.1483 0 0 0 0 0.672
3.365 16.1467 0 0 0 0 0.673
3.37 16.1451 0 0 0 0 0.674
3.375 16.1435 0 0 0 0 0.675
3.38 16.1418 0 0 0 0 0.676
3.385 16.1402 0 0 0 0 0.677
3.39 16.1386 0 0 0 0 0.678
3.395 16.1369 0 0 0 0 0.679
3.4 16.1353 0 0 0 0 0.68
3.405 16.1336 0 0 0 0 0.681
3.41 16.1319 0 0 0 0 0.682
3.415 16.1302 0 0 0 0 0.683
3.42 16.1285 0 0 0 0 0.684
3.425 16.1268 0 0 0 0 0.685
3.43 16.1251 0 0 0 0 0.686
3.435 16.1234 0 0 0 0 0.687
3.44 16.1216 0 0 0 0 0.688
3.445 16.1199 0 0 0 0 0.689
3.45 16.1181 0 0 0 0 0.69
3.455 16.1163 0 0 0 0 0.691
3.46 16.1146 0 0 0 0 0.692
3.465 16.1128 0 0 0 0 0.693
3.47 16.111 0 0 0 0 0.694
3.475 16.1092 0 0 0 0 0.695
3.48 16.1074 0 0 0 0 0.696
3.485 16.1055 0 0 0 0 0.697
3.49 16.1037 0 0 0 0 0.698
3.495 16.1018 0 0 0 0 0.699
3.5 16.1 0 0 0 0 0.7
3.505 16.0981 0 0 0 0 0.701
3.51 16.0962 0 0 0 0 0.702
3.515 16.0944 0 0 0 0 0.703
3.52 16.0925 0 0 0 0 0.704
3.525 16.0906 0 0 0 0 0.705
3.53 16.0886 0 0 0 0 0.706
3.535 16.0867 0 0 0 0 0.707
3.54 16.0848 0 0 0 0 0.708
3.545 16.0828 0 0 0 0 0.709
3.55 16.0809 0 0 0 0 0.71
3.555 16.0789 0 0 0 0 0.711
3.56 16.0769 0 0 0 0 0.712
3.565 16.0749 0 0 0 0 0.713
3.57 16.073 0 0 0 0 0.714
3.575 16.0709 0 0 0 0 0.715
3.58 16.0689 0 0 0 0 0.716
3.585 16.0669 0 0 0 0 0.717
3.59 16.0649 0 0 0 0 0.718
3.595 16.0628 0 0 0 0 0.719
3.6 16.0608 0 0 0 0 0.72
3.605 16.0587 0 0 0 0 0.721
3.61 16.0566 0 0 0 0 0.722
3.615 16.0546 0 0 0 0 0.723
3.62 16.0525 0 0 0 0 0.724
3.625 16.0504 0 0 0 0 0.725
3.63 16.0483 0 0 0 0 0.726
3.635 16.0461 0 0 0 0 0.727
3.64 16.044 0 0 0 0 0.728
3.645 16.0419 0 0 0 0 0.729
3.65 16.0397 0 0 0 0 0.73
3.655 16.0375 0 0 0 0 0.731
3.66 16.0354 0 0 0 0 0.732
3.665 16.0332 0 0 0 0 0.733
3.67 16.031 0 0 0 0 0.734
3.675 16.0288 0 0 0 0 0.735
3.68 16.0266 0 0 0 0 0.736
3.685 16.0244 0 0 0 0 0.737
3.69 16.0221 0 0 0 0 0.738
3.695 16.0199 0 0 0 0 0.739
3.7 16.0177 0 0 0 0 0.74
3.705 16.0154 0 0 0 0 0.741
3.71 16.0131 0 0 0 0 0.742
3.715 16.0108 0 0 0 0 0.743
3.72 16.0086 0 0 0 0 0.744
3.725 16.0063 0 0 0 0 0.745
3.73 16.0039 0 0 0 0 0.746
3.735 16.0016 0 0 0 0 0.747
3.74 15.9993 0 0 0 0 0.748
3.745 15.997 0 0 0 0 0.749
3.75 15.9946 0 0 0 0 0.75
3.755 15.9923 0 0 0 0 0.751
3.76 15.9899 0 0 0 0 0.752
3.765 15.9875 0 0 0 0 0.753
3.77 15.9851 0 0 0 0 0.754
3.775 15.9827 0 0 0 0 0.755
3.78 15.9803 0 0 0 0 0.756
3.785 15.9779 0 0 0 0 0.757
3.79 15.9755 0 0 0 0 0.758
3.795 15.973 0 0 0 0 0.759
3.8 15.9706 0 0 0 0 0.76
3.805 15.9681 0 0 0 0 0.761
3.81 15.9657 0 0 0 0 0.762
3.815 15.9632 0 0 0 0 0.763
3.82 15.9607 0 0 0 0 0.764
3.825 15.9582 0 0 0 0 0.765
3.83 15.9557 0 0 0 0 0.766
3.835 15.9532 0 0 0 0 0.767
3.84 15.9507 0 0 0 0 0.768
3.845 15.9481 0 0 0 0 0.769
3.85 15.9456 0 0 0 0 0.77
3.855 15.943 0 0 0 0 0.771
3.86 15.9405 0 0 0 0 0.772
3.865 15.9379 0 0 0 0 0.773
3.87 15.9353 0 0 0 0 0.774
3.875 15.9327 0 0 0 0 0.775
3.88 15.9301 0 0 0 0 0.776
3.885 15.9275 0 0 0 0 0.777
3.89 15.9249 0 0 0 0 0.778
3.895 15.9223 0 0 0 0 0.779
3.9 15.9196 0 0 0 0 0.78
3.905 15.917 0 0 0 0 0.781
3.91 15.9143 0 0 0 0 0.782
3.915 15.9116 0 0 0 0 0.783
3.92 15.909 0 0 0 0 0.784
3.925 15.9063 0 0 0 0 0.785
3.93 15.9036 0 0 0 0 0.786
3.935 15.9009 0 0 0 0 0.787
3.94 15.8981 0 0 0 0 0.788
3.945 15.8954 0 0 0 0 0.789
3.95 15.8927 0 0 0 0 0.79
3.955 15.8899 0 0 0 0 0.791
3.96 15.8872 0 0 0 0 0.792
3.965 15.8844 0 0 0 0 0.793
3.97 15.8816 0 0 0 0 0.794
3.975 15.8788 0 0 0 0 0.795
3.98 15.876 0 0 0 0 0.796
3.985 15.8732 0 0 0 0 0.797
3.99 15.8704 0 0 0 0 0.798
3.995 15.8676 0 0 0 0 0.799
4 15.8647 0 0 0 0 0.8
4.005 15.8619 0 0 0 0 0.801
4.01 15.859 0 0 0 0 0.802
4.015 15.8562 0 0 0 0 0.803
4.02 15.8533 0 0 0 0 0.804
4.025 15.8504 0 0 0 0 0.805
4.03 15.8475 0 0 0 0 0.806
4.035 15.8446 0 0 0 0 0.807
4.04 15.8417 0 0 0 0 0.808
4.045 15.8387 0 0 0 0 0.809
4.05 15.8358 0 0 0 0 0.81
4.055 15.8329 0 0 0 0 0.811
4.06 15.8299 0 0 0 0 0.812
4.065 15.8269 0 0 0 0 0.813
4.07 15.824 0 0 0 0 0.814
4.075 15.821 0 0 0 0 0.815
4.08 15.818 0 0 0 0 0.816
4.085 15.815 0 0 0 0 0.817
4.09 15.812 0 0 0 0 0.818
4.095 15.8089 0 0 0 0 0.819
4.1 15.8059 0 0 0 0 0.82
4.105 15.8029 0 0 0 0 0.821
4.11 15.7998 0 0 0 0 0.822
4.115 15.7967 0 0 0 0 0.823
4.12 15.7937 0 0 0 0 0.824
4.125 15.7906 0 0 0 0 0.825
4.13 15.7875 0 0 0 0 0.826
4.135 15.7844 0 0 0 0 0.827
4.14 15.7813 0 0 0 0 0.828
4.145 15.7781 0 0 0 0 0.829
4.15 15.775 0 0 0 0 0.83
4.155 15.7719 0 0 0 0 0.831
4.16 15.7687 0 0 0 0 0.832
4.165 15.7656 0 0 0 0 0.833
4.17 15.7624 0 0 0 0 0.834
4.175 15.7592 0 0 0 0 0.835
4.18 15.756 0 0 0 0 0.836
4.185 15.7528 0 0 0 0 0.837
4.19 15.7496 0 0 0 0 0.838
4.195 15.7464 0 0 0 0 0.839
4.2 15.7432 0 0 0 0 0.84
4.205 15.7399 0 0 0 0 0.841
4.21 15.7367 0 0 0 0 0.842
4.215 15.7334 0 0 0 0 0.843
4.22 15.7301 0 0 0 0 0.844
4.225 15.7269 0 0 0 0 0.845
4.23 15.7236 0 0 0 0 0.846
4.235 15.7203 0 0 0 0 0.847
4.24 15.717 0 0 0 0 0.848
4.245 15.7136 0 0 0 0 0.849
4.25 15.7103 0 0 0 0 0.85
4.255 15.707 0 0 0 0 0.851
4.26 15.7036 0 0 0 0 0.852
4.265 15.7003 0 0 0 0 0.853
4.27 15.6969 0 0 0 0 0.854
4.275 15.6935 0 0 0 0 0.855
4.28 15.6901 0 0 0 0 0.856
4.285 15.6867 0 0 0 0 0.857
4.29 15.6833 0 0 0 0 0.858
4.295 15.6799 0 0 0 0 0.859
4.3 15.6765 0 0 0 0 0.86
4.305 15.673 0 0 0 0 0.861
4.31 15.6696 0 0 0 0 0.862
4.315 15.6661 0 0 0 0 0.863
4.32 15.6627 0 0 0 0 0.864
4.325 15.6592 0 0 0 0 0.865
4.33 15.6557 0 0 0 0 0.866
4.335 15.6522 0 0 0 0 0.867
4.34 15.6487 0 0 0 0 0.868
4.345 15.6452 0 0 0 0 0.869
4.35 15.6417 0 0 0 0 0.87
4.355 15.6381 0 0 0 0 0.871
4.36 15.6346 0 0 0 0 0.872
4.365 15.631 0 0 0 0 0.873
4.37 15.6275 0 0 0 0 0.874
4.375 15.6239 0 0 0 0 0.875
4.38 15.6203 0 0 0 0 0.876
4.385 15.6167 0 0 0 0 0.877
4.39 15.6131 0 0 0 0 0.878
4.395 15.6095 0 0 0 0 0.879
4.4 15.6059 0 0 0 0 0.88
4.405 15.6023 0 0 0 0 0.881
4.41 15.5986 0 0 0 0 0.882
4.415 15.595 0 0 0 0 0.883
4.42 15.5913 0 0 0 0 0.884
4.425 15.5876 0 0 0 0 0.885
4.43 15.5839 0 0 0 0 0.886
4.435 15.5802 0 0 0 0 0.887
4.44 15.5765 0 0 0 0 0.888
4.445 15.5728 0 0 0 0 0.889
4.45 15.5691 0 0 0 0 0.89
4.455 15.5654 0 0 0 0 0.891
4.46 15.5616 0 0 0 0 0.892
4.465 15.5579 0 0 0 0 0.893
4.47 15.5541 0 0 0 0 0.894
4.475 15.5504 0 0 0 0 0.895
4.48 15.5466 0 0 0 0 0.896
4.485 15.5428 0 0 0 0 0.897
4.49 15.539 0 0 0 0 0.898
4.495 15.5352 0 0 0 0 0.899
4.5 15.5314 0 0 0 0 0.9
4.505 15.5275 0 0 0 0 0.901
4.51 15.5237 0 0 0 0 0.902
4.515 15.5198 0 0 0 0 0.903
4.52 15.516 0 0 0 0 0.904
4.525 15.5121 0 0 0 0 0.905
4.53 15.5082 0 0 0 0 0.906
4.535 15.5044 0 0 0 0 0.907
4.54 15.5005 0 0 0 0 0.908
4.545 15.4966 0 0 0 0 0.909
4.55 15.4926 0 0 0 0 0.91
4.555 15.4887 0 0 0 0 0.911
4.56 15.4848 0 0 0 0 0.912
4.565 15.4808 0 0 0 0 0.913
4.57 15.4769 0 0 0 0 0.914
4.575 15.4729 0 0 0 0 0.915
4.58 15.4689 0 0 0 0 0.916
4.585 15.4649 0 0 0 0 0.917
4.59 15.4609 0 0 0 0 0.918
4.595 15.4569 0 0 0 0 0.919
4.6 15.4529 0 0 0 0 0.92
4.605 15.4489 0 0 0 0 0.921
4.61 15.4449 0 0 0 0 0.922
4.615 15.4408 0 0 0 0 0.923
4.62 15.4368 0 0 0 0 0.924
4.625 15.4327 0 0 0 0 0.925
4.63 15.4286 0 0 0 0 0.926
4.635 15.4245 0 0 0 0 0.927
4.64 15.4204 0 0 0 0 0.928
4.645 15.4163 0 0 0 0 0.929
4.65 15.4122 0 0 0 0 0.93
4.655 15.4081 0 0 0 0 0.931
4.66 15.404 0 0 0 0 0.932
4.665 15.3998 0 0 0 0 0.933
4.67 15.3957 0 0 0 0 0.934
4.675 15.3915 0 0 0 0 0.935
4.68 15.3873 0 0 0 0 0.936
4.685 15.3832 0 0 0 0 0.937
4.69 15.379 0 0 0 0 0.938
4.695 15.3748 0 0 0 0 0.939
4.7 15.3706 0 0 0 0 0.94
4.705 15.3663 0 0 0 0 0.941
4.71 15.3621 0 0 0 0 0.942
4.715 15.3579 0 0 0 0 0.943
4.72 15.3536 0 0 0 0 0.944
4.725 15.3493 0 0 0 0 0.945
4.73 15.3451 0 0 0 0 0.946
4.735 15.3408 0 0 0 0 0.947
4.74 15.3365 0 0 0 0 0.948
4.745 15.3322 0 0 0 0 0.949
4.75 15.3279 0 0 0 0 0.95
4.755 15.3236 0 0 0 0 0.951
4.76 15.3192 0 0 0 0 0.952
4.765 15.3149 0 0 0 0 0.953
4.77 15.3106 0 0 0 0 0.954
4.775 15.3062 0 0 0 0 0.955
4.78 15.3018 0 0 0 0 0.956
4.785 15.2975 0 0 0 0 0.957
4.79 15.2931 0 0 0 0 0.958
4.795 15.2887 0 0 0 0 0.959
4.8 15.2843 0 0 0 0 0.96
4.805 15.2798 0 0 0 0 0.961
4.81 15.2754 0 0 0 0 0.962
4.815 15.271 0 0 0 0 0.963
4.82 15.2665 0 0 0 0 0.964
4.825 15.2621 0 0 0 0 0.965
4.83 15.2576 0 0 0 0 0.966
4.835 15.2531 0 0 0 0 0.967
4.84 15.2486 0 0 0 0 0.968
4.845 15.2441 0 0 0 0 0.969
4.85 15.2396 0 0 0 0 0.97
4.855 15.2351 0 0 0 0 0.971
4.86 15.2306 0 0 0 0 0.972
4.865 15.2261 0 0 0 0 0.973
4.87 15.2215 0 0 0 0 0.974
4.875 15.217 0 0 0 0 0.975
4.88 15.2124 0 0 0 0 0.976
4.885 15.2078 0 0 0 0 0.977
4.89 15.2032 0 0 0 0 0.978
4.895 15.1986 0 0 0 0 0.979
4.9 15.194 0 0 0 0 0.98
4.905 15.1894 0 0 0 0 0.981
4.91 15.1848 0 0 0 0 0.982
4.915 15.1802 0 0 0 0 0.983
4.92 15.1755 0 0 0 0 0.984
4.925 15.1709 0 0 0 0 0.985
4.93 15.1662 0 0 0 0 0.986
4.935 15.1615 0 0 0 0 0.987
4.94 15.1569 0 0 0 0 0.988
4.945 15.1522 0 0 0 0 0.989
4.95 15.1475 0 0 0 0 0.99
4.955 15.1428 0 0 0 0 0.991
4.96 15.138 0 0 0 0 0.992
4.965 15.1333 0 0 0 0 0.993
4.97 15.1286 0 0 0 0 0.994
4.975 15.1238 0 0 0 0 0.995
4.98 15.119 0 0 0 0 0.996
4.985 15.1143 0 0 0 0 0.997
4.99 15.1095 0 0 0 0 0.998
4.995 15.1047 0 0 0 0 0.999
5 15.0999 0 0 0 0 1
5.005 15.0951 0 0 0 0 1.001
5.01 15.0903 0 0 0 0 1.002
5.015 15.0854 0 0 0 0 1.003
5.02 15.0806 0 0 0 0 1.004
5.025 15.0758 0 0 0 0 1.005
5.03 15.0709 0 0 0 0 1.006
5.035 15.066 0 0 0 0 1.007
5.04 15.0612 0 0 0 0 1.008
5.045 15.0563 0 0 0 0 1.009
5.05 15.0514 0 0 0 0 1.01
5.055 15.0465 0 0 0 0 1.011
5.06 15.0415 0 0 0 0 1.012
5.065 15.0366 0 0 0 0 1.013
5.07 15.0317 0 0 0 0 1.014
5.075 15.0267 0 0 0 0 1.015
5.08 15.0218 0 0 0 0 1.016
5.085 15.0168 0 0 0 0 1.017
5.09 15.0118 0 0 0 0 1.018
5.095 15.0068 0 0 0 0 1.019
5.1 15.0018 0 0 0 0 1.02
5.105 14.9968 0 0 0 0 1.021
5.11 14.9918 0 0 0 0 1.022
5.115 14.9868 0 0 0 0 1.023
5.12 14.9818 0 0 0 0 1.024
5.125 14.9767 0 0 0 0 1.025
5.13 14.9717 0 0 0 0 1.026
5.135 14.9666 0 0 0 0 1.027
5.14 14.9615 0 0 0 0 1.028
5.145 14.9564 0 0 0 0 1.029
5.15 14.9513 0 0 0 0 1.03
5.155 14.9462 0 0 0 0 1.031
5.16 14.9411 0 0 0 0 1.032
5.165 14.936 0 0 0 0 1.033
5.17 14.9309 0 0 0 0 1.034
5.175 14.9257 0 0 0 0 1.035
5.18 14.9206 0 0 0 0 1.036
5.185 14.9154 0 0 0 0 1.037
5.19 14.9102 0 0 0 0 1.038
5.195 14.905 0 0 0 0 1.039
5.2 14.8999 0 0 0 0 1.04
5.205 14.8947 0 0 0 0 1.041
5.21 14.8894 0 0 0 0 1.042
5.215 14.8842 0 0 0 0 1.043
5.22 14.879 0 0 0 0 1.044
5.225 14.8737 0 0 0 0 1.045
5.23 14.8685 0 0 0 0 1.046
5.235 14.8632 0 0 0 0 1.047
5.24 14.858 0 0 0 0 1.048
5.245 14.8527 0 0 0 0 1.049
5.25 14.8474 0 0 0 0 1.05
5.255 14.8421 0 0 0 0 1.051
5.26 14.8368 0 0 0 0 1.052
5.265 14.8315 0 0 0 0 1.053
5.27 14.8261 0 0 0 0 1.054
5.275 14.8208 0 0 0 0 1.055
5.28 14.8154 0 0 0 0 1.056
5.285 14.8101 0 0 0 0 1.057
5.29 14.8047 0 0 0 0 1.058
5.295 14.7993 0 0 0 0 1.059
5.3 14.7939 0 0 0 0 1.06
5.305 14.7885 0 0 0 0 1.061
5.31 14.7831 0 0 0 0 1.062
5.315 14.7777 0 0 0 0 1.063
5.32 14.7723 0 0 0 0 1.064
5.325 14.7669 0 0 0 0 1.065
5.33 14.7614 0 0 0 0 1.066
5.335 14.7559 0 0 0 0 1.067
5.34 14.7505 0 0 0 0 1.068
5.345 14.745 0 0 0 0 1.069
5.35 14.7395 0 0 0 0 1.07
5.355 14.734 0 0 0 0 1.071
5.36 14.7285 0 0 0 0 1.072
5.365 14.723 0 0 0 0 1.073
5.37 14.7175 0 0 0 0 1.074
5.375 14.7119 0 0 0 0 1.075
5.38 14.7064 0 0 0 0 1.076
5.385 14.7008 0 0 0 0 1.077
5.39 14.6953 0 0 0 0 1.078
5.395 14.6897 0 0 0 0 1.079
5.4 14.6841 0 0 0 0 1.08
5.405 14.6785 0 0 0 0 1.081
5.41 14.6729 0 0 0 0 1.082
5.415 14.6673 0 0 0 0 1.083
5.42 14.6617 0 0 0 0 1.084
5.425 14.656 0 0 0 0 1.085
5.43 14.6504 0 0 0 0 1.086
5.435 14.6447 0 0 0 0 1.087
5.44 14.6391 0 0 0 0 1.088
5.445 14.6334 0 0 0 0 1.089
5.45 14.6277 0 0 0 0 1.09
5.455 14.622 0 0 0 0 1.091
5.46 14.6163 0 0 0 0 1.092
5.465 14.6106 0 0 0 0 1.093
5.47 14.6049 0 0 0 0 1.094
5.475 14.5992 0 0 0 0 1.095
5.48 14.5934 0 0 0 0 1.096
5.485 14.5877 0 0 0 0 1.097
5.49 14.5819 0 0 0 0 1.098
5.495 14.5761 0 0 0 0 1.099
5.5 14.5703 0 0 0 0 1.1
5.505 14.5646 0 0 0 0 1.101
5.51 14.5588 0 0 0 0 1.102
5.515 14.5529 0 0 0 0 1.103
5.52 14.5471 0 0 0 0 1.104
5.525 14.5413 0 0 0 0 1.105
5.53 14.5355 0 0 0 0 1.106
5.535 14.5296 0 0 0 0 1.107
5.54 14.5237 0 0 0 0 1.108
5.545 14.5179 0 0 0 0 1.109
5.55 14.512 0 0 0 0 1.11
5.555 14.5061 0 0 0 0 1.111
5.56 14.5002 0 0 0 0 1.112
5.565 14.4943 0 0 0 0 1.113
5.57 14.4884 0 0 0 0 1.114
5.575 14.4825 0 0 0 0 1.115
5.58 14.4765 0 0 0 0 1.116
5.585 14.4706 0 0 0 0 1.117
5.59 14.4646 0 0 0 0 1.118
5.595 14.4586 0 0 0 0 1.119
5.6 14.4527 0 0 0 0 1.12
5.605 14.4467 0 0 0 0 1.121
5.61 14.4407 0 0 0 0 1.122
5.615 14.4347 0 0 0 0 1.123
5.62 14.4287 0 0 0 0 1.124
5.625 14.4226 0 0 0 0 1.125
5.63 14.4166 0 0 0 0 1.126
5.635 14.4105 0 0 0 0 1.127
5.64 14.4045 0 0 0 0 1.128
5.645 14.3984 0 0 0 0 1.129
5.65 14.3923 0 0 0 0 1.13
5.655 14.3863 0 0 0 0 1.131
5.66 14.3802 0 0 0 0 1.132
5.665 14.3741 0 0 0 0 1.133
5.67 14.3679 0 0 0 0 1.134
5.675 14.3618 0 0 0 0 1.135
5.68 14.3557 0 0 0 0 1.136
5.685 14.3495 0 0 0 0 1.137
5.69 14.3434 0 0 0 0 1.138
5.695 14.3372 0 0 0 0 1.139
5.7 14.3311 0 0 0 0 1.14
5.705 14.3249 0 0 0 0 1.141
5.71 14.3187 0 0 0 0 1.142
5.715 14.3125 0 0 0 0 1.143
5.72 14.3063 0 0 0 0 1.144
5.725 14.3 0 0 0 0 1.145
5.73 14.2938 0 0 0 0 1.146
5.735 14.2876 0 0 0 0 1.147
5.74 14.2813 0 0 0 0 1.148
5.745 14.275 0 0 0 0 1.149
5.75 14.2688 0 0 0 0 1.15
5.755 14.2625 0 0 0 0 1.151
5.76 14.2562 0 0 0 0 1.152
5.765 14.2499 0 0 0 0 1.153
5.77 14.2436 0 0 0 0 1.154
5.775 14.2373 0 0 0 0 1.155
5.78 14.2309 0 0 0 0 1.156
5.785 14.2246 0 0 0 0 1.157
5.79 14.2183 0 0 0 0 1.158
5.795 14.2119 0 0 0 0 1.159
5.8 14.2055 0 0 0 0 1.16
5.805 14.1991 0 0 0 0 1.161
5.81 14.1928 0 0 0 0 1.162
5.815 14.1864 0 0 0 0 1.163
5.82 14.1799 0 0 0 0 1.164
5.825 14.1735 0 0 0 0 1.165
5.83 14.1671 0 0 0 0 1.166
5.835 14.1607 0 0 0 0 1.167
5.84 14.1542 0 0 0 0 1.168
5.845 14.1478 0 0 0 0 1.169
5.85 14.1413 0 0 0 0 1.17
5.855 14.1348 0 0 0 0 1.171
5.86 14.1283 0 0 0 0 1.172
5.865 14.1218 0 0 0 0 1.173
5.87 14.1153 0 0 0 0 1.174
5.875 14.1088 0 0 0 0 1.175
5.88 14.1023 0 0 0 0 1.176
5.885 14.0957 0 0 0 0 1.177
5.89 14.0892 0 0 0 0 1.178
5.895 14.0826 0 0 0 0 1.179
5.9 14.0761 0 0 0 0 1.18
5.905 14.0695 0 0 0 0 1.181
5.91 14.0629 0 0 0 0 1.182
5.915 14.0563 0 0 0 0 1.183
5.92 14.0497 0 0 0 0 1.184
5.925 14.0431 0 0 0 0 1.185
5.93 14.0365 0 0 0 0 1.186
5.935 14.0298 0 0 0 0 1.187
5.94 14.0232 0 0 0 0 1.188
5.945 14.0165 0 0 0 0 1.189
5.95 14.0099 0 0 0 0 1.19
5.955 14.0032 0 0 0 0 1.191
5.96 13.9965 0 0 0 0 1.192
5.965 13.9898 0 0 0 0 1.193
5.97 13.9831 0 0 0 0 1.194
5.975 13.9764 0 0 0 0 1.195
5.98 13.9697 0 0 0 0 1.196
5.985 13.9629 0 0 0 0 1.197
5.99 13.9562 0 0 0 0 1.198
5.995 13.9494 0 0 0 0 1.199
6 13.9427 0 0 0 0 1.2
6.005 13.9359 0 0 0 0 1.201
6.01 13.9291 0 0 0 0 1.202
6.015 13.9223 0 0 0 0 1.203
6.02 13.9155 0 0 0 0 1.204
6.025 13.9087 0 0 0 0 1.205
6.03 13.9019 0 0 0 0 1.206
6.035 13.8951 0 0 0 0 1.207
6.04 13.8882 0 0 0 0 1.208
6.045 13.8814 0 0 0 0 1.209
6.05 13.8745 0 0 0 0 1.21
6.055 13.8677 0 0 0 0 1.211
6.06 13.8608 0 0 0 0 1.212
6.065 13.8539 0 0 0 0 1.213
6.07 13.847 0 0 0 0 1.214
6.075 13.8401 0 0 0 0 1.215
6.08 13.8332 0 0 0 0 1.216
6.085 13.8262 0 0 0 0 1.217
6.09 13.8193 0 0 0 0 1.218
6.095 13.8123 0 0 0 0 1.219
6.1 13.8054 0 0 0 0 1.22
6.105 13.7984 0 0 0 0 1.221
6.11 13.7914 0 0 0 0 1.222
6.115 13.7844 0 0 0 0 1.223
6.12 13.7775 0 0 0 0 1.224
6.125 13.7704 0 0 0 0 1.225
6.13 13.7634 0 0 0 0 1.226
6.135 13.7564 0 0 0 0 1.227
6.14 13.7494 0 0 0 0 1.228
6.145 13.7423 0 0 0 0 1.229
6.15 13.7353 0 0 0 0 1.23
6.155 13.7282 0 0 0 0 1.231
6.16 13.7211 0 0 0 0 1.232
6.165 13.714 0 0 0 0 1.233
6.17 13.7069 0 0 0 0 1.234
6.175 13.6998 0 0 0 0 1.235
6.18 13.6927 0 0 0 0 1.236
6.185 13.6856 0 0 0 0 1.237
6.19 13.6785 0 0 0 0 1.238
6.195 13.6713 0 0 0 0 1.239
6.2 13.6642 0 0 0 0 1.24
6.205 13.657 0 0 0 0 1.241
6.21 13.6498 0 0 0 0 1.242
6.215 13.6426 0 0 0 0 1.243
6.22 13.6354 0 0 0 0 1.244
6.225 13.6282 0 0 0 0 1.245
6.23 13.621 0 0 0 0 1.246
6.235 13.6138 0 0 0 0 1.247
6.24 13.6066 0 0 0 0 1.248
6.245 13.5993 0 0 0 0 1.249
6.25 13.5921 0 0 0 0 1.25
6.255 13.5848 0 0 0 0 1.251
6.26 13.5775 0 0 0 0 1.252
6.265 13.5703 0 0 0 0 1.253
6.27 13.563 0 0 0 0 1.254
6.275 13.5557 0 0 0 0 1.255
6.28 13.5483 0 0 0 0 1.256
6.285 13.541 0 0 0 0 1.257
6.29 13.5337 0 0 0 0 1.258
6.295 13.5264 0 0 0 0 1.259
6.3 13.519 0 0 0 0 1.26
6.305 13.5116 0 0 0 0 1.261
6.31 13.5043 0 0 0 0 1.262
6.315 13.4969 0 0 0 0 1.263
6.32 13.4895 0 0 0 0 1.264
6.325 13.4821 0 0 0 0 1.265
6.33 13.4747 0 0 0 0 1.266
6.335 13.4673 0 0 0 0 1.267
6.34 13.4598 0 0 0 0 1.268
6.345 13.4524 0 0 0 0 1.269
6.35 13.445 0 0 0 0 1.27
6.355 13.4375 0 0 0 0 1.271
6.36 13.43 0 0 0 0 1.272
6.365 13.4225 0 0 0 0 1.273
6.37 13.4151 0 0 0 0 1.274
6.375 13.4076 0 0 0 0 1.275
6.38 13.4001 0 0 0 0 1.276
6.385 13.3925 0 0 0 0 1.277
6.39 13.385 0 0 0 0 1.278
6.395 13.3775 0 0 0 0 1.279
6.4 13.3699 0 0 0 0 1.28
6.405 13.3624 0 0 0 0 1.281
6.41 13.3548 0 0 0 0 1.282
6.415 13.3472 0 0 0 0 1.283
6.42 13.3396 0 0 0 0 1.284
6.425 13.332 0 0 0 0 1.285
6.43 13.3244 0 0 0 0 1.286
6.435 13.3168 0 0 0 0 1.287
6.44 13.3092 0 0 0 0 1.288
6.445 13.3016 0 0 0 0 1.289
6.45 13.2939 0 0 0 0 1.29
6.455 13.2863 0 0 0 0 1.291
6.46 13.2786 0 0 0 0 1.292
6.465 13.2709 0 0 0 0 1.293
6.47 13.2632 0 0 0 0 1.294
6.475 13.2555 0 0 0 0 1.295
6.48 13.2478 0 0 0 0 1.296
6.485 13.2401 0 0 0 0 1.297
6.49 13.2324 0 0 0 0 1.298
6.495 13.2247 0 0 0 0 1.299
6.5 13.2169 0 0 0 0 1.3
6.505 13.2092 0 0 0 0 1.301
6.51 13.2014 0 0 0 0 1.302
6.515 13.1936 0 0 0 0 1.303
6.52 13.1859 0 0 0 0 1.304
6.525 13.1781 0 0 0 0 1.305
6.53 13.1703 0 0 0 0 1.306
6.535 13.1624 0 0 0 0 1.307
6.54 13.1546 0 0 0 0 1.308
6.545 13.1468 0 0 0 0 1.309
6.55 13.139 0 0 0 0 1.31
6.555 13.1311 0 0 0 0 1.311
6.56 13.1232 0 0 0 0 1.312
6.565 13.1154 0 0 0 0 1.313
6.57 13.1075 0 0 0 0 1.314
6.575 13.0996 0 0 0 0 1.315
6.58 13.0917 0 0 0 0 1.316
6.585 13.0838 0 0 0 0 1.317
6.59 13.0759 0 0 0 0 1.318
6.595 13.0679 0 0 0 0 1.319
6.6 13.06 0 0 0 0 1.32
6.605 13.0521 0 0 0 0 1.321
6.61 13.0441 0 0 0 0 1.322
6.615 13.0361 0 0 0 0 1.323
6.62 13.0281 0 0 0 0 1.324
6.625 13.0202 0 0 0 0 1.325
6.63 13.0122 0 0 0 0 1.326
6.635 13.0042 0 0 0 0 1.327
6.64 12.9961 0 0 0 0 1.328
6.645 12.9881 0 0 0 0 1.329
6.65 12.9801 0 0 0 0 1.33
6.655 12.972 0 0 0 0 1.331
6.66 12.964 0 0 0 0 1.332
6.665 12.9559 0 0 0 0 1.333
6.67 12.9478 0 0 0 0 1.334
6.675 12.9397 0 0 0 0 1.335
6.68 12.9316 0 0 0 0 1.336
6.685 12.9235 0 0 0 0 1.337
6.69 12.9154 0 0 0 0 1.338
6.695 12.9073 0 0 0 0 1.339
6.7 12.8992 0 0 0 0 1.34
6.705 12.891 0 0 0 0 1.341
6.71 12.8829 0 0 0 0 1.342
6.715 12.8747 0 0 0 0 1.343
6.72 12.8665 0 0 0 0 1.344
6.725 12.8583 0 0 0 0 1.345
6.73 12.8501 0 0 0 0 1.346
6.735 12.8419 0 0 0 0 1.347
6.74 12.8337 0 0 0 0 1.348
6.745 12.8255 0 0 0 0 1.349
6.75 12.8173 0 0 0 0 1.35
6.755 12.809 0 0 0 0 1.351
6.76 12.8008 0 0 0 0 1.352
6.765 12.7925 0 0 0 0 1.353
6.77 12.7842 0 0 0 0 1.354
6.775 12.7759 0 0 0 0 1.355
6.78 12.7677 0 0 0 0 1.356
6.785 12.7593 0 0 0 0 1.357
6.79 12.751 0 0 0 0 1.358
6.795 12.7427 0 0 0 0 1.359
6.8 12.7344 0 0 0 0 1.36
6.805 12.726 0 0 0 0 1.361
6.81 12.7177 0 0 0 0 1.362
6.815 12.7093 0 0 0 0 1.363
6.82 12.701 0 0 0 0 1.364
6.825 12.6926 0 0 0 0 1.365
6.83 12.6842 0 0 0 0 1.366
6.835 12.6758 0 0 0 0 1.367
6.84 12.6674 0 0 0 0 1.368
6.845 12.659 0 0 0 0 1.369
6.85 12.6505 0 0 0 0 1.37
6.855 12.6421 0 0 0 0 1.371
6.86 12.6336 0 0 0 0 1.372
6.865 12.6252 0 0 0 0 1.373
6.87 12.6167 0 0 0 0 1.374
6.875 12.6082 0 0 0 0 1.375
6.88 12.5997 0 0 0 0 1.376
6.885 12.5912 0 0 0 0 1.377
6.89 12.5827 0 0 0 0 1.378
6.895 12.5742 0 0 0 0 1.379
6.9 12.5657 0 0 0 0 1.38
6.905 12.5571 0 0 0 0 1.381
6.91 12.5486 0 0 0 0 1.382
6.915 12.54 0 0 0 0 1.383
6.92 12.5315 0 0 0 0 1.384
6.925 12.5229 0 0 0 0 1.385
6.93 12.5143 0 0 0 0 1.386
6.935 12.5057 0 0 0 0 1.387
6.94 12.4971 0 0 0 0 1.388
6.945 12.4885 0 0 0 0 1.389
6.95 12.4799 0 0 0 0 1.39
6.955 12.4712 0 0 0 0 1.391
6.96 12.4626 0 0 0 0 1.392
6.965 12.4539 0 0 0 0 1.393
6.97 12.4453 0 0 0 0 1.394
6.975 12.4366 0 0 0 0 1.395
6.98 12.4279 0 0 0 0 1.396
6.985 12.4192 0 0 0 0 1.397
6.99 12.4105 0 0 0 0 1.398
6.995 12.4018 0 0 0 0 1.399
7 12.3931 0 0 0 0 1.4
7.005 12.3843 0 0 0 0 1.401
7.01 12.3756 0 0 0 0 1.402
7.015 12.3668 0 0 0 0 1.403
7.02 12.3581 0 0 0 0 1.404
7.025 12.3493 0 0 0 0 1.405
7.03 12.3405 0 0 0 0 1.406
7.035 12.3317 0 0 0 0 1.407
7.04 12.3229 0 0 0 0 1.408
7.045 12.3141 0 0 0 0 1.409
7.05 12.3053 0 0 0 0 1.41
7.055 12.2965 0 0 0 0 1.411
7.06 12.2876 0 0 0 0 1.412
7.065 12.2788 0 0 0 0 1.413
7.07 12.2699 0 0 0 0 1.414
7.075 12.261 0 0 0 0 1.415
7.08 12.2521 0 0 0 0 1.416
7.085 12.2433 0 0 0 0 1.417
7.09 12.2344 0 0 0 0 1.418
7.095 12.2254 0 0 0 0 1.419
7.1 12.2165 0 0 0 0 1.42
7.105 12.2076 0 0 0 0 1.421
7.11 12.1987 0 0 0 0 1.422
7.115 12.1897 0 0 0 0 1.423
7.12 12.1807 0 0 0 0 1.424
7.125 12.1718 0 0 0 0 1.425
7.13 12.1628 0 0 0 0 1.426
7.135 12.1538 0 0 0 0 1.427
7.14 12.1448 0 0 0 0 1.428
7.145 12.1358 0 0 0 0 1.429
7.15 12.1268 0 0 0 0 1.43
7.155 12.1178 0 0 0 0 1.431
7.16 12.1087 0 0 0 0 1.432
7.165 12.0997 0 0 0 0 1.433
7.17 12.0906 0 0 0 0 1.434
7.175 12.0815 0 0 0 0 1.435
7.18 12.0725 0 0 0 0 1.436
7.185 12.0634 0 0 0 0 1.437
7.19 12.0543 0 0 0 0 1.438
7.195 12.0452 0 0 0 0 1.439
7.2 12.0361 0 0 0 0 1.44
7.205 12.0269 0 0 0 0 1.441
7.21 12.0178 0 0 0 0 1.442
7.215 12.0086 0 0 0 0 1.443
7.22 11.9995 0 0 0 0 1.444
7.225 11.9903 0 0 0 0 1.445
7.23 11.9811 0 0 0 0 1.446
7.235 11.972 0 0 0 0 1.447
7.24 11.9628 0 0 0 0 1.448
7.245 11.9536 0 0 0 0 1.449
7.25 11.9443 0 0 0 0 1.45
7.255 11.9351 0 0 0 0 1.451
7.26 11.9259 0 0 0 0 1.452
7.265 11.9166 0 0 0 0 1.453
7.27 11.9074 0 0 0 0 1.454
7.275 11.8981 0 0 0 0 1.455
7.28 11.8889 0 0 0 0 1.456
7.285 11.8796 0 0 0 0 1.457
7.29 11.8703 0 0 0 0 1.458
7.295 11.861 0 0 0 0 1.459
7.3 11.8517 0 0 0 0 1.46
7.305 11.8423 0 0 0 0 1.461
7.31 11.833 0 0 0 0 1.462
7.315 11.8237 0 0 0 0 1.463
7.32 11.8143 0 0 0 0 1.464
7.325 11.805 0 0 0 0 1.465
7.33 11.7956 0 0 0 0 1.466
7.335 11.7862 0 0 0 0 1.467
7.34 11.7768 0 0 0 0 1.468
7.345 11.7674 0 0 0 0 1.469
7.35 11.758 0 0 0 0 1.47
7.355 11.7486 0 0 0 0 1.471
7.36 11.7391 0 0 0 0 1.472
7.365 11.7297 0 0 0 0 1.473
7.37 11.7203 0 0 0 0 1.474
7.375 11.7108 0 0 0 0 1.475
7.38 11.7013 0 0 0 0 1.476
7.385 11.6918 0 0 0 0 1.477
7.39 11.6824 0 0 0 0 1.478
7.395 11.6729 0 0 0 0 1.479
7.4 11.6633 0 0 0 0 1.48
7.405 11.6538 0 0 0 0 1.481
7.41 11.6443 0 0 0 0 1.482
7.415 11.6348 0 0 0 0 1.483
7.42 11.6252 0 0 0 0 1.484
7.425 11.6157 0 0 0 0 1.485
7.43 11.6061 0 0 0 0 1.486
7.435 11.5965 0 0 0 0 1.487
7.44 11.5869 0 0 0 0 1.488
7.445 11.5773 0 0 0 0 1.489
7.45 11.5677 0 0 0 0 1.49
7.455 11.5581 0 0 0 0 1.491
7.46 11.5485 0 0 0 0 1.492
7.465 11.5388 0 0 0 0 1.493
7.47 11.5292 0 0 0 0 1.494
7.475 11.5195 0 0 0 0 1.495
7.48 11.5099 0 0 0 0 1.496
7.485 11.5002 0 0 0 0 1.497
7.49 11.4905 0 0 0 0 1.498
7.495 11.4808 0 0 0 0 1.499
7.5 11.4711 0 0 0 0 1.5
7.505 11.4614 0 0 0 0 1.501
7.51 11.4517 0 0 0 0 1.502
7.515 11.4419 0 0 0 0 1.503
7.52 11.4322 0 0 0 0 1.504
7.525 11.4224 0 0 0 0 1.505
7.53 11.4127 0 0 0 0 1.506
7.535 11.4029 0 0 0 0 1.507
7.54 11.3931 0 0 0 0 1.508
7.545 11.3833 0 0 0 0 1.509
7.55 11.3735 0 0 0 0 1.51
7.555 11.3637 0 0 0 0 1.511
7.56 11.3539 0 0 0 0 1.512
7.565 11.344 0 0 0 0 1.513
7.57 11.3342 0 0 0 0 1.514
7.575 11.3244 0 0 0 0 1.515
7.58 11.3145 0 0 0 0 1.516
7.585 11.3046 0 0 0 0 1.517
7.59 11.2947 0 0 0 0 1.518
7.595 11.2848 0 0 0 0 1.519
7.6 11.2749 0 0 0 0 1.52
7.605 11.265 0 0 0 0 1.521
7.61 11.2551 0 0 0 0 1.522
7.615 11.2452 0 0 0 0 1.523
7.62 11.2352 0 0 0 0 1.524
7.625 11.2253 0 0 0 0 1.525
7.63 11.2153 0 0 0 0 1.526
7.635 11.2054 0 0 0 0 1.527
7.64 11.1954 0 0 0 0 1.528
7.645 11.1854 0 0 0 0 1.529
7.65 11.1754 0 0 0 0 1.53
7.655 11.1654 0 0 0 0 1.531
7.66 11.1554 0 0 0 0 1.532
7.665 11.1453 0 0 0 0 1.533
7.67 11.1353 0 0 0 0 1.534
7.675 11.1252 0 0 0 0 1.535
7.68 11.1152 0 0 0 0 1.536
7.685 11.1051 0 0 0 0 1.537
7.69 11.095 0 0 0 0 1.538
7.695 11.085 0 0 0 0 1.539
7.7 11.0749 0 0 0 0 1.54
7.705 11.0647 0 0 0 0 1.541
7.71 11.0546 0 0 0 0 1.542
7.715 11.0445 0 0 0 0 1.543
7.72 11.0344 0 0 0 0 1.544
7.725 11.0242 0 0 0 0 1.545
7.73 11.0141 0 0 0 0 1.546
7.735 11.0039 0 0 0 0 1.547
7.74 10.9937 0 0 0 0 1.548
7.745 10.9835 0 0 0 0 1.549
7.75 10.9733 0 0 0 0 1.55
7.755 10.9631 0 0 0 0 1.551
7.76 10.9529 0 0 0 0 1.552
7.765 10.9427 0 0 0 0 1.553
7.77 10.9325 0 0 0 0 1.554
7.775 10.9222 0 0 0 0 1.555
7.78 10.912 0 0 0 0 1.556
7.785 10.9017 0 0 0 0 1.557
7.79 10.8914 0 0 0 0 1.558
7.795 10.8811 0 0 0 0 1.559
7.8 10.8708 0 0 0 0 1.56
7.805 10.8605 0 0 0 0 1.561
7.81 10.8502 0 0 0 0 1.562
7.815 10.8399 0 0 0 0 1.563
7.82 10.8296 0 0 0 0 1.564
7.825 10.8192 0 0 0 0 1.565
7.83 10.8089 0 0 0 0 1.566
7.835 10.7985 0 0 0 0 1.567
7.84 10.7881 0 0 0 0 1.568
7.845 10.7778 0 0 0 0 1.569
7.85 10.7674 0 0 0 0 1.57
7.855 10.757 0 0 0 0 1.571
7.86 10.7466 0 0 0 0 1.572
7.865 10.7361 0 0 0 0 1.573
7.87 10.7257 0 0 0 0 1.574
7.875 10.7153 0 0 0 0 1.575
7.88 10.7048 0 0 0 0 1.576
7.885 10.6943 0 0 0 0 1.577
7.89 10.6839 0 0 0 0 1.578
7.895 10.6734 0 0 0 0 1.579
7.9 10.6629 0 0 0 0 1.58
7.905 10.6524 0 0 0 0 1.581
7.91 10.6419 0 0 0 0 1.582
7.915 10.6314 0 0 0 0 1.583
7.92 10.6208 0 0 0 0 1.584
7.925 10.6103 0 0 0 0 1.585
7.93 10.5998 0 0 0 0 1.586
7.935 10.5892 0 0 0 0 1.587
7.94 10.5786 0 0 0 0 1.588
7.945 10.5681 0 0 0 0 1.589
7.95 10.5575 0 0 0 0 1.59
7.955 10.5469 0 0 0 0 1.591
7.96 10.5363 0 0 0 0 1.592
7.965 10.5256 0 0 0 0 1.593
7.97 10.515 0 0 0 0 1.594
7.975 10.5044 0 0 0 0 1.595
7.98 10.4937 0 0 0 0 1.596
7.985 10.4831 0 0 0 0 1.597
7.99 10.4724 0 0 0 0 1.598
7.995 10.4617 0 0 0 0 1.599
8 10.451 0 0 0 0 1.6
8.005 10.4404 0 0 0 0 1.601
8.01 10.4296 0 0 0 0 1.602
8.015 10.4189 0 0 0 0 1.603
8.02 10.4082 0 0 0 0 1.604
8.025 10.3975 0 0 0 0 1.605
8.03 10.3867 0 0 0 0 1.606
8.035 10.376 0 0 0 0 1.607
8.04 10.3652 0 0 0 0 1.608
8.045 10.3544 0 0 0 0 1.609
8.05 10.3436 0 0 0 0 1.61
8.055 10.3329 0 0 0 0 1.611
8.06 10.322 0 0 0 0 1.612
8.065 10.3112 0 0 0 0 1.613
8.07 10.3004 0 0 0 0 1.614
8.075 10.2896 0 0 0 0 1.615
8.08 10.2787 0 0 0 0 1.616
8.085 10.2679 0 0 0 0 1.617
8.09 10.257 0 0 0 0 1.618
8.095 10.2461 0 0 0 0 1.619
8.1 10.2353 0 0 0 0 1.62
8.105 10.2244 0 0 0 0 1.621
8.11 10.2135 0 0 0 0 1.622
8.115 10.2026 0 0 0 0 1.623
8.12 10.1916 0 0 0 0 1.624
8.125 10.1807 0 0 0 0 1.625
8.13 10.1698 0 0 0 0 1.626
8.135 10.1588 0 0 0 0 1.627
8.14 10.1479 0 0 0 0 1.628
8.145 10.1369 0 0 0 0 1.629
8.15 10.1259 0 0 0 0 1.63
8.155 10.1149 0 0 0 0 1.631
8.16 10.1039 0 0 0 0 1.632
8.165 10.0929 0 0 0 0 1.633
8.17 10.0819 0 0 0 0 1.634
8.175 10.0709 0 0 0 0 1.635
8.18 10.0598 0 0 0 0 1.636
8.185 10.0488 0 0 0 0 1.637
8.19 10.0377 0 0 0 0 1.638
8.195 10.0266 0 0 0 0 1.639
8.2 10.0156 0 0 0 0 1.64
8.205 10.0045 0 0 0 0 1.641
8.21 9.99337 0 0 0 0 1.642
8.215 9.98226 0 0 0 0 1.643
8.22 9.97114 0 0 0 0 1.644
8.225 9.96002 0 0 0 0 1.645
8.23 9.94888 0 0 0 0 1.646
8.235 9.93773 0 0 0 0 1.647
8.24 9.92657 0 0 0 0 1.648
8.245 9.91541 0 0 0 0 1.649
8.25 9.90423 0 0 0 0 1.65
8.255 9.89304 0 0 0 0 1.651
8.26 9.88185 0 0 0 0 1.652
8.265 9.87064 0 0 0 0 1.653
8.27 9.85943 0 0 0 0 1.654
8.275 9.8482 0 0 0 0 1.655
8.28 9.83696 0 0 0 0 1.656
8.285 9.82572 0 0 0 0 1.657
8.29 9.81446 0 0 0 0 1.658
8.295 9.8032 0 0 0 0 1.659
8.3 9.79192 0 0 0 0 1.66
8.305 9.78064 0 0 0 0 1.661
8.31 9.76935 0 0 0 0 1.662
8.315 9.75804 0 0 0 0 1.663
8.32 9.74673 0 0 0 0 1.664
8.325 9.7354 0 0 0 0 1.665
8.33 9.72407 0 0 0 0 1.666
8.335 9.71273 0 0 0 0 1.667
8.34 9.70137 0 0 0 0 1.668
8.345 9.69001 0 0 0 0 1.669
8.35 9.67864 0 0 0 0 1.67
8.355 9.66725 0 0 0 0 1.671
8.36 9.65586 0 0 0 0 1.672
8.365 9.64446 0 0 0 0 1.673
8.37 9.63305 0 0 0 0 1.674
8.375 9.62163 0 0 0 0 1.675
8.38 9.61019 0 0 0 0 1.676
8.385 9.59875 0 0 0 0 1.677
8.39 9.5873 0 0 0 0 1.678
8.395 9.57584 0 0 0 0 1.679
8.4 9.56437 0 0 0 0 1.68
8.405 9.55289 0 0 0 0 1.681
8.41 9.5414 0 0 0 0 1.682
8.415 9.5299 0 0 0 0 1.683
8.42 9.51839 0 0 0 0 1.684
8.425 9.50687 0 0 0 0 1.685
8.43 9.49534 0 0 0 0 1.686
8.435 9.4838 0 0 0 0 1.687
8.44 9.47225 0 0 0 0 1.688
8.445 9.46069 0 0 0 0 1.689
8.45 9.44912 0 0 0 0 1.69
8.455 9.43754 0 0 0 0 1.691
8.46 9.42595 0 0 0 0 1.692
8.465 9.41435 0 0 0 0 1.693
8.47 9.40274 0 0 0 0 1.694
8.475 9.39113 0 0 0 0 1.695
8.48 9.3795 0 0 0 0 1.696
8.485 9.36786 0 0 0 0 1.697
8.49 9.35621 0 0 0 0 1.698
8.495 9.34456 0 0 0 0 1.699
8.5 9.33289 0 0 0 0 1.7
8.505 9.32121 0 0 0 0 1.701
8.51 9.30952 0 0 0 0 1.702
8.515 9.29783 0 0 0 0 1.703
8.52 9.28612 0 0 0 0 1.704
8.525 9.27441 0 0 0 0 1.705
8.53 9.26268 0 0 0 0 1.706
8.535 9.25094 0 0 0 0 1.707
8.54 9.2392 0 0 0 0 1.708
8.545 9.22744 0 0 0 0 1.709
8.55 9.21568 0 0 0 0 1.71
8.555 9.2039 0 0 0 0 1.711
8.56 9.19212 0 0 0 0 1.712
8.565 9.18032 0 0 0 0 1.713
8.57 9.16852 0 0 0 0 1.714
8.575 9.1567 0 0 0 0 1.715
8.58 9.14488 0 0 0 0 1.716
8.585 9.13305 0 0 0 0 1.717
8.59 9.1212 0 0 0 0 1.718
8.595 9.10935 0 0 0 0 1.719
8.6 9.09748 0 0 0 0 1.72
8.605 9.08561 0 0 0 0 1.721
8.61 9.07373 0 0 0 0 1.722
8.615 9.06184 0 0 0 0 1.723
8.62 9.04993 0 0 0 0 1.724
8.625 9.03802 0 0 0 0 1.725
8.63 9.0261 0 0 0 0 1.726
8.635 9.01417 0 0 0 0 1.727
8.64 9.00222 0 0 0 0 1.728
8.645 8.99027 0 0 0 0 1.729
8.65 8.97831 0 0 0 0 1.73
8.655 8.96634 0 0 0 0 1.731
8.66 8.95436 0 0 0 0 1.732
8.665 8.94237 0 0 0 0 1.733
8.67 8.93037 0 0 0 0 1.734
8.675 8.91836 0 0 0 0 1.735
8.68 8.90634 0 0 0 0 1.736
8.685 8.89431 0 0 0 0 1.737
8.69 8.88227 0 0 0 0 1.738
8.695 8.87022 0 0 0 0 1.739
8.7 8.85816 0 0 0 0 1.74
8.705 8.84609 0 0 0 0 1.741
8.71 8.83401 0 0 0 0 1.742
8.715 8.82192 0 0 0 0 1.743
8.72 8.80982 0 0 0 0 1.744
8.725 8.79771 0 0 0 0 1.745
8.73 8.78559 0 0 0 0 1.746
8.735 8.77346 0 0 0 0 1.747
8.74 8.76133 0 0 0 0 1.748
8.745 8.74918 0 0 0 0 1.749
8.75 8.73702 0 0 0 0 1.75
8.755 8.72485 0 0 0 0 1.751
8.76 8.71268 0 0 0 0 1.752
8.765 8.70049 0 0 0 0 1.753
8.77 8.68829 0 0 0 0 1.754
8.775 8.67609 0 0 0 0 1.755
8.78 8.66387 0 0 0 0 1.756
8.785 8.65164 0 0 0 0 1.757
8.79 8.63941 0 0 0 0 1.758
8.795 8.62716 0 0 0 0 1.759
8.8 8.6149 0 0 0 0 1.76
8.805 8.60264 0 0 0 0 1.761
8.81 8.59036 0 0 0 0 1.762
8.815 8.57808 0 0 0 0 1.763
8.82 8.56578 0 0 0 0 1.764
8.825 8.55348 0 0 0 0 1.765
8.83 8.54116 0 0 0 0 1.766
8.835 8.52884 0 0 0 0 1.767
8.84 8.51651 0 0 0 0 1.768
8.845 8.50416 0 0 0 0 1.769
8.85 8.49181 0 0 0 0 1.77
8.855 8.47944 0 0 0 0 1.771
8.86 8.46707 0 0 0 0 1.772
8.865 8.45469 0 0 0 0 1.773
8.87 8.44229 0 0 0 0 1.774
8.875 8.42989 0 0 0 0 1.775
8.88 8.41748 0 0 0 0 1.776
8.885 8.40506 0 0 0 0 1.777
8.89 8.39262 0 0 0 0 1.778
8.895 8.38018 0 0 0 0 1.779
8.9 8.36773 0 0 0 0 1.78
8.905 8.35527 0 0 0 0 1.781
8.91 8.3428 0 0 0 0 1.782
8.915 8.33031 0 0 0 0 1.783
8.92 8.31782 0 0 0 0 1.784
8.925 8.30532 0 0 0 0 1.785
8.93 8.29281 0 0 0 0 1.786
8.935 8.28029 0 0 0 0 1.787
8.94 8.26776 0 0 0 0 1.788
8.945 8.25522 0 0 0 0 1.789
8.95 8.24267 0 0 0 0 1.79
8.955 8.23011 0 0 0 0 1.791
8.96 8.21754 0 0 0 0 1.792
8.965 8.20496 0 0 0 0 1.793
8.97 8.19237 0 0 0 0 1.794
8.975 8.17977 0 0 0 0 1.795
8.98 8.16716 0 0 0 0 1.796
8.985 8.15454 0 0 0 0 1.797
8.99 8.14192 0 0 0 0 1.798
8.995 8.12928 0 0 0 0 1.799
9 8.11663 0 0 0 0 1.8
9.005 8.10397 0 0 0 0 1.801
9.01 8.0913 0 0 0 0 1.802
9.015 8.07863 0 0 0 0 1.803
9.02 8.06594 0 0 0 0 1.804
9.025 8.05324 0 0 0 0 1.805
9.03 8.04053 0 0 0 0 1.806
9.035 8.02782 0 0 0 0 1.807
9.04 8.01509 0 0 0 0 1.808
9.045 8.00235 0 0 0 0 1.809
9.05 7.98961 0 0 0 0 1.81
9.055 7.97685 0 0 0 0 1.811
9.06 7.96409 0 0 0 0 1.812
9.065 7.95131 0 0 0 0 1.813
9.07 7.93852 0 0 0 0 1.814
9.075 7.92573 0 0 0 0 1.815
9.08 7.91292 0 0 0 0 1.816
9.085 7.90011 0 0 0 0 1.817
9.09 7.88728 0 0 0 0 1.818
9.095 7.87445 0 0 0 0 1.819
9.1 7.86161 0 0 0 0 1.82
9.105 7.84875 0 0 0 0 1.821
9.11 7.83589 0 0 0 0 1.822
9.115 7.82301 0 0 0 0 1.823
9.12 7.81013 0 0 0 0 1.824
9.125 7.79724 0 0 0 0 1.825
9.13 7.78433 0 0 0 0 1.826
9.135 7.77142 0 0 0 0 1.827
9.14 7.7585 0 0 0 0 1.828
9.145 7.74556 0 0 0 0 1.829
9.15 7.73262 0 0 0 0 1.83
9.155 7.71967 0 0 0 0 1.831
9.16 7.70671 0 0 0 0 1.832
9.165 7.69374 0 0 0 0 1.833
9.17 7.68075 0 0 0 0 1.834
9.175 7.66776 0 0 0 0 1.835
9.18 7.65476 0 0 0 0 1.836
9.185 7.64175 0 0 0 0 1.837
9.19 7.62873 0 0 0 0 1.838
9.195 7.6157 0 0 0 0 1.839
9.2 7.60266 0 0 0 0 1.84
9.205 7.58961 0 0 0 0 1.841
9.21 7.57655 0 0 0 0 1.842
9.215 7.56348 0 0 0 0 1.843
9.22 7.5504 0 0 0 0 1.844
9.225 7.53731 0 0 0 0 1.845
9.23 7.52421 0 0 0 0 1.846
9.235 7.5111 0 0 0 0 1.847
9.24 7.49798 0 0 0 0 1.848
9.245 7.48485 0 0 0 0 1.849
9.25 7.47171 0 0 0 0 1.85
9.255 7.45856 0 0 0 0 1.851
9.26 7.4454 0 0 0 0 1.852
9.265 7.43224 0 0 0 0 1.853
9.27 7.41906 0 0 0 0 1.854
9.275 7.40587 0 0 0 0 1.855
9.28 7.39267 0 0 0 0 1.856
9.285 7.37947 0 0 0 0 1.857
9.29 7.36625 0 0 0 0 1.858
9.295 7.35302 0 0 0 0 1.859
9.3 7.33979 0 0 0 0 1.86
9.305 7.32654 0 0 0 0 1.861
9.31 7.31328 0 0 0 0 1.862
9.315 7.30002 0 0 0 0 1.863
9.32 7.28674 0 0 0 0 1.864
9.325 7.27345 0 0 0 0 1.865
9.33 7.26016 0 0 0 0 1.866
9.335 7.24685 0 0 0 0 1.867
9.34 7.23354 0 0 0 0 1.868
9.345 7.22021 0 0 0 0 1.869
9.35 7.20688 0 0 0 0 1.87
9.355 7.19353 0 0 0 0 1.871
9.36 7.18018 0 0 0 0 1.872
9.365 7.16681 0 0 0 0 1.873
9.37 7.15344 0 0 0 0 1.874
9.375 7.14006 0 0 0 0 1.875
9.38 7.12666 0 0 0 0 1.876
9.385 7.11326 0 0 0 0 1.877
9.39 7.09985 0 0 0 0 1.878
9.395 7.08642 0 0 0 0 1.879
9.4 7.07299 0 0 0 0 1.88
9.405 7.05955 0 0 0 0 1.881
9.41 7.04609 0 0 0 0 1.882
9.415 7.03263 0 0 0 0 1.883
9.42 7.01916 0 0 0 0 1.884
9.425 7.00568 0 0 0 0 1.885
9.43 6.99219 0 0 0 0 1.886
9.435 6.97868 0 0 0 0 1.887
9.44 6.96517 0 0 0 0 1.888
9.445 6.95165 0 0 0 0 1.889
9.45 6.93812 0 0 0 0 1.89
9.455 6.92458 0 0 0 0 1.891
9.46 6.91103 0 0 0 0 1.892
9.465 6.89747 0 0 0 0 1.893
9.47 6.8839 0 0 0 0 1.894
9.475 6.87032 0 0 0 0 1.895
9.48 6.85673 0 0 0 0 1.896
9.485 6.84313 0 0 0 0 1.897
9.49 6.82952 0 0 0 0 1.898
9.495 6.8159 0 0 0 0 1.899
9.5 6.80227 0 0 0 0 1.9
9.505 6.78863 0 0 0 0 1.901
9.51 6.77498 0 0 0 0 1.902
9.515 6.76132 0 0 0 0 1.903
9.52 6.74765 0 0 0 0 1.904
9.525 6.73398 0 0 0 0 1.905
9.53 6.72029 0 0 0 0 1.906
9.535 6.70659 0 0 0 0 1.907
9.54 6.69288 0 0 0 0 1.908
9.545 6.67917 0 0 0 0 1.909
9.55 6.66544 0 0 0 0 1.91
9.555 6.6517 0 0 0 0 1.911
9.56 6.63795 0 0 0 0 1.912
9.565 6.6242 0 0 0 0 1.913
9.57 6.61043 0 0 0 0 1.914
9.575 6.59665 0 0 0 0 1.915
9.58 6.58287 0 0 0 0 1.916
9.585 6.56907 0 0 0 0 1.917
9.59 6.55527 0 0 0 0 1.918
9.595 6.54145 0 0 0 0 1.919
9.6 6.52763 0 0 0 0 1.92
9.605 6.51379 0 0 0 0 1.921
9.61 6.49995 0 0 0 0 1.922
9.615 6.48609 0 0 0 0 1.923
9.62 6.47223 0 0 0 0 1.924
9.625 6.45835 0 0 0 0 1.925
9.63 6.44447 0 0 0 0 1.926
9.635 6.43057 0 0 0 0 1.927
9.64 6.41667 0 0 0 0 1.928
9.645 6.40276 0 0 0 0 1.929
9.65 6.38883 0 0 0 0 1.93
9.655 6.3749 0 0 0 0 1.931
9.66 6.36096 0 0 0 0 1.932
9.665 6.347 0 0 0 0 1.933
9.67 6.33304 0 0 0 0 1.934
9.675 6.31907 0 0 0 0 1.935
9.68 6.30509 0 0 0 0 1.936
9.685 6.29109 0 0 0 0 1.937
9.69 6.27709 0 0 0 0 1.938
9.695 6.26308 0 0 0 0 1.939
9.7 6.24906 0 0 0 0 1.94
9.705 6.23503 0 0 0 0 1.941
9.71 6.22099 0 0 0 0 1.942
9.715 6.20693 0 0 0 0 1.943
9.72 6.19287 0 0 0 0 1.944
9.725 6.1788 0 0 0 0 1.945
9.73 6.16472 0 0 0 0 1.946
9.735 6.15063 0 0 0 0 1.947
9.74 6.13653 0 0 0 0 1.948
9.745 6.12242 0 0 0 0 1.949
9.75 6.1083 0 0 0 0 1.95
9.755 6.09417 0 0 0 0 1.951
9.76 6.08003 0 0 0 0 1.952
9.765 6.06588 0 0 0 0 1.953
9.77 6.05173 0 0 0 0 1.954
9.775 6.03756 0 0 0 0 1.955
9.78 6.02338 0 0 0 0 1.956
9.785 6.00919 0 0 0 0 1.957
9.79 5.99499 0 0 0 0 1.958
9.795 5.98078 0 0 0 0 1.959
9.8 5.96657 0 0 0 0 1.96
9.805 5.95234 0 0 0 0 1.961
9.81 5.9381 0 0 0 0 1.962
9.815 5.92385 0 0 0 0 1.963
9.82 5.9096 0 0 0 0 1.964
9.825 5.89533 0 0 0 0 1.965
9.83 5.88105 0 0 0 0 1.966
9.835 5.86677 0 0 0 0 1.967
9.84 5.85247 0 0 0 0 1.968
9.845 5.83816 0 0 0 0 1.969
9.85 5.82385 0 0 0 0 1.97
9.855 5.80952 0 0 0 0 1.971
9.86 5.79519 0 0 0 0 1.972
9.865 5.78084 0 0 0 0 1.973
9.87 5.76649 0 0 0 0 1.974
9.875 5.75212 0 0 0 0 1.975
9.88 5.73775 0 0 0 0 1.976
9.885 5.72336 0 0 0 0 1.977
9.89 5.70897 0 0 0 0 1.978
9.895 5.69456 0 0 0 0 1.979
9.9 5.68015 0 0 0 0 1.98
9.905 5.66573 0 0 0 0 1.981
9.91 5.65129 0 0 0 0 1.982
9.915 5.63685 0 0 0 0 1.983
9.92 5.6224 0 0 0 0 1.984
9.925 5.60793 0 0 0 0 1.985
9.93 5.59346 0 0 0 0 1.986
9.935 5.57898 0 0 0 0 1.987
9.94 5.56448 0 0 0 0 1.988
9.945 5.54998 0 0 0 0 1.989
9.95 5.53547 0 0 0 0 1.99
9.955 5.52095 0 0 0 0 1.991
9.96 5.50642 0 0 0 0 1.992
9.965 5.49188 0 0 0 0 1.993
9.97 5.47732 0 0 0 0 1.994
9.975 5.46276 0 0 0 0 1.995
9.98 5.44819 0 0 0 0 1.996
9.985 5.43361 0 0 0 0 1.997
9.99 5.41902 0 0 0 0 1.998
9.995 5.40442 0 0 0 0 1.999
10 5.38981 0 0 0 0 2
10.005 5.37519 0 0 0 0 2.001
10.01 5.36056 0 0 0 0 2.002
10.015 5.34592 0 0 0 0 2.003
10.02 5.33127 0 0 0 0 2.004
10.025 5.31661 0 0 0 0 2.005
10.03 5.30194 0 0 0 0 2.006
10.035 5.28726 0 0 0 0 2.007
10.04 5.27258 0 0 0 0 2.008
10.045 5.25788 0 0 0 0 2.009
10.05 5.24317 0 0 0 0 2.01
10.055 5.22845 0 0 0 0 2.011
10.06 5.21372 0 0 0 0 2.012
10.065 5.19898 0 0 0 0 2.013
10.07 5.18424 0 0 0 0 2.014
10.075 5.16948 0 0 0 0 2.015
10.08 5.15471 0 0 0 0 2.016
10.085 5.13994 0 0 0 0 2.017
10.09 5.12515 0 0 0 0 2.018
10.095 5.11035 0 0 0 0 2.019
10.1 5.09555 0 0 0 0 2.02
10.105 5.08073 0 0 0 0 2.021
10.11 5.0659 0 0 0 0 2.022
10.115 5.05107 0 0 0 0 2.023
10.12 5.03622 0 0 0 0 2.024
10.125 5.02137 0 0 0 0 2.025
10.13 5.0065 0 0 0 0 2.026
10.135 4.99163 0 0 0 0 2.027
10.14 4.97674 0 0 0 0 2.028
10.145 4.96185 0 0 0 0 2.029
10.15 4.94694 0 0 0 0 2.03
10.155 4.93203 0 0 0 0 2.031
10.16 4.9171 0 0 0 0 2.032
10.165 4.90217 0 0 0 0 2.033
10.17 4.88723 0 0 0 0 2.034
10.175 4.87227 0 0 0 0 2.035
10.18 4.85731 0 0 0 0 2.036
10.185 4.84234 0 0 0 0 2.037
10.19 4.82735 0 0 0 0 2.038
10.195 4.81236 0 0 0 0 2.039
10.2 4.79736 0 0 0 0 2.04
10.205 4.78235 0 0 0 0 2.041
10.21 4.76732 0 0 0 0 2.042
10.215 4.75229 0 0 0 0 2.043
10.22 4.73725 0 0 0 0 2.044
10.225 4.7222 0 0 0 0 2.045
10.23 4.70714 0 0 0 0 2.046
10.235 4.69207 0 0 0 0 2.047
10.24 4.67698 0 0 0 0 2.048
10.245 4.66189 0 0 0 0 2.049
10.25 4.64679 0 0 0 0 2.05
10.255 4.63168 0 0 0 0 2.051
10.26 4.61656 0 0 0 0 2.052
10.265 4.60143 0 0 0 0 2.053
10.27 4.58629 0 0 0 0 2.054
10.275 4.57114 0 0 0 0 2.055
10.28 4.55598 0 0 0 0 2.056
10.285 4.54081 0 0 0 0 2.057
10.29 4.52563 0 0 0 0 2.058
10.295 4.51045 0 0 0 0 2.059
10.3 4.49525 0 0 0 0 2.06
10.305 4.48004 0 0 0 0 2.061
10.31 4.46482 0 0 0 0 2.062
10.315 4.44959 0 0 0 0 2.063
10.32 4.43435 0 0 0 0 2.064
10.325 4.41911 0 0 0 0 2.065
10.33 4.40385 0 0 0 0 2.066
10.335 4.38858 0 0 0 0 2.067
10.34 4.3733 0 0 0 0 2.068
10.345 4.35802 0 0 0 0 2.069
10.35 4.34272 0 0 0 0 2.07
10.355 4.32741 0 0 0 0 2.071
10.36 4.3121 0 0 0 0 2.072
10.365 4.29677 0 0 0 0 2.073
10.37 4.28143 0 0 0 0 2.074
10.375 4.26609 0 0 0 0 2.075
10.38 4.25073 0 0 0 0 2.076
10.385 4.23537 0 0 0 0 2.077
10.39 4.21999 0 0 0 0 2.078
10.395 4.20461 0 0 0 0 2.079
10.4 4.18921 0 0 0 0 2.08
10.405 4.17381 0 0 0 0 2.081
10.41 4.15839 0 0 0 0 2.082
10.415 4.14297 0 0 0 0 2.083
10.42 4.12753 0 0 0 0 2.084
10.425 4.11209 0 0 0 0 2.085
10.43 4.09663 0 0 0 0 2.086
10.435 4.08117 0 0 0 0 2.087
10.44 4.0657 0 0 0 0 2.088
10.445 4.05021 0 0 0 0 2.089
10.45 4.03472 0 0 0 0 2.09
10.455 4.01922 0 0 0 0 2.091
10.46 4.00371 0 0 0 0 2.092
10.465 3.98818 0 0 0 0 2.093
10.47 3.97265 0 0 0 0 2.094
10.475 3.95711 0 0 0 0 2.095
10.48 3.94156 0 0 0 0 2.096
10.485 3.92599 0 0 0 0 2.097
10.49 3.91042 0 0 0 0 2.098
10.495 3.89484 0 0 0 0 2.099
10.5 3.87925 0 0 0 0 2.1
10.505 3.86365 0 0 0 0 2.101
10.51 3.84804 0 0 0 0 2.102
10.515 3.83242 0 0 0 0 2.103
10.52 3.81679 0 0 0 0 2.104
10.525 3.80115 0 0 0 0 2.105
10.53 3.7855 0 0 0 0 2.106
10.535 3.76984 0 0 0 0 2.107
10.54 3.75417 0 0 0 0 2.108
10.545 3.73849 0 0 0 0 2.109
10.55 3.7228 0 0 0 0 2.11
10.555 3.7071 0 0 0 0 2.111
10.56 3.69139 0 0 0 0 2.112
10.565 3.67567 0 0 0 0 2.113
10.57 3.65994 0 0 0 0 2.114
10.575 3.64421 0 0 0 0 2.115
10.58 3.62846 0 0 0 0 2.116
10.585 3.6127 0 0 0 0 2.117
10.59 3.59693 0 0 0 0 2.118
10.595 3.58115 0 0 0 0 2.119
10.6 3.56537 0 0 0 0 2.12
10.605 3.54957 0 0 0 0 2.121
10.61 3.53376 0 0 0 0 2.122
10.615 3.51795 0 0 0 0 2.123
10.62 3.50212 0 0 0 0 2.124
10.625 3.48628 0 0 0 0 2.125
10.63 3.47044 0 0 0 0 2.126
10.635 3.45458 0 0 0 0 2.127
10.64 3.43871 0 0 0 0 2.128
10.645 3.42284 0 0 0 0 2.129
10.65 3.40695 0 0 0 0 2.13
10.655 3.39106 0 0 0 0 2.131
10.66 3.37515 0 0 0 0 2.132
10.665 3.35924 0 0 0 0 2.133
10.67 3.34331 0 0 0 0 2.134
10.675 3.32738 0 0 0 0 2.135
10.68 3.31143 0 0 0 0 2.136
10.685 3.29548 0 0 0 0 2.137
10.69 3.27952 0 0 0 0 2.138
10.695 3.26354 0 0 0 0 2.139
10.7 3.24756 0 0 0 0 2.14
10.705 3.23157 0 0 0 0 2.141
10.71 3.21556 0 0 0 0 2.142
10.715 3.19955 0 0 0 0 2.143
10.72 3.18353 0 0 0 0 2.144
10.725 3.16749 0 0 0 0 2.145
10.73 3.15145 0 0 0 0 2.146
10.735 3.1354 0 0 0 0 2.147
10.74 3.11934 0 0 0 0 2.148
10.745 3.10326 0 0 0 0 2.149
10.75 3.08718 0 0 0 0 2.15
10.755 3.07109 0 0 0 0 2.151
10.76 3.05499 0 0 0 0 2.152
10.765 3.03888 0 0 0 0 2.153
10.77 3.02276 0 0 0 0 2.154
10.775 3.00663 0 0 0 0 2.155
10.78 2.99049 0 0 0 0 2.156
10.785 2.97434 0 0 0 0 2.157
10.79 2.95818 0 0 0 0 2.158
10.795 2.94201 0 0 0 0 2.159
10.8 2.92583 0 0 0 0 2.16
10.805 2.90964 0 0 0 0 2.161
10.81 2.89344 0 0 0 0 2.162
10.815 2.87723 0 0 0 0 2.163
10.82 2.86101 0 0 0 0 2.164
10.825 2.84478 0 0 0 0 2.165
10.83 2.82854 0 0 0 0 2.166
10.835 2.81229 0 0 0 0 2.167
10.84 2.79604 0 0 0 0 2.168
10.845 2.77977 0 0 0 0 2.169
10.85 2.76349 0 0 0 0 2.17
10.855 2.7472 0 0 0 0 2.171
10.86 2.7309 0 0 0 0 2.172
10.865 2.7146 0 0 0 0 2.173
10.87 2.69828 0 0 0 0 2.174
10.875 2.68195 0 0 0 0 2.175
10.88 2.66562 0 0 0 0 2.176
10.885 2.64927 0 0 0 0 2.177
10.89 2.63291 0 0 0 0 2.178
10.895 2.61655 0 0 0 0 2.179
10.9 2.60017 0 0 0 0 2.18
10.905 2.58379 0 0 0 0 2.181
10.91 2.56739 0 0 0 0 2.182
10.915 2.55098 0 0 0 0 2.183
10.92 2.53457 0 0 0 0 2.184
10.925 2.51814 0 0 0 0 2.185
10.93 2.50171 0 0 0 0 2.186
10.935 2.48526 0 0 0 0 2.187
10.94 2.46881 0 0 0 0 2.188
10.945 2.45235 0 0 0 0 2.189
10.95 2.43587 0 0 0 0 2.19
10.955 2.41939 0 0 0 0 2.191
10.96 2.40289 0 0 0 0 2.192
10.965 2.38639 0 0 0 0 2.193
10.97 2.36988 0 0 0 0 2.194
10.975 2.35335 0 0 0 0 2.195
10.98 2.33682 0 0 0 0 2.196
10.985 2.32028 0 0 0 0 2.197
10.99 2.30373 0 0 0 0 2.198
10.995 2.28716 0 0 0 0 2.199
11 2.27059 0 0 0 0 2.2
11.005 2.25401 0 0 0 0 2.201
11.01 2.23742 0 0 0 0 2.202
11.015 2.22082 0 0 0 0 2.203
11.02 2.2042 0 0 0 0 2.204
11.025 2.18758 0 0 0 0 2.205
11.03 2.17095 0 0 0 0 2.206
11.035 2.15431 0 0 0 0 2.207
11.04 2.13766 0 0 0 0 2.208
11.045 2.121 0 0 0 0 2.209
11.05 2.10433 0 0 0 0 2.21
11.055 2.08765 0 0 0 0 2.211
11.06 2.07096 0 0 0 0 2.212
11.065 2.05426 0 0 0 0 2.213
11.07 2.03755 0 0 0 0 2.214
11.075 2.02083 0 0 0 0 2.215
11.08 2.0041 0 0 0 0 2.216
11.085 1.98736 0 0 0 0 2.217
11.09 1.97061 0 0 0 0 2.218
11.095 1.95386 0 0 0 0 2.219
11.1 1.93709 0 0 0 0 2.22
11.105 1.92031 0 0 0 0 2.221
11.11 1.90352 0 0 0 0 2.222
11.115 1.88672 0 0 0 0 2.223
11.12 1.86992 0 0 0 0 2.224
11.125 1.8531 0 0 0 0 2.225
11.13 1.83627 0 0 0 0 2.226
11.135 1.81943 0 0 0 0 2.227
11.14 1.80259 0 0 0 0 2.228
11.145 1.78573 0 0 0 0 2.229
11.15 1.76886 0 0 0 0 2.23
11.155 1.75199 0 0 0 0 2.231
11.16 1.7351 0 0 0 0 2.232
11.165 1.71821 0 0 0 0 2.233
11.17 1.7013 0 0 0 0 2.234
11.175 1.68438 0 0 0 0 2.235
11.18 1.66746 0 0 0 0 2.236
11.185 1.65052 0 0 0 0 2.237
11.19 1.63358 0 0 0 0 2.238
11.195 1.61662 0 0 0 0 2.239
11.2 1.59966 0 0 0 0 2.24
11.205 1.58268 0 0 0 0 2.241
11.21 1.5657 0 0 0 0 2.242
11.215 1.54871 0 0 0 0 2.243
11.22 1.5317 0 0 0 0 2.244
11.225 1.51469 0 0 0 0 2.245
11.23 1.49767 0 0 0 0 2.246
11.235 1.48063 0 0 0 0 2.247
11.24 1.46359 0 0 0 0 2.248
11.245 1.44654 0 0 0 0 2.249
11.25 1.42947 0 0 0 0 2.25
11.255 1.4124 0 0 0 0 2.251
11.26 1.39532 0 0 0 0 2.252
11.265 1.37823 0 0 0 0 2.253
11.27 1.36112 0 0 0 0 2.254
11.275 1.34401 0 0 0 0 2.255
11.28 1.32689 0 0 0 0 2.256
11.285 1.30976 0 0 0 0 2.257
11.29 1.29262 0 0 0 0 2.258
11.295 1.27547 0 0 0 0 2.259
11.3 1.25831 0 0 0 0 2.26
11.305 1.24114 0 0 0 0 2.261
11.31 1.22396 0 0 0 0 2.262
11.315 1.20677 0 0 0 0 2.263
11.32 1.18957 0 0 0 0 2.264
11.325 1.17236 0 0 0 0 2.265
11.33 1.15514 0 0 0 0 2.266
11.335 1.13791 0 0 0 0 2.267
11.34 1.12067 0 0 0 0 2.268
11.345 1.10342 0 0 0 0 2.269
11.35 1.08616 0 0 0 0 2.27
11.355 1.06889 0 0 0 0 2.271
11.36 1.05161 0 0 0 0 2.272
11.365 1.03432 0 0 0 0 2.273
11.37 1.01703 0 0 0 0 2.274
11.375 0.999718 0 0 0 0 2.275
11.38 0.982401 0 0 0 0 2.276
11.385 0.965073 0 0 0 0 2.277
11.39 0.947736 0 0 0 0 2.278
11.395 0.930388 0 0 0 0 2.279
11.4 0.913031 0 0 0 0 2.28
11.405 0.895665 0 0 0 0 2.281
11.41 0.878288 0 0 0 0 2.282
11.415 0.860902 0 0 0 0 2.283
11.42 0.843505 0 0 0 0 2.284
11.425 0.826099 0 0 0 0 2.285
11.43 0.808683 0 0 0 0 2.286
11.435 0.791258 0 0 0 0 2.287
11.44 0.773822 0 0 0 0 2.288
11.445 0.756377 0 0 0 0 2.289
11.45 0.738922 0 0 0 0 2.29
11.455 0.721457 0 0 0 0 2.291
11.46 0.703982 0 0 0 0 2.292
11.465 0.686498 0 0 0 0 2.293
11.47 0.669003 0 0 0 0 2.294
11.475 0.651499 0 0 0 0 2.295
11.48 0.633985 0 0 0 0 2.296
11.485 0.616462 0 0 0 0 2.297
11.49 0.598928 0 0 0 0 2.298
11.495 0.581385 0 0 0 0 2.299
11.5 0.563832 0 0 0 0 2.3
11.505 0.546269 0 0 0 0 2.301
11.51 0.528696 0 0 0 0 2.302
11.515 0.511113 0 0 0 0 2.303
11.52 0.493521 0 0 0 0 2.304
11.525 0.475918 0 0 0 0 2.305
11.53 0.458306 0 0 0 0 2.306
11.535 0.440684 0 0 0 0 2.307
11.54 0.423053 0 0 0 0 2.308
11.545 0.405411 0 0 0 0 2.309
11.55 0.38776 0 0 0 0 2.31
11.555 0.370099 0 0 0 0 2.311
11.56 0.352428 0 0 0 0 2.312
11.565 0.334747 0 0 0 0 2.313
11.57 0.317057 0 0 0 0 2.314
11.575 0.299356 0 0 0 0 2.315
11.58 0.281646 0 0 0 0 2.316
11.585 0.263926 0 0 0 0 2.317
11.59 0.246197 0 0 0 0 2.318
11.595 0.228457 0 0 0 0 2.319
11.6 0.210708 0 0 0 0 2.32
11.605 0.192948 0 0 0 0 2.321
11.61 0.175179 0 0 0 0 2.322
11.615 0.157401 0 0 0 0 2.323
11.62 0.139612 0 0 0 0 2.324
11.625 0.121814 0 0 0 0 2.325
11.63 0.104005 0 0 0 0 2.326
11.635 0.0861872 0 0 0 0 2.327
11.64 0.0683593 0 0 0 0 2.328
11.645 0.0505216 0 0 0 0 2.329
11.65 0.0326742 0 0 0 0 2.33
11.655 0.0148169 0 0 0 0 2.331
11.66 -0.00305026 0 0 0 0 2.332
11.665 -0.0209272 0 0 0 0 2.333
11.67 -0.0388139 0 0 0 0 2.334
11.675 -0.0567104 0 0 0 0 2.335
11.68 -0.0746168 0 0 0 0 2.336
11.685 -0.092533 0 0 0 0 2.337
11.69 -0.110459 0 0 0 0 2.338
11.695 -0.128395 0 0 0 0 2.339
11.7 -0.14634 0 0 0 0 2.34
11.705 -0.164296 0 0 0 0 2.341
11.71 -0.182261 0 0 0 0 2.342
11.715 -0.200236 0 0 0 0 2.343
11.72 -0.218221 0 0 0 0 2.344
11.725 -0.236215 0 0 0 0 2.345
11.73 -0.25422 0 0 0 0 2.346
11.735 -0.272234 0 0 0 0 2.347
11.74 -0.290258 0 0 0 0 2.348
11.745 -0.308292 0 0 0 0 2.349
11.75 -0.326336 0 0 0 0 2.35
11.755 -0.344389 0 0 0 0 2.351
11.76 -0.362453 0 0 0 0 2.352
11.765 -0.380526 0 0 0 0 2.353
11.77 -0.398609 0 0 0 0 2.354
11.775 -0.416701 0 0 0 0 2.355
11.78 -0.434804 0 0 0 0 2.356
11.785 -0.452916 0 0 0 0 2.357
11.79 -0.471038 0 0 0 0 2.358
11.795 -0.48917 0 0 0 0 2.359
11.8 -0.507312 0 0 0 0 2.36
11.805 -0.525464 0 0 0 0 2.361
11.81 -0.543625 0 0 0 0 2.362
11.815 -0.561796 0 0 0 0 2.363
11.82 -0.579977 0 0 0 0 2.364
11.825 -0.598168 0 0 0 0 2.365
11.83 -0.616369 0 0 0 0 2.366
11.835 -0.634579 0 0 0 0 2.367
11.84 -0.6528 0 0 0 0 2.368
11.845 -0.67103 0 0 0 0 2.369
11.85 -0.68927 0 0 0 0 2.37
11.855 -0.707519 0 0 0 0 2.371
11.86 -0.725779 0 0 0 0 2.372
11.865 -0.744048 0 0 0 0 2.373
11.87 -0.762327 0 0 0 0 2.374
11.875 -0.780616 0 0 0 0 2.375
11.88 -0.798915 0 0 0 0 2.376
11.885 -0.817224 0 0 0 0 2.377
11.89 -0.835542 0 0 0 0 2.378
11.895 -0.85387 0 0 0 0 2.379
11.9 -0.872208 0 0 0 0 2.38
11.905 -0.890556 0 0 0 0 2.381
11.91 -0.908914 0 0 0 0 2.382
11.915 -0.927281 0 0 0 0 2.383
11.92 -0.945658 0 0 0 0 2.384
11.925 -0.964045 0 0 0 0 2.385
11.93 -0.982442 0 0 0 0 2.386
11.935 -1.00085 0 0 0 0 2.387
11.94 -1.01927 0 0 0 0 2.388
11.945 -1.03769 0 0 0 0 2.389
11.95 -1.05613 0 0 0 0 2.39
11.955 -1.07457 0 0 0 0 2.391
11.96 -1.09303 0 0 0 0 2.392
11.965 -1.11149 0 0 0 0 2.393
11.97 -1.12997 0 0 0 0 2.394
11.975 -1.14846 0 0 0 0 2.395
11.98 -1.16695 0 0 0 0 2.396
11.985 -1.18545 0 0 0 0 2.397
11.99 -1.20397 0 0 0 0 2.398
11.995 -1.22249 0 0 0 0 2.399
12 -1.24103 0 0 0 0 2.4
12.005 -1.25957 0 0 0 0 2.401
12.01 -1.27813 0 0 0 0 2.402
12.015 -1.29669 0 0 0 0 2.403
12.02 -1.31526 0 0 0 0 2.404
12.025 -1.33385 0 0 0 0 2.405
12.03 -1.35244 0 0 0 0 2.406
12.035 -1.37104 0 0 0 0 2.407
12.04 -1.38965 0 0 0 0 2.408
12.045 -1.40828 0 0 0 0 2.409
12.05 -1.42691 0 0 0 0 2.41
12.055 -1.44555 0 0 0 0 2.411
12.06 -1.4642 0 0 0 0 2.412
12.065 -1.48287 0 0 0 0 2.413
12.07 -1.50154 0 0 0 0 2.414
12.075 -1.52022 0 0 0 0 2.415
12.08 -1.53891 0 0 0 0 2.416
12.085 -1.55761 0 0 0 0 2.417
12.09 -1.57632 0 0 0 0 2.418
12.095 -1.59504 0 0 0 0 2.419
12.1 -1.61377 0 0 0 0 2.42
12.105 -1.63251 0 0 0 0 2.421
12.11 -1.65126 0 0 0 0 2.422
12.115 -1.67002 0 0 0 0 2.423
12.12 -1.68879 0 0 0 0 2.424
12.125 -1.70757 0 0 0 0 2.425
12.13 -1.72636 0 0 0 0 2.426
12.135 -1.74516 0 0 0 0 2.427
12.14 -1.76397 0 0 0 0 2.428
12.145 -1.78279 0 0 0 0 2.429
12.15 -1.80162 0 0 0 0 2.43
12.155 -1.82045 0 0 0 0 2.431
12.16 -1.8393 0 0 0 0 2.432
12.165 -1.85816 0 0 0 0 2.433
12.17 -1.87703 0 0 0 0 2.434
12.175 -1.8959 0 0 0 0 2.435
12.18 -1.91479 0 0 0 0 2.436
12.185 -1.93369 0 0 0 0 2.437
12.19 -1.9526 0 0 0 0 2.438
12.195 -1.97151 0 0 0 0 2.439
12.2 -1.99044 0 0 0 0 2.44
12.205 -2.00938 0 0 0 0 2.441
12.21 -2.02832 0 0 0 0 2.442
12.215 -2.04728 0 0 0 0 2.443
12.22 -2.06624 0 0 0 0 2.444
12.225 -2.08522 0 0 0 0 2.445
12.23 -2.10421 0 0 0 0 2.446
12.235 -2.1232 0 0 0 0 2.447
12.24 -2.14221 0 0 0 0 2.448
12.245 -2.16122 0 0 0 0 2.449
12.25 -2.18025 0 0 0 0 2.45
12.255 -2.19928 0 0 0 0 2.451
12.26 -2.21832 0 0 0 0 2.452
12.265 -2.23738 0 0 0 0 2.453
12.27 -2.25644 0 0 0 0 2.454
12.275 -2.27552 0 0 0 0 2.455
12.28 -2.2946 0 0 0 0 2.456
12.285 -2.31369 0 0 0 0 2.457
12.29 -2.3328 0 0 0 0 2.458
12.295 -2.35191 0 0 0 0 2.459
12.3 -2.37103 0 0 0 0 2.46
12.305 -2.39016 0 0 0 0 2.461
12.31 -2.40931 0 0 0 0 2.462
12.315 -2.42846 0 0 0 0 2.463
12.32 -2.44762 0 0 0 0 2.464
12.325 -2.46679 0 0 0 0 2.465
12.33 -2.48597 0 0 0 0 2.466
12.335 -2.50517 0 0 0 0 2.467
12.34 -2.52437 0 0 0 0 2.468
12.345 -2.54358 0 0 0 0 2.469
12.35 -2.5628 0 0 0 0 2.47
12.355 -2.58203 0 0 0 0 2.471
12.36 -2.60127 0 0 0 0 2.472
12.365 -2.62052 0 0 0 0 2.473
12.37 -2.63978 0 0 0 0 2.474
12.375 -2.65905 0 0 0 0 2.475
12.38 -2.67833 0 0 0 0 2.476
12.385 -2.69762 0 0 0 0 2.477
12.39 -2.71692 0 0 0 0 2.478
12.395 -2.73623 0 0 0 0 2.479
12.4 -2.75555 0 0 0 0 2.48
12.405 -2.77488 0 0 0 0 2.481
12.41 -2.79422 0 0 0 0 2.482
12.415 -2.81356 0 0 0 0 2.483
12.42 -2.83292 0 0 0 0 2.484
12.425 -2.85229 0 0 0 0 2.485
12.43 -2.87167 0 0 0 0 2.486
12.435 -2.89106 0 0 0 0 2.487
12.44 -2.91045 0 0 0 0 2.488
12.445 -2.92986 0 0 0 0 2.489
12.45 -2.94928 0 0 0 0 2.49
12.455 -2.9687 0 0 0 0 2.491
12.46 -2.98814 0 0 0 0 2.492
12.465 -3.00759 0 0 0 0 2.493
12.47 -3.02704 0 0 0 0 2.494
12.475 -3.04651 0 0 0 0 2.495
12.48 -3.06599 0 0 0 0 2.496
12.485 -3.08547 0 0 0 0 2.497
12.49 -3.10497 0 0 0 0 2.498
12.495 -3.12447 0 0 0 0 2.499
12.5 -3.14399 0 0 0 0 2.5
12.505 -3.16351 0 0 0 0 2.501
12.51 -3.18305 0 0 0 0 2.502
12.515 -3.20259 0 0 0 0 2.503
12.52 -3.22215 0 0 0 0 2.504
12.525 -3.24171 0 0 0 0 2.505
12.53 -3.26128 0 0 0 0 2.506
12.535 -3.28087 0 0 0 0 2.507
12.54 -3.30046 0 0 0 0 2.508
12.545 -3.32007 0 0 0 0 2.509
12.55 -3.33968 0 0 0 0 2.51
12.555 -3.3593 0 0 0 0 2.511
12.56 -3.37893 0 0 0 0 2.512
12.565 -3.39858 0 0 0 0 2.513
12.57 -3.41823 0 0 0 0 2.514
12.575 -3.43789 0 0 0 0 2.515
12.58 -3.45756 0 0 0 0 2.516
12.585 -3.47725 0 0 0 0 2.517
12.59 -3.49694 0 0 0 0 2.518
12.595 -3.51664 0 0 0 0 2.519
12.6 -3.53635 0 0 0 0 2.52
12.605 -3.55607 0 0 0 0 2.521
12.61 -3.5758 0 0 0 0 2.522
12.615 -3.59554 0 0 0 0 2.523
12.62 -3.6153 0 0 0 0 2.524
12.625 -3.63506 0 0 0 0 2.525
12.63 -3.65483 0 0 0 0 2.526
12.635 -3.67461 0 0 0 0 2.527
12.64 -3.6944 0 0 0 0 2.528
12.645 -3.7142 0 0 0 0 2.529
12.65 -3.734 0 0 0 0 2.53
12.655 -3.75382 0 0 0 0 2.531
12.66 -3.77365 0 0 0 0 2.532
12.665 -3.79349 0 0 0 0 2.533
12.67 -3.81334 0 0 0 0 2.534
12.675 -3.8332 0 0 0 0 2.535
12.68 -3.85307 0 0 0 0 2.536
12.685 -3.87295 0 0 0 0 2.537
12.69 -3.89283 0 0 0 0 2.538
12.695 -3.91273 0 0 0 0 2.539
12.7 -3.93264 0 0 0 0 2.54
12.705 -3.95256 0 0 0 0 2.541
12.71 -3.97248 0 0 0 0 2.542
12.715 -3.99242 0 0 0 0 2.543
12.72 -4.01237 0 0 0 0 2.544
12.725 -4.03232 0 0 0 0 2.545
12.73 -4.05229 0 0 0 0 2.546
12.735 -4.07227 0 0 0 0 2.547
12.74 -4.09225 0 0 0 0 2.548
12.745 -4.11225 0 0 0 0 2.549
12.75 -4.13225 0 0 0 0 2.55
12.755 -4.15227 0 0 0 0 2.551
12.76 -4.1723 0 0 0 0 2.552
12.765 -4.19233 0 0 0 0 2.553
12.77 -4.21238 0 0 0 0 2.554
12.775 -4.23243 0 0 0 0 2.555
12.78 -4.25249 0 0 0 0 2.556
12.785 -4.27257 0 0 0 0 2.557
12.79 -4.29265 0 0 0 0 2.558
12.795 -4.31275 0 0 0 0 2.559
12.8 -4.33285 0 0 0 0 2.56
12.805 -4.35296 0 0 0 0 2.561
12.81 -4.37309 0 0 0 0 2.562
12.815 -4.39322 0 0 0 0 2.563
12.82 -4.41336 0 0 0 0 2.564
12.825 -4.43352 0 0 0 0 2.565
12.83 -4.45368 0 0 0 0 2.566
12.835 -4.47385 0 0 0 0 2.567
12.84 -4.49403 0 0 0 0 2.568
12.845 -4.51423 0 0 0 0 2.569
12.85 -4.53443 0 0 0 0 2.57
12.855 -4.55464 0 0 0 0 2.571
12.86 -4.57486 0 0 0 0 2.572
12.865 -4.59509 0 0 0 0 2.573
12.87 -4.61533 0 0 0 0 2.574
12.875 -4.63559 0 0 0 0 2.575
12.88 -4.65585 0 0 0 0 2.576
12.885 -4.67612 0 0 0 0 2.577
12.89 -4.6964 0 0 0 0 2.578
12.895 -4.71669 0 0 0 0 2.579
12.9 -4.73699 0 0 0 0 2.58
12.905 -4.7573 0 0 0 0 2.581
12.91 -4.77762 0 0 0 0 2.582
12.915 -4.79795 0 0 0 0 2.583
12.92 -4.81829 0 0 0 0 2.584
12.925 -4.83863 0 0 0 0 2.585
12.93 -4.85899 0 0 0 0 2.586
12.935 -4.87936 0 0 0 0 2.587
12.94 -4.89974 0 0 0 0 2.588
12.945 -4.92013 0 0 0 0 2.589
12.95 -4.94053 0 0 0 0 2.59
12.955 -4.96093 0 0 0 0 2.591
12.96 -4.98135 0 0 0 0 2.592
12.965 -5.00178 0 0 0 0 2.593
12.97 -5.02222 0 0 0 0 2.594
12.975 -5.04266 0 0 0 0 2.595
12.98 -5.06312 0 0 0 0 2.596
12.985 -5.08359 0 0 0 0 2.597
12.99 -5.10406 0 0 0 0 2.598
12.995 -5.12455 0 0 0 0 2.599
13 -5.14505 0 0 0 0 2.6
13.005 -5.16555 0 0 0 0 2.601
13.01 -5.18607 0 0 0 0 2.602
13.015 -5.20659 0 0 0 0 2.603
13.02 -5.22713 0 0 0 0 2.604
13.025 -5.24768 0 0 0 0 2.605
13.03 -5.26823 0 0 0 0 2.606
13.035 -5.2888 0 0 0 0 2.607
13.04 -5.30937 0 0 0 0 2.608
13.045 -5.32995 0 0 0 0 2.609
13.05 -5.35055 0 0 0 0 2.61
13.055 -5.37115 0 0 0 0 2.611
13.06 -5.39177 0 0 0 0 2.612
13.065 -5.41239 0 0 0 0 2.613
13.07 -5.43302 0 0 0 0 2.614
13.075 -5.45367 0 0 0 0 2.615
13.08 -5.47432 0 0 0 0 2.616
13.085 -5.49498 0 0 0 0 2.617
13.09 -5.51566 0 0 0 0 2.618
13.095 -5.53634 0 0 0 0 2.619
13.1 -5.55703 0 0 0 0 2.62
13.105 -5.57773 0 0 0 0 2.621
13.11 -5.59845 0 0 0 0 2.622
13.115 -5.61917 0 0 0 0 2.623
13.12 -5.6399 0 0 0 0 2.624
13.125 -5.66064 0 0 0 0 2.625
13.13 -5.68139 0 0 0 0 2.626
13.135 -5.70215 0 0 0 0 2.627
13.14 -5.72292 0 0 0 0 2.628
13.145 -5.7437 0 0 0 0 2.629
13.15 -5.76449 0 0 0 0 2.63
13.155 -5.78529 0 0 0 0 2.631
13.16 -5.8061 0 0 0 0 2.632
13.165 -5.82692 0 0 0 0 2.633
13.17 -5.84775 0 0 0 0 2.634
13.175 -5.86859 0 0 0 0 2.635
13.18 -5.88944 0 0 0 0 2.636
13.185 -5.9103 0 0 0 0 2.637
13.19 -5.93117 0 0 0 0 2.638
13.195 -5.95205 0 0 0 0 2.639
13.2 -5.97294 0 0 0 0 2.64
13.205 -5.99384 0 0 0 0 2.641
13.21 -6.01475 0 0 0 0 2.642
13.215 -6.03566 0 0 0 0 2.643
13.22 -6.05659 0 0 0 0 2.644
13.225 -6.07753 0 0 0 0 2.645
13.23 -6.09848 0 0 0 0 2.646
13.235 -6.11943 0 0 0 0 2.647
13.24 -6.1404 0 0 0 0 2.648
13.245 -6.16138 0 0 0 0 2.649
13.25 -6.18236 0 0 0 0 2.65
13.255 -6.20336 0 0 0 0 2.651
13.26 -6.22437 0 0 0 0 2.652
13.265 -6.24538 0 0 0 0 2.653
13.27 -6.26641 0 0 0 0 2.654
13.275 -6.28744 0 0 0 0 2.655
13.28 -6.30849 0 0 0 0 2.656
13.285 -6.32955 0 0 0 0 2.657
13.29 -6.35061 0 0 0 0 2.658
13.295 -6.37169 0 0 0 0 2.659
13.3 -6.39277 0 0 0 0 2.66
13.305 -6.41387 0 0 0 0 2.661
13.31 -6.43497 0 0 0 0 2.662
13.315 -6.45608 0 0 0 0 2.663
13.32 -6.47721 0 0 0 0 2.664
13.325 -6.49834 0 0 0 0 2.665
13.33 -6.51949 0 0 0 0 2.666
13.335 -6.54064 0 0 0 0 2.667
13.34 -6.5618 0 0 0 0 2.668
13.345 -6.58298 0 0 0 0 2.669
13.35 -6.60416 0 0 0 0 2.67
13.355 -6.62535 0 0 0 0 2.671
13.36 -6.64655 0 0 0 0 2.672
13.365 -6.66777 0 0 0 0 2.673
13.37 -6.68899 0 0 0 0 2.674
13.375 -6.71022 0 0 0 0 2.675
13.38 -6.73146 0 0 0 0 2.676
13.385 -6.75271 0 0 0 0 2.677
13.39 -6.77397 0 0 0 0 2.678
13.395 -6.79525 0 0 0 0 2.679
13.4 -6.81653 0 0 0 0 2.68
13.405 -6.83782 0 0 0 0 2.681
13.41 -6.85912 0 0 0 0 2.682
13.415 -6.88043 0 0 0 0 2.683
13.42 -6.90175 0 0 0 0 2.684
13.425 -6.92308 0 0 0 0 2.685
13.43 -6.94442 0 0 0 0 2.686
13.435 -6.96577 0 0 0 0 2.687
13.44 -6.98713 0 0 0 0 2.688
13.445 -7.0085 0 0 0 0 2.689
13.45 -7.02988 0 0 0 0 2.69
13.455 -7.05126 0 0 0 0 2.691
13.46 -7.07266 0 0 0 0 2.692
13.465 -7.09407 0 0 0 0 2.693
13.47 -7.11549 0 0 0 0 2.694
13.475 -7.13692 0 0 0 0 2.695
13.48 -7.15836 0 0 0 0 2.696
13.485 -7.1798 0 0 0 0 2.697
13.49 -7.20126 0 0 0 0 2.698
13.495 -7.22273 0 0 0 0 2.699
13.5 -7.24421 0 0 0 0 2.7
13.505 -7.26569 0 0 0 0 2.701
13.51 -7.28719 0 0 0 0 2.702
13.515 -7.3087 0 0 0 0 2.703
13.52 -7.33021 0 0 0 0 2.704
13.525 -7.35174 0 0 0 0 2.705
13.53 -7.37328 0 0 0 0 2.706
13.535 -7.39482 0 0 0 0 2.707
13.54 -7.41638 0 0 0 0 2.708
13.545 -7.43794 0 0 0 0 2.709
13.55 -7.45952 0 0 0 0 2.71
13.555 -7.4811 0 0 0 0 2.711
13.56 -7.5027 0 0 0 0 2.712
13.565 -7.5243 0 0 0 0 2.713
13.57 -7.54592 0 0 0 0 2.714
13.575 -7.56754 0 0 0 0 2.715
13.58 -7.58918 0 0 0 0 2.716
13.585 -7.61082 0 0 0 0 2.717
13.59 -7.63247 0 0 0 0 2.718
13.595 -7.65414 0 0 0 0 2.719
13.6 -7.67581 0 0 0 0 2.72
13.605 -7.69749 0 0 0 0 2.721
13.61 -7.71919 0 0 0 0 2.722
13.615 -7.74089 0 0 0 0 2.723
13.62 -7.7626 0 0 0 0 2.724
13.625 -7.78432 0 0 0 0 2.725
13.63 -7.80606 0 0 0 0 2.726
13.635 -7.8278 0 0 0 0 2.727
13.64 -7.84955 0 0 0 0 2.728
13.645 -7.87131 0 0 0 0 2.729
13.65 -7.89308 0 0 0 0 2.73
13.655 -7.91487 0 0 0 0 2.731
13.66 -7.93666 0 0 0 0 2.732
13.665 -7.95846 0 0 0 0 2.733
13.67 -7.98027 0 0 0 0 2.734
13.675 -8.00209 0 0 0 0 2.735
13.68 -8.02392 0 0 0 0 2.736
13.685 -8.04576 0 0 0 0 2.737
13.69 -8.06761 0 0 0 0 2.738
13.695 -8.08947 0 0 0 0 2.739
13.7 -8.11134 0 0 0 0 2.74
13.705 -8.13322 0 0 0 0 2.741
13.71 -8.15511 0 0 0 0 2.742
13.715 -8.17701 0 0 0 0 2.743
13.72 -8.19891 0 0 0 0 2.744
13.725 -8.22083 0 0 0 0 2.745
13.73 -8.24276 0 0 0 0 2.746
13.735 -8.2647 0 0 0 0 2.747
13.74 -8.28665 0 0 0 0 2.748
13.745 -8.30861 0 0 0 0 2.749
13.75 -8.33057 0 0 0 0 2.75
13.755 -8.35255 0 0 0 0 2.751
13.76 -8.37454 0 0 0 0 2.752
13.765 -8.39654 0 0 0 0 2.753
13.77 -8.41854 0 0 0 0 2.754
13.775 -8.44056 0 0 0 0 2.755
13.78 -8.46259 0 0 0 0 2.756
13.785 -8.48462 0 0 0 0 2.757
13.79 -8.50667 0 0 0 0 2.758
13.795 -8.52872 0 0 0 0 2.759
13.8 -8.55079 0 0 0 0 2.76
13.805 -8.57287 0 0 0 0 2.761
13.81 -8.59495 0 0 0 0 2.762
13.815 -8.61705 0 0 0 0 2.763
13.82 -8.63915 0 0 0 0 2.764
13.825 -8.66127 0 0 0 0 2.765
13.83 -8.68339 0 0 0 0 2.766
13.835 -8.70553 0 0 0 0 2.767
13.84 -8.72767 0 0 0 0 2.768
13.845 -8.74982 0 0 0 0 2.769
13.85 -8.77199 0 0 0 0 2.77
13.855 -8.79416 0 0 0 0 2.771
13.86 -8.81634 0 0 0 0 2.772
13.865 -8.83854 0 0 0 0 2.773
13.87 -8.86074 0 0 0 0 2.774
13.875 -8.88295 0 0 0 0 2.775
13.88 -8.90518 0 0 0 0 2.776
13.885 -8.92741 0 0 0 0 2.777
13.89 -8.94965 0 0 0 0 2.778
13.895 -8.9719 0 0 0 0 2.779
13.9 -8.99417 0 0 0 0 2.78
13.905 -9.01644 0 0 0 0 2.781
13.91 -9.03872 0 0 0 0 2.782
13.915 -9.06101 0 0 0 0 2.783
13.92 -9.08331 0 0 0 0 2.784
13.925 -9.10562 0 0 0 0 2.785
13.93 -9.12794 0 0 0 0 2.786
13.935 -9.15027 0 0 0 0 2.787
13.94 -9.17262 0 0 0 0 2.788
13.945 -9.19497 0 0 0 0 2.789
13.95 -9.21733 0 0 0 0 2.79
13.955 -9.2397 0 0 0 0 2.791
13.96 -9.26208 0 0 0 0 2.792
13.965 -9.28446 0 0 0 0 2.793
13.97 -9.30686 0 0 0 0 2.794
13.975 -9.32927 0 0 0 0 2.795
13.98 -9.35169 0 0 0 0 2.796
13.985 -9.37412 0 0 0 0 2.797
13.99 -9.39656 0 0 0 0 2.798
13.995 -9.41901 0 0 0 0 2.799
14 -9.44147 0 0 0 0 2.8
14.005 -9.46393 0 0 0 0 2.801
14.01 -9.48641 0 0 0 0 2.802
14.015 -9.5089 0 0 0 0 2.803
14.02 -9.5314 0 0 0 0 2.804
14.025 -9.5539 0 0 0 0 2.805
14.03 -9.57642 0 0 0 0 2.806
14.035 -9.59895 0 0 0 0 2.807
14.04 -9.62148 0 0 0 0 2.808
14.045 -9.64403 0 0 0 0 2.809
14.05 -9.66659 0 0 0 0 2.81
14.055 -9.68915 0 0 0 0 2.811
14.06 -9.71173 0 0 0 0 2.812
14.065 -9.73432 0 0 0 0 2.813
14.07 -9.75691 0 0 0 0 2.814
14.075 -9.77952 0 0 0 0 2.815
14.08 -9.80213 0 0 0 0 2.816
14.085 -9.82476 0 0 0 0 2.817
14.09 -9.84739 0 0 0 0 2.818
14.095 -9.87004 0 0 0 0 2.819
14.1 -9.89269 0 0 0 0 2.82
14.105 -9.91535 0 0 0 0 2.821
14.11 -9.93803 0 0 0 0 2.822
14.115 -9.96071 0 0 0 0 2.823
14.12 -9.98341 0 0 0 0 2.824
14.125 -10.0061 0 0 0 0 2.825
14.1283 -9.99499 -3.03699e-18 5.08783e-19 -1.54842e-12 -0.316228 2.826
14.1317 -9.99499 -6.07398e-18 1.1808e-18 -2.93792e-12 -0.6 2.827
14.135 -9.995 -9.11096e-18 1.50911e-18 -4.02588e-12 -0.822192 2.828
14.1383 -9.99501 -1.2148e-17 1.22921e-18 -4.70066e-12 -0.96 2.829
14.1417 -9.995 -1.51849e-17 -1.61192e-17 -4.89305e-12 -0.99928 2.83
14.145 -9.995 -1.82219e-17 -4.10463e-18 -4.58319e-12 -0.936 2.831
14.1483 -9.995 -2.12589e-17 1.10958e-18 -3.80295e-12 -0.776655 2.832
14.1517 -9.995 -2.42959e-17 -3.52668e-17 -2.63235e-12 -0.5376 2.833
14.155 -9.995 -2.73329e-17 -8.8415e-17 -1.19162e-12 -0.243369 2.834
14.1583 -9.995 -3.03699e-17 -8.54441e-17 3.71362e-13 0.07584 2.835
14.1617 -9.995 -3.34069e-17 -7.42158e-17 1.89624e-12 0.387265 2.836
14.165 -9.995 -3.64439e-17 -5.79357e-17 3.22651e-12 0.658944 2.837
14.1683 -9.995 -3.94808e-17 2.26309e-18 4.22567e-12 0.862993 2.838
14.1717 -9.995 -4.25178e-17 3.08796e-17 4.79115e-12 0.97847 2.839
14.175 -9.995 -4.55548e-17 2.82358e-17 4.86491e-12 0.993524 2.84
14.1783 -9.995 -4.85918e-17 8.12173e-18 4.43931e-12 0.906609 2.841
14.1817 -9.995 -5.16288e-17 2.12004e-18 3.55809e-12 0.726645 2.842
14.185 -9.995 -5.46658e-17 7.97287e-18 2.31171e-12 0.472103 2.843
14.1883 -9.995 -5.77028e-17 2.0911e-17 8.2808e-13 0.169108 2.844
14.1917 -9.995 -6.07398e-17 3.45558e-17 -7.4052e-13 -0.151243 2.845
14.195 -9.995 -6.37767e-17 -1.34439e-17 -2.23311e-12 -0.456072 2.846
14.1983 -9.995 -6.68137e-17 -5.42107e-17 -3.49652e-12 -0.714092 2.847
14.2017 -9.995 -6.98507e-17 -1.25013e-16 -4.40111e-12 -0.898823 2.848
14.205 -9.995 -7.28877e-17 -1.58217e-16 -4.85402e-12 -0.991305 2.849
14.2083 -9.995 -7.59247e-17 -1.6284e-16 -4.80874e-12 -0.982045 2.85
14.2117 -9.995 -7.89617e-17 -1.53361e-16 -4.26992e-12 -0.871995 2.851
14.215 -9.995 -8.19987e-17 -1.43634e-16 -3.29288e-12 -0.672449 2.852
14.2183 -9.995 -8.50357e-17 -1.4127e-16 -1.9779e-12 -0.403888 2.853
14.2217 -9.995 -1.11239e-16 -9.10673e-17 -4.59989e-13 -0.0938735 2.854
14.225 -9.995 -1.37442e-16 2.14213e-17 1.1051e-12 0.225775 2.855
14.2283 -9.995 -1.63645e-16 1.91656e-16 2.55676e-12 0.522252 2.856
14.2317 -9.995 -1.89848e-16 4.01584e-16 3.74601e-12 0.765128 2.857
14.235 -9.995 -2.16051e-16 6.2807e-16 4.55083e-12 0.929476 2.858
14.2383 -9.995 -2.42254e-16 8.70601e-16 4.88867e-12 0.998429 2.859
14.2417 -9.995 -2.68458e-16 1.06022e-15 4.72482e-12 0.96491 2.86
14.245 -9.995 -2.94661e-16 1.17869e-15 4.07618e-12 0.832359 2.861
14.2483 -9.995 -3.20864e-16 1.21447e-15 3.00927e-12 0.61438 2.862
14.2517 -9.995 -3.47067e-16 1.07995e-15 1.63373e-12 0.333345 2.863
14.255 -9.995 1.44627e-15 6.3888e-16 9.04683e-14 0.018098 2.864
14.2583 -9.995 3.23961e-15 2.12409e-17 -1.46201e-12 -0.299007 2.865
14.2617 -9.995 5.03294e-15 -7.21107e-16 -2.86441e-12 -0.585423 2.866
14.265 -9.995 6.82628e-15 -1.5062e-15 -3.97287e-12 -0.811756 2.867
14.2683 -9.995 8.61962e-15 -2.24407e-15 -4.67363e-12 -0.954775 2.868
14.2717 -9.995 1.0413e-14 -2.85569e-15 -4.89481e-12 -0.999803 2.869
14.275 -9.995 1.0363e-14 -3.02014e-15 -4.61379e-12 -0.942217 2.87
14.2783 -9.995 1.03131e-14 -2.90214e-15 -3.85924e-12 -0.787929 2.871
14.2817 -9.995 1.02631e-14 -2.49832e-15 -2.70869e-12 -0.552772 2.872
14.285 -9.995 1.02132e-14 -1.82401e-15 -1.28022e-12 -0.260883 2.873
14.2883 -9.995 1.01632e-14 -9.25678e-16 2.79568e-13 0.0577817 2.874
14.2917 -9.995 1.01133e-14 1.84541e-16 1.81059e-12 0.370516 2.875
14.295 -9.995 1.00633e-14 1.45987e-15 3.15577e-12 0.645223 2.876
14.2983 -9.995 1.00134e-14 2.66174e-15 4.17707e-12 0.853708 2.877
14.3017 -9.995 9.96345e-15 3.77363e-15 4.76974e-12 0.974575 2.878
14.305 -9.995 9.91351e-15 4.65227e-15 4.87302e-12 0.995418 2.879
14.3083 -9.995 9.86356e-15 5.18057e-15 4.4764e-12 0.914097 2.88
14.3117 -9.995 7.94522e-15 5.00008e-15 3.62052e-12 0.73896 2.881
14.315 -9.995 7.73545e-15 4.13819e-15 2.39305e-12 0.48798 2.882
14.3183 -9.995 7.52569e-15 2.83019e-15 9.20051e-13 0.186918 2.883
14.3217 -9.995 7.31593e-15 1.18408e-15 -6.47325e-13 -0.133329 2.884
14.325 -9.995 7.15504e-15 -6.42494e-16 -2.14825e-12 -0.439891 2.885
14.3283 -9.995 6.99415e-15 -2.46561e-15 -3.42869e-12 -0.701306 2.886
14.3317 -9.995 6.83326e-15 -4.1373e-15 -4.35729e-12 -0.890744 2.887
14.335 -9.995 6.67237e-15 -5.42022e-15 -4.83873e-12 -0.988761 2.888
14.3383 -9.995 6.51148e-15 -6.19225e-15 -4.8236e-12 -0.985299 2.889
14.3417 -9.995 6.35059e-15 -6.37926e-15 -4.31354e-12 -0.880712 2.89
14.345 -9.995 6.1897e-15 -5.9568e-15 -3.36085e-12 -0.685734 2.891
14.3483 -9.995 6.02881e-15 -4.85363e-15 -2.06348e-12 -0.420378 2.892
14.3517 -9.995 5.86792e-15 -3.19694e-15 -5.54474e-13 -0.111876 2.893
14.355 -9.995 2.31144e-15 -9.54273e-16 1.01172e-12 0.208107 2.894
14.3583 -9.995 -1.24503e-15 1.38615e-15 2.47408e-12 0.506732 2.895
14.3617 -9.995 -4.80151e-15 3.57111e-15 3.68254e-12 0.75335 2.896
14.365 -9.995 -8.35799e-15 5.351e-15 4.51308e-12 0.922648 2.897
14.3683 -9.995 -1.19145e-14 6.4896e-15 4.8804e-12 0.997252 2.898
14.3717 -9.995 -1.54709e-14 6.88251e-15 4.74673e-12 0.969504 2.899
14.375 -9.995 -1.90274e-14 6.55368e-15 4.12576e-12 0.842253 2.9
14.3783 -9.995 -2.25839e-14 5.58589e-15 3.08124e-12 0.628559 2.901
14.3817 -9.995 -2.61404e-14 4.06673e-15 1.72042e-12 0.350354 2.902
14.385 -9.995 -2.96968e-14 2.2066e-15 1.82915e-13 0.0361901 2.903
14.3883 -9.995 -3.32533e-14 2.84529e-16 -1.37348e-12 -0.281688 2.904
14.3917 -9.995 -3.68098e-14 -1.47194e-15 -2.78898e-12 -0.570655 2.905
14.395 -9.995 -4.03663e-14 -2.85325e-15 -3.91826e-12 -0.801054 2.906
14.3983 -9.995 -4.19273e-14 -3.80298e-15 -4.64508e-12 -0.949238 2.907
14.4017 -9.995 -4.17046e-14 -4.49264e-15 -4.895e-12 -0.999998 2.908
14.405 -9.995 -4.14818e-14 -4.70443e-15 -4.64253e-12 -0.948126 2.909
14.4083 -9.995 -4.12591e-14 -4.42374e-15 -3.91351e-12 -0.798944 2.91
14.4117 -9.995 -4.10364e-14 -3.74755e-15 -2.78275e-12 -0.567763 2.911
14.415 -9.995 -4.08137e-14 -2.70312e-15 -1.3664e-12 -0.278311 2.912
14.4183 -9.995 -4.0591e-14 -1.43358e-15 1.90205e-13 0.0397045 2.913
14.4217 -9.995 -4.03683e-14 -1.73287e-17 1.7273e-12 0.353645 2.914
14.425 -9.995 -4.01455e-14 1.32947e-15 3.08714e-12 0.63129 2.915
14.4283 -9.995 -3.99228e-14 2.45515e-15 4.13016e-12 0.844144 2.916
14.4317 -9.995 -3.97001e-14 3.197e-15 4.74924e-12 0.97036 2.917
14.435 -9.995 -3.94774e-14 3.50388e-15 4.88079e-12 0.996985 2.918
14.4383 -9.995 -3.92547e-14 3.37013e-15 4.51124e-12 0.921286 2.919
14.4417 -9.995 -3.9032e-14 2.87158e-15 3.67849e-12 0.751032 2.92
14.445 -9.995 -3.88092e-14 2.06882e-15 2.46805e-12 0.503697 2.921
14.4483 -9.995 -3.85865e-14 1.25243e-15 1.00398e-12 0.204666 2.922
14.4517 -9.995 -3.83638e-14 4.96551e-16 -5.63332e-13 -0.11537 2.923
14.455 -9.995 -3.81411e-14 5.02324e-17 -2.07301e-12 -0.423566 2.924
14.4583 -9.995 -3.78101e-14 -2.32897e-16 -3.36949e-12 -0.68829 2.925
14.4617 -9.995 -3.74791e-14 -2.89358e-16 -4.32011e-12 -0.882372 2.926
14.465 -9.995 -3.71481e-14 -1.71945e-16 -4.8273e-12 -0.985893 2.927
14.4683 -9.995 -3.68171e-14 1.31735e-16 -4.8389e-12 -0.988229 2.928
14.4717 -9.995 -3.64861e-14 5.4335e-16 -4.35357e-12 -0.88914 2.929
14.475 -9.995 -3.77981e-14 6.98719e-16 -3.4212e-12 -0.698795 2.93
14.4783 -9.995 -3.91101e-14 7.6024e-16 -2.13757e-12 -0.43673 2.931
14.4817 -9.995 -3.83986e-14 4.7746e-16 -6.34582e-13 -0.129842 2.932
14.485 -9.995 -3.7687e-14 9.50073e-17 9.33581e-13 0.190372 2.933
14.4883 -9.995 -3.69754e-14 -3.63042e-16 2.40597e-12 0.491047 2.934
14.4917 -9.995 -3.62639e-14 -9.2156e-16 3.63144e-12 0.741325 2.935
14.495 -9.995 -3.55523e-14 -1.52292e-15 4.48418e-12 0.915517 2.936
14.4983 -9.995 -3.48407e-14 -2.08318e-15 4.87668e-12 0.995748 2.937
14.5017 -9.995 -3.41292e-14 -2.6132e-15 4.76846e-12 0.973781 2.938
14.505 -9.995 -3.34176e-14 -2.96372e-15 4.17059e-12 0.851872 2.939
14.5083 -9.995 -3.2706e-14 -3.02322e-15 3.1444e-12 0.642532 2.94
14.5117 -9.995 -3.19945e-14 -2.63851e-15 1.79513e-12 0.367247 2.941
14.515 -9.995 -2.90443e-14 -1.67951e-15 2.6162e-13 0.0542703 2.942
14.5183 -9.995 -2.60942e-14 -3.32517e-16 -1.29891e-12 -0.264276 2.943
14.5217 -9.995 -2.5499e-14 1.22586e-15 -2.72593e-12 -0.5557 2.944
14.525 -9.995 -2.49039e-14 2.81107e-15 -3.8732e-12 -0.790089 2.945
14.5283 -9.995 -2.43087e-14 4.33817e-15 -4.62285e-12 -0.94339 2.946
14.5317 -9.995 -2.37136e-14 5.53559e-15 -4.89796e-12 -0.999866 2.947
14.535 -9.995 -2.31185e-14 6.30711e-15 -4.67015e-12 -0.953724 2.948
14.5383 -9.995 -2.08696e-14 6.28164e-15 -3.96284e-12 -0.809697 2.949
14.5417 -9.995 -1.86207e-14 5.59009e-15 -2.84862e-12 -0.582568 2.95
14.545 -9.995 -1.63718e-14 4.24733e-15 -1.44185e-12 -0.295649 2.951
14.5483 -9.995 -1.61197e-14 2.20872e-15 1.12815e-13 0.0216142 2.952
14.5517 -9.995 -1.58676e-14 -1.13568e-16 1.65594e-12 0.336659 2.953
14.555 -9.995 -1.56155e-14 -2.5523e-15 3.02914e-12 0.617151 2.954
14.5583 -9.995 -1.53634e-14 -4.81733e-15 4.09147e-12 0.834303 2.955
14.5617 -9.995 -1.51113e-14 -6.75116e-15 4.73385e-12 0.965828 2.956
14.565 -9.995 -1.32501e-14 -7.97304e-15 4.89014e-12 0.998226 2.957
14.5683 -9.995 -1.13888e-14 -8.41318e-15 4.54448e-12 0.928173 2.958
14.5717 -9.995 -9.52756e-15 -7.99524e-15 3.73228e-12 0.762859 2.959
14.575 -9.995 -7.66631e-15 -6.714e-15 2.53692e-12 0.519249 2.96
14.5783 -9.995 -5.75087e-15 -4.6658e-15 1.08109e-12 0.222348 2.961
14.5817 -9.995 -3.83543e-15 -2.04206e-15 -4.85773e-13 -0.0973743 2.962
14.585 -9.995 -1.92e-15 9.11659e-16 -2.00286e-12 -0.407102 2.963
14.5883 -9.995 -4.55688e-18 4.03133e-15 -3.31441e-12 -0.675048 2.964
14.5917 -9.995 1.91088e-15 6.95179e-15 -4.28578e-12 -0.873711 2.965
14.595 -9.995 3.82632e-15 9.46475e-15 -4.81714e-12 -0.982703 2.966
14.5983 -9.995 3.5785e-15 1.09791e-14 -4.85374e-12 -0.990836 2.967
14.6017 -9.995 3.33069e-15 1.14664e-14 -4.39201e-12 -0.897276 2.968
14.605 -9.995 5.06148e-15 1.05737e-14 -3.47936e-12 -0.711626 2.969
14.6083 -9.995 6.79228e-15 8.50013e-15 -2.20939e-12 -0.452939 2.97
14.6117 -9.995 8.52307e-15 5.52187e-15 -7.12604e-13 -0.147766 2.971
14.615 -9.995 1.02539e-14 1.82658e-15 8.57456e-13 0.172573 2.972
14.6183 -9.995 1.19847e-14 -2.2446e-15 2.33961e-12 0.475201 2.973
14.6217 -9.995 1.37155e-14 -6.31527e-15 3.58171e-12 0.729057 2.974
14.625 -9.995 1.53324e-14 -9.72252e-15 4.45574e-12 0.908087 2.975
14.6283 -9.995 1.69493e-14 -1.21349e-14 4.87246e-12 0.993917 2.976
14.6317 -9.995 1.85662e-14 -1.32972e-14 4.7891e-12 0.977739 2.977
14.635 -9.995 2.01831e-14 -1.30826e-14 4.21422e-12 0.861211 2.978
14.6383 -9.995 2.18e-14 -1.15078e-14 3.20683e-12 0.656295 2.979
14.6417 -9.995 2.34169e-14 -8.7335e-15 1.87034e-12 0.38402 2.98
14.645 -9.995 2.52319e-14 -5.11168e-15 3.41911e-13 0.0723327 2.981
14.6483 -9.995 2.70469e-14 -9.65038e-16 -1.2216e-12 -0.246779 2.982
14.6517 -9.995 2.88619e-14 3.279e-15 -2.65973e-12 -0.540562 2.983
14.655 -9.995 3.06769e-14 7.13344e-15 -3.8249e-12 -0.778866 2.984
14.6583 -9.995 3.24919e-14 1.02675e-14 -4.59752e-12 -0.937232 2.985
14.6617 -9.995 3.43069e-14 1.23512e-14 -4.89829e-12 -0.999407 2.986
14.665 -9.995 3.61219e-14 1.31593e-14 -4.69632e-12 -0.959009 2.987
14.6683 -9.995 3.7937e-14 1.25981e-14 -4.01236e-12 -0.820185 2.988
14.6717 -9.995 3.9752e-14 1.07184e-14 -2.91661e-12 -0.597183 2.989
14.675 -9.995 4.1567e-14 7.75831e-15 -1.5216e-12 -0.312889 2.99
14.6783 -9.995 4.3382e-14 3.99434e-15 2.95667e-14 0.00351691 2.991
14.6817 -9.995 4.5197e-14 -1.2326e-16 1.57765e-12 0.319562 2.992
14.685 -9.995 4.69462e-14 -4.16166e-15 2.9638e-12 0.60281 2.993
14.6883 -9.995 4.86955e-14 -7.70843e-15 4.04576e-12 0.824189 2.994
14.6917 -9.995 5.08337e-14 -1.04127e-14 4.7126e-12 0.960979 2.995
14.695 -9.995 5.2972e-14 -1.20448e-14 4.89577e-12 0.99914 2.996
14.6983 -9.995 5.51102e-14 -1.24013e-14 4.57652e-12 0.934756 2.997
14.7017 -9.995 5.72484e-14 -1.14583e-14 3.78764e-12 0.774435 2.998
14.705 -9.995 5.93867e-14 -9.35968e-15 2.61015e-12 0.534631 2.999
14.7083 -9.995 6.15249e-14 -6.26908e-15 1.16483e-12 0.239956 3
14.7117 -9.995 6.36631e-14 -2.66825e-15 -3.99889e-13 -0.0793463 3.001
