0 15 0 0 0.242536 0 0.1
0 14.9019 0 5.76062e-13 0.470588 -1.44015e-13 0.2
0 14.7057 0 1.64166e-12 0.67054 -5.58862e-13 0.3
0 14.4114 0 3.04974e-12 0.83045 -1.3385e-12 0.4
0 14.019 0 4.6065e-12 0.94077 -2.53132e-12 0.5
0 13.5285 0 6.08951e-12 0.994911 -4.1316e-12 0.6
0 12.9399 0 7.26871e-12 0.989642 -6.07593e-12 0.7
0 12.2532 0 7.92862e-12 0.925276 -8.24508e-12 0.8
0 11.4684 0 7.88985e-12 0.805658 -1.04713e-11 0.9
0 10.5855 0 7.02818e-12 0.637929 -1.25506e-11 1
0 9.6045 0 5.28955e-12 0.432107 -1.42593e-11 1.1
0 8.5254 0 2.69956e-12 0.200481 -1.5373e-11 1.2
0 7.3482 0 -6.33365e-13 -0.0431166 -1.56878e-11 1.3
0 6.0729 0 -4.52171e-12 -0.284139 -1.50402e-11 1.4
0 4.6995 0 -8.70936e-12 -0.508195 -1.33257e-11 1.5
0 3.228 0 -1.28883e-11 -0.701903 -1.05138e-11 1.6
0 1.6584 0 -1.67206e-11 -0.853698 -6.65718e-12 1.7
0 -0.0093 0 -1.98636e-11 -0.954513 -1.89615e-12 1.8
0 -1.7751 0 -2.19976e-11 -0.99833 3.54489e-12 1.9
0 -3.639 0 -2.28522e-11 -0.982532 9.36704e-12 2
0 -5.601 0 -2.22317e-11 -0.908062 1.52133e-11 2.1
0 -7.6611 0 -2.0035e-11 -0.779367 2.06902e-11 2.2
0 -9.8193 0 -1.62698e-11 -0.604132 2.53944e-11 2.3
0 -12.0756 0 -1.10599e-11 -0.392821 2.8941e-11 2.4
7.10158e-13 -9.35446 7.10158e-13 -1.02217e-10 -0.242433 2.41289e-10 2.5
1.42032e-12 -8.81202 1.42032e-12 -1.2154e-10 -0.0859422 4.98752e-10 2.6
2.13047e-12 -8.36768 2.13047e-12 -5.32477e-11 0.0727119 7.50954e-10 2.7
2.84063e-12 -8.02144 2.84063e-12 1.01031e-10 0.229536 9.78082e-10 2.8
3.55079e-12 -7.7733 3.55079e-12 3.3537e-10 0.380582 1.16111e-09 2.9
4.26095e-12 -7.62326 4.26095e-12 6.39752e-10 0.522047 1.28261e-09 3
