0 15 0 0 0.0249922 0 0.01
0 14.999 0 6.11683e-15 0.0499688 -1.52921e-16 0.02
0 14.9971 0 1.83409e-14 0.0749141 -6.11492e-16 0.03
0 14.9941 0 3.66552e-14 0.0998127 -1.52806e-15 0.04
0 14.9902 0 6.10347e-14 0.124649 -3.05441e-15 0.05
0 14.9853 0 9.14471e-14 0.149407 -5.34154e-15 0.06
0 14.9794 0 1.27852e-13 0.174072 -8.53952e-15 0.07
0 14.9725 0 1.70203e-13 0.198629 -1.27973e-14 0.08
0 14.9647 0 2.18444e-13 0.223061 -1.82624e-14 0.09
0 14.9559 0 2.72514e-13 0.247354 -2.50809e-14 0.1
0 14.946 0 3.32342e-13 0.271492 -3.33973e-14 0.11
0 14.9353 0 3.97851e-13 0.295461 -4.3354e-14 0.12
0 14.9235 0 4.68957e-13 0.319245 -5.50915e-14 0.13
0 14.9107 0 5.45569e-13 0.342829 -6.87479e-14 0.14
0 14.897 0 6.27587e-13 0.3662 -8.44591e-14 0.15
0 14.8823 0 7.14908e-13 0.389342 -1.02358e-13 0.16
0 14.8666 0 8.07418e-13 0.41224 -1.22576e-13 0.17
0 14.8499 0 9.04998e-13 0.434881 -1.45239e-13 0.18
0 14.8322 0 1.00752e-12 0.45725 -1.70472e-13 0.19
0 14.8136 0 1.11486e-12 0.479334 -1.98397e-13 0.2
0 14.794 0 1.22687e-12 0.501118 -2.29131e-13 0.21
0 14.7734 0 1.34341e-12 0.52259 -2.62788e-13 0.22
0 14.7518 0 1.46432e-12 0.543734 -2.99478e-13 0.23
0 14.7292 0 1.58946e-12 0.564539 -3.39308e-13 0.24
0 14.7057 0 1.71866e-12 0.584992 -3.8238e-13 0.25
0 14.6812 0 1.85174e-12 0.605079 -4.28793e-13 0.26
0 14.6557 0 1.98854e-12 0.624788 -4.78641e-13 0.27
0 14.6292 0 2.12887e-12 0.644106 -5.32012e-13 0.28
0 14.6017 0 2.27255e-12 0.663022 -5.88992e-13 0.29
0 14.5733 0 2.4194e-12 0.681524 -6.49661e-13 0.3
0 14.5438 0 2.56921e-12 0.699601 -7.14094e-13 0.31
0 14.5134 0 2.72179e-12 0.71724 -7.82362e-13 0.32
0 14.482 0 2.87693e-12 0.734431 -8.5453e-13 0.33
0 14.4497 0 3.03443e-12 0.751164 -9.30657e-13 0.34
0 14.4163 0 3.19407e-12 0.767427 -1.0108e-12 0.35
0 14.382 0 3.35563e-12 0.78321 -1.09501e-12 0.36
0 14.3467 0 3.51891e-12 0.798505 -1.18332e-12 0.37
0 14.3104 0 3.68367e-12 0.8133 -1.27578e-12 0.38
0 14.2731 0 3.84969e-12 0.827588 -1.37242e-12 0.39
0 14.2348 0 4.01674e-12 0.841358 -1.47327e-12 0.4
0 14.1956 0 4.18459e-12 0.854603 -1.57835e-12 0.41
0 14.1554 0 4.353e-12 0.867314 -1.68766e-12 0.42
0 14.1142 0 4.52173e-12 0.879484 -1.80123e-12 0.43
0 14.072 0 4.69056e-12 0.891103 -1.91906e-12 0.44
0 14.0288 0 4.85923e-12 0.902167 -2.04114e-12 0.45
0 13.9847 0 5.0275e-12 0.912666 -2.16747e-12 0.46
0 13.9395 0 5.19514e-12 0.922595 -2.29802e-12 0.47
0 13.8934 0 5.36189e-12 0.931949 -2.43279e-12 0.48
0 13.8463 0 5.52751e-12 0.940719 -2.57174e-12 0.49
0 13.7983 0 5.69175e-12 0.948903 -2.71483e-12 0.5
0 13.7492 0 5.85437e-12 0.956493 -2.86204e-12 0.51
0 13.6992 0 6.01511e-12 0.963486 -3.01331e-12 0.52
0 13.6482 0 6.17373e-12 0.969877 -3.1686e-12 0.53
0 13.5962 0 6.32999e-12 0.975662 -3.32784e-12 0.54
0 13.5432 0 6.48364e-12 0.980837 -3.49097e-12 0.55
0 13.4893 0 6.63443e-12 0.9854 -3.65792e-12 0.56
0 13.4343 0 6.78211e-12 0.989347 -3.82862e-12 0.57
0 13.3784 0 6.92645e-12 0.992677 -4.00297e-12 0.58
0 13.3215 0 7.0672e-12 0.995386 -4.1809e-12 0.59
0 13.2636 0 7.20412e-12 0.997473 -4.36231e-12 0.6
0 13.2048 0 7.33698e-12 0.998937 -4.5471e-12 0.61
0 13.1449 0 7.46554e-12 0.999777 -4.73516e-12 0.62
0 13.0841 0 7.58956e-12 0.999992 -4.92638e-12 0.63
0 13.0223 0 7.70881e-12 0.999583 -5.12064e-12 0.64
0 12.9595 0 7.82308e-12 0.99855 -5.31781e-12 0.65
0 12.8958 0 7.93213e-12 0.996892 -5.51778e-12 0.66
0 12.831 0 8.03574e-12 0.994612 -5.7204e-12 0.67
0 12.7653 0 8.13369e-12 0.99171 -5.92553e-12 0.68
0 12.6986 0 8.22578e-12 0.988189 -6.13302e-12 0.69
0 12.6309 0 8.31179e-12 0.984051 -6.34273e-12 0.7
0 12.5622 0 8.39152e-12 0.979298 -6.5545e-12 0.71
0 12.4926 0 8.46477e-12 0.973933 -6.76817e-12 0.72
0 12.4219 0 8.53135e-12 0.967959 -6.98357e-12 0.73
0 12.3503 0 8.59106e-12 0.961381 -7.20053e-12 0.74
0 12.2777 0 8.64371e-12 0.954203 -7.41887e-12 0.75
0 12.2042 0 8.68914e-12 0.946428 -7.63842e-12 0.76
0 12.1296 0 8.72716e-12 0.938062 -7.85898e-12 0.77
0 12.0541 0 8.75762e-12 0.92911 -8.08038e-12 0.78
0 11.9775 0 8.78033e-12 0.919578 -8.30241e-12 0.79
0 11.9 0 8.79516e-12 0.909471 -8.52488e-12 0.8
0 11.8216 0 8.80195e-12 0.898796 -8.7476e-12 0.81
0 11.7421 0 8.80056e-12 0.887559 -8.97034e-12 0.82
0 11.6617 0 8.79085e-12 0.875768 -9.19292e-12 0.83
0 11.5802 0 8.7727e-12 0.86343 -9.41511e-12 0.84
0 11.4978 0 8.74598e-12 0.850553 -9.6367e-12 0.85
0 11.4144 0 8.71058e-12 0.837144 -9.85748e-12 0.86
0 11.3301 0 8.66639e-12 0.823212 -1.00772e-11 0.87
0 11.2447 0 8.61331e-12 0.808766 -1.02957e-11 0.88
0 11.1584 0 8.55125e-12 0.793815 -1.05127e-11 0.89
0 11.0711 0 8.48013e-12 0.778367 -1.0728e-11 0.9
0 10.9828 0 8.39988e-12 0.762434 -1.09413e-11 0.91
0 10.8935 0 8.31041e-12 0.746024 -1.11525e-11 0.92
0 10.8033 0 8.21168e-12 0.729148 -1.13613e-11 0.93
0 10.712 0 8.10363e-12 0.711817 -1.15674e-11 0.94
0 10.6198 0 7.98622e-12 0.694041 -1.17707e-11 0.95
0 10.5266 0 7.85941e-12 0.675832 -1.19709e-11 0.96
0 10.4325 0 7.72319e-12 0.6572 -1.21677e-11 0.97
0 10.3373 0 7.57753e-12 0.638158 -1.23609e-11 0.98
0 10.2412 0 7.42243e-12 0.618717 -1.25503e-11 0.99
0 10.1441 0 7.25788e-12 0.598889 -1.27357e-11 1
0 10.046 0 7.0839e-12 0.578688 -1.29168e-11 1.01
0 9.94687 0 6.9005e-12 0.558124 -1.30933e-11 1.02
0 9.84681 0 6.70771e-12 0.537213 -1.32651e-11 1.03
0 9.74576 0 6.50558e-12 0.515965 -1.34319e-11 1.04
0 9.64374 0 6.29413e-12 0.494396 -1.35935e-11 1.05
0 9.54074 0 6.07344e-12 0.472517 -1.37495e-11 1.06
0 9.43675 0 5.84356e-12 0.450343 -1.38999e-11 1.07
0 9.33178 0 5.60457e-12 0.427888 -1.40444e-11 1.08
0 9.22583 0 5.35654e-12 0.405166 -1.41827e-11 1.09
0 9.11891 0 5.09958e-12 0.38219 -1.43146e-11 1.1
0 9.011 0 4.83377e-12 0.358976 -1.44399e-11 1.11
0 8.9021 0 4.55924e-12 0.335538 -1.45584e-11 1.12
0 8.79223 0 4.27609e-12 0.311889 -1.46699e-11 1.13
0 8.68138 0 3.98446e-12 0.288046 -1.47741e-11 1.14
0 8.56955 0 3.68447e-12 0.264024 -1.48708e-11 1.15
0 8.45673 0 3.37629e-12 0.239836 -1.49598e-11 1.16
0 8.34293 0 3.06006e-12 0.215498 -1.5041e-11 1.17
0 8.22816 0 2.73593e-12 0.191026 -1.51141e-11 1.18
0 8.1124 0 2.4041e-12 0.166434 -1.51789e-11 1.19
0 7.99566 0 2.06473e-12 0.141738 -1.52353e-11 1.2
0 7.87794 0 1.71801e-12 0.116954 -1.5283e-11 1.21
0 7.75924 0 1.36414e-12 0.0920971 -1.53219e-11 1.22
0 7.63956 0 1.00333e-12 0.0671824 -1.53518e-11 1.23
0 7.51889 0 6.35784e-13 0.0422257 -1.53725e-11 1.24
0 7.39725 0 2.61729e-13 0.0172426 -1.53838e-11 1.25
0 7.27463 0 -1.18607e-13 -0.00775126 -1.53856e-11 1.26
0 7.15102 0 -5.04988e-13 -0.0327403 -1.53778e-11 1.27
0 7.02643 0 -8.97169e-13 -0.0577089 -1.53602e-11 1.28
0 6.90086 0 -1.2949e-12 -0.0826414 -1.53326e-11 1.29
0 6.77432 0 -1.69792e-12 -0.107522 -1.5295e-11 1.3
0 6.64679 0 -2.10596e-12 -0.132336 -1.52471e-11 1.31
0 6.51827 0 -2.51875e-12 -0.157067 -1.51889e-11 1.32
0 6.38878 0 -2.936e-12 -0.1817 -1.51202e-11 1.33
0 6.25831 0 -3.35745e-12 -0.206219 -1.5041e-11 1.34
0 6.12686 0 -3.78278e-12 -0.23061 -1.49512e-11 1.35
0 5.99442 0 -4.2117e-12 -0.254856 -1.48505e-11 1.36
0 5.861 0 -4.64391e-12 -0.278944 -1.47391e-11 1.37
0 5.72661 0 -5.07909e-12 -0.302857 -1.46167e-11 1.38
0 5.59123 0 -5.51693e-12 -0.326581 -1.44833e-11 1.39
0 5.45487 0 -5.95711e-12 -0.350101 -1.43389e-11 1.4
0 5.31753 0 -6.3993e-12 -0.373402 -1.41834e-11 1.41
0 5.17921 0 -6.84317e-12 -0.39647 -1.40168e-11 1.42
0 5.03991 0 -7.28837e-12 -0.41929 -1.3839e-11 1.43
0 4.89962 0 -7.73458e-12 -0.441848 -1.36499e-11 1.44
0 4.75836 0 -8.18145e-12 -0.46413 -1.34497e-11 1.45
0 4.61612 0 -8.62863e-12 -0.486123 -1.32381e-11 1.46
0 4.47289 0 -9.07576e-12 -0.507811 -1.30154e-11 1.47
0 4.32868 0 -9.5225e-12 -0.529182 -1.27814e-11 1.48
0 4.18349 0 -9.96847e-12 -0.550223 -1.25362e-11 1.49
0 4.03732 0 -1.04133e-11 -0.57092 -1.22798e-11 1.5
0 3.89017 0 -1.08567e-11 -0.591261 -1.20122e-11 1.51
0 3.74204 0 -1.12982e-11 -0.611232 -1.17335e-11 1.52
0 3.59293 0 -1.17376e-11 -0.630821 -1.14437e-11 1.53
0 3.44284 0 -1.21743e-11 -0.650016 -1.11429e-11 1.54
0 3.29176 0 -1.26081e-11 -0.668805 -1.08312e-11 1.55
0 3.13971 0 -1.30385e-11 -0.687176 -1.05086e-11 1.56
0 2.98667 0 -1.34653e-11 -0.705118 -1.01753e-11 1.57
0 2.83266 0 -1.38879e-11 -0.72262 -9.83125e-12 1.58
0 2.67766 0 -1.43062e-11 -0.73967 -9.47667e-12 1.59
0 2.52168 0 -1.47196e-11 -0.756258 -9.11164e-12 1.6
0 2.36472 0 -1.51278e-11 -0.772373 -8.73629e-12 1.61
0 2.20678 0 -1.55304e-11 -0.788006 -8.35076e-12 1.62
0 2.04786 0 -1.59272e-11 -0.803147 -7.95519e-12 1.63
0 1.88795 0 -1.63176e-11 -0.817786 -7.54974e-12 1.64
0 1.72707 0 -1.67013e-11 -0.831914 -7.13456e-12 1.65
0 1.5652 0 -1.7078e-11 -0.845523 -6.70984e-12 1.66
0 1.40236 0 -1.74473e-11 -0.858603 -6.27576e-12 1.67
0 1.23853 0 -1.78088e-11 -0.871147 -5.8325e-12 1.68
0 1.07372 0 -1.81623e-11 -0.883146 -5.38026e-12 1.69
0 0.907935 0 -1.85072e-11 -0.894594 -4.91926e-12 1.7
0 0.741165 0 -1.88433e-11 -0.905483 -4.44972e-12 1.71
0 0.573414 0 -1.91703e-11 -0.915807 -3.97185e-12 1.72
0 0.404682 0 -1.94877e-11 -0.925558 -3.4859e-12 1.73
0 0.234969 0 -1.97952e-11 -0.934731 -2.99211e-12 1.74
0 0.064275 0 -2.00926e-11 -0.94332 -2.49073e-12 1.75
0 -0.1074 0 -2.03795e-11 -0.95132 -1.98202e-12 1.76
0 -0.280056 0 -2.06555e-11 -0.958726 -1.46625e-12 1.77
0 -0.453693 0 -2.09203e-11 -0.965532 -9.43702e-13 1.78
0 -0.628311 0 -2.11737e-11 -0.971736 -4.14655e-13 1.79
0 -0.80391 0 -2.14153e-11 -0.977332 1.20597e-13 1.8
0 -0.98049 0 -2.16448e-11 -0.982318 6.61753e-13 1.81
0 -1.15805 0 -2.18619e-11 -0.98669 1.20851e-12 1.82
0 -1.33659 0 -2.20663e-11 -0.990446 1.76054e-12 1.83
0 -1.51612 0 -2.22579e-11 -0.993583 2.31754e-12 1.84
0 -1.69662 0 -2.24362e-11 -0.996099 2.87917e-12 1.85
0 -1.87811 0 -2.2601e-11 -0.997994 3.44509e-12 1.86
0 -2.06057 0 -2.27521e-11 -0.999264 4.01497e-12 1.87
0 -2.24402 0 -2.28892e-11 -0.999911 4.58846e-12 1.88
0 -2.42845 0 -2.30121e-11 -0.999932 5.16519e-12 1.89
0 -2.61386 0 -2.31206e-11 -0.999329 5.74482e-12 1.9
0 -2.80025 0 -2.32144e-11 -0.998102 6.32697e-12 1.91
0 -2.98762 0 -2.32933e-11 -0.996252 6.91128e-12 1.92
0 -3.17597 0 -2.33571e-11 -0.993778 7.49737e-12 1.93
0 -3.3653 0 -2.34057e-11 -0.990685 8.08485e-12 1.94
0 -3.55562 0 -2.34388e-11 -0.986972 8.67335e-12 1.95
0 -3.74691 0 -2.34562e-11 -0.982642 9.26246e-12 1.96
0 -3.93919 0 -2.34579e-11 -0.977699 9.85181e-12 1.97
0 -4.13244 0 -2.34437e-11 -0.972145 1.0441e-11 1.98
0 -4.32668 0 -2.34133e-11 -0.965984 1.10296e-11 1.99
0 -4.5219 0 -2.33668e-11 -0.959219 1.16172e-11 2
0 -4.7181 0 -2.33039e-11 -0.951855 1.22034e-11 2.01
0 -4.91528 0 -2.32246e-11 -0.943897 1.27878e-11 2.02
0 -5.11344 0 -2.31288e-11 -0.935348 1.33701e-11 2.03
0 -5.31259 0 -2.30163e-11 -0.926216 1.39496e-11 2.04
0 -5.51271 0 -2.28872e-11 -0.916504 1.45262e-11 2.05
0 -5.71382 0 -2.27413e-11 -0.906221 1.50993e-11 2.06
0 -5.9159 0 -2.25787e-11 -0.895371 1.56684e-11 2.07
0 -6.11897 0 -2.23992e-11 -0.883962 1.62333e-11 2.08
0 -6.32302 0 -2.22028e-11 -0.872 1.67935e-11 2.09
0 -6.52805 0 -2.19896e-11 -0.859494 1.73484e-11 2.1
0 -6.73406 0 -2.17595e-11 -0.846451 1.78979e-11 2.11
0 -6.94105 0 -2.15126e-11 -0.832879 1.84413e-11 2.12
0 -7.14902 0 -2.12488e-11 -0.818787 1.89782e-11 2.13
0 -7.35797 0 -2.09683e-11 -0.804183 1.95084e-11 2.14
0 -7.56791 0 -2.0671e-11 -0.789077 2.00312e-11 2.15
0 -7.77882 0 -2.0357e-11 -0.773478 2.05464e-11 2.16
0 -7.99072 0 -2.00265e-11 -0.757396 2.10535e-11 2.17
0 -8.20359 0 -1.96794e-11 -0.74084 2.15521e-11 2.18
0 -8.41745 0 -1.9316e-11 -0.723822 2.20417e-11 2.19
0 -8.63229 0 -1.89362e-11 -0.706352 2.2522e-11 2.2
0 -8.84811 0 -1.85403e-11 -0.68844 2.29925e-11 2.21
0 -9.06491 0 -1.81284e-11 -0.670098 2.34529e-11 2.22
0 -9.28269 0 -1.77006e-11 -0.651338 2.39028e-11 2.23
0 -9.50146 0 -1.72571e-11 -0.632171 2.43417e-11 2.24
0 -9.7212 0 -1.67981e-11 -0.612609 2.47692e-11 2.25
0 -9.94192 0 -1.63237e-11 -0.592664 2.51851e-11 2.26
0 -10.1636 0 -1.58342e-11 -0.572349 2.55888e-11 2.27
9.78352e-14 -9.93244 9.78352e-14 -3.14858e-11 -0.558134 4.89111e-11 2.28
1.9567e-13 -9.87086 1.9567e-13 -4.63232e-11 -0.543754 7.27602e-11 2.29
2.93506e-13 -9.81026 2.93506e-13 -6.03328e-11 -0.529212 9.71152e-11 2.3
3.91341e-13 -9.75064 3.91341e-13 -7.35014e-11 -0.514513 1.21955e-10 2.31
4.89176e-13 -9.692 4.89176e-13 -8.58164e-11 -0.499662 1.47257e-10 2.32
5.87011e-13 -9.63434 5.87011e-13 -9.72657e-11 -0.484662 1.73e-10 2.33
6.84846e-13 -9.57766 6.84846e-13 -1.07838e-10 -0.469518 1.99162e-10 2.34
7.82681e-13 -9.52197 7.82681e-13 -1.17521e-10 -0.454235 2.25721e-10 2.35
8.80517e-13 -9.46725 8.80517e-13 -1.26306e-10 -0.438816 2.52653e-10 2.36
9.78352e-13 -9.41352 9.78352e-13 -1.34181e-10 -0.423268 2.79935e-10 2.37
1.07619e-12 -9.36077 1.07619e-12 -1.41138e-10 -0.407594 3.07545e-10 2.38
1.17402e-12 -9.309 1.17402e-12 -1.47167e-10 -0.391799 3.35459e-10 2.39
1.27186e-12 -9.25821 1.27186e-12 -1.5226e-10 -0.375887 3.63654e-10 2.4
1.36969e-12 -9.2084 1.36969e-12 -1.56408e-10 -0.359864 3.92105e-10 2.41
1.46753e-12 -9.15957 1.46753e-12 -1.59606e-10 -0.343734 4.20789e-10 2.42
1.56536e-12 -9.11172 1.56536e-12 -1.61845e-10 -0.327502 4.49681e-10 2.43
1.6632e-12 -9.06486 1.6632e-12 -1.63119e-10 -0.311173 4.78757e-10 2.44
1.76103e-12 -9.01897 1.76103e-12 -1.63423e-10 -0.294751 5.07993e-10 2.45
1.85887e-12 -8.97407 1.85887e-12 -1.62752e-10 -0.278242 5.37365e-10 2.46
1.9567e-12 -8.93014 1.9567e-12 -1.61101e-10 -0.26165 5.66846e-10 2.47
2.05454e-12 -8.8872 2.05454e-12 -1.58466e-10 -0.244981 5.96413e-10 2.48
2.15237e-12 -8.84524 2.15237e-12 -1.54843e-10 -0.228238 6.26041e-10 2.49
2.25021e-12 -8.80426 2.25021e-12 -1.5023e-10 -0.211428 6.55704e-10 2.5
2.34804e-12 -8.76426 2.34804e-12 -1.44624e-10 -0.194556 6.85377e-10 2.51
2.44588e-12 -8.72524 2.44588e-12 -1.38024e-10 -0.177625 7.15036e-10 2.52
2.54371e-12 -8.6872 2.54371e-12 -1.30428e-10 -0.160642 7.44654e-10 2.53
2.64155e-12 -8.65015 2.64155e-12 -1.21836e-10 -0.143611 7.74208e-10 2.54
2.73939e-12 -8.61407 2.73939e-12 -1.12248e-10 -0.126537 8.0367e-10 2.55
2.83722e-12 -8.57898 2.83722e-12 -1.01664e-10 -0.109426 8.33017e-10 2.56
2.93506e-12 -8.54486 2.93506e-12 -9.00863e-11 -0.0922822 8.62223e-10 2.57
3.03289e-12 -8.51173 3.03289e-12 -7.75158e-11 -0.0751111 8.91262e-10 2.58
3.13073e-12 -8.47958 3.13073e-12 -6.39549e-11 -0.0579177 9.20109e-10 2.59
3.22856e-12 -8.44841 3.22856e-12 -4.94067e-11 -0.0407071 9.4874e-10 2.6
3.3264e-12 -8.41822 3.3264e-12 -3.38747e-11 -0.0234844 9.77128e-10 2.61
3.42423e-12 -8.38901 3.42423e-12 -1.73628e-11 -0.00625472 1.00525e-09 2.62
3.52207e-12 -8.36078 3.52207e-12 1.24156e-13 0.0109768 1.03308e-09 2.63
3.6199e-12 -8.33354 3.6199e-12 1.8581e-11 0.0282051 1.06059e-09 2.64
3.71774e-12 -8.30727 3.71774e-12 3.8002e-11 0.0454249 1.08776e-09 2.65
3.81557e-12 -8.28199 3.81557e-12 5.83807e-11 0.0626313 1.11456e-09 2.66
3.91341e-12 -8.25768 3.91341e-12 7.97102e-11 0.0798191 1.14097e-09 2.67
4.01124e-12 -8.23436 4.01124e-12 1.01983e-10 0.0969832 1.16696e-09 2.68
4.10908e-12 -8.21202 4.10908e-12 1.25191e-10 0.114119 1.19251e-09 2.69
4.20691e-12 -8.19066 4.20691e-12 1.49325e-10 0.13122 1.2176e-09 2.7
4.30475e-12 -8.17028 4.30475e-12 1.74377e-10 0.148282 1.2422e-09 2.71
4.40258e-12 -8.15088 4.40258e-12 2.00336e-10 0.165301 1.26629e-09 2.72
4.50042e-12 -8.13247 4.50042e-12 2.27192e-10 0.18227 1.28984e-09 2.73
4.59825e-12 -8.11503 4.59825e-12 2.54935e-10 0.199185 1.31283e-09 2.74
4.69609e-12 -8.09857 4.69609e-12 2.83552e-10 0.216042 1.33524e-09 2.75
4.79392e-12 -8.0831 4.79392e-12 3.13032e-10 0.232833 1.35704e-09 2.76
4.89176e-12 -8.06861 4.89176e-12 3.43363e-10 0.249556 1.37821e-09 2.77
4.98959e-12 -8.05509 4.98959e-12 3.74531e-10 0.266205 1.39873e-09 2.78
5.08743e-12 -8.04256 5.08743e-12 4.06523e-10 0.282775 1.41858e-09 2.79
5.18526e-12 -8.03101 5.18526e-12 4.39325e-10 0.29926 1.43774e-09 2.8
5.2831e-12 -8.02044 5.2831e-12 4.72921e-10 0.315657 1.45617e-09 2.81
5.38094e-12 -8.01085 5.38094e-12 5.07298e-10 0.33196 1.47387e-09 2.82
5.47877e-12 -8.00225 5.47877e-12 5.42439e-10 0.348165 1.4908e-09 2.83
5.57661e-12 -7.99462 5.57661e-12 5.78328e-10 0.364266 1.50696e-09 2.84
5.67444e-12 -7.98797 5.67444e-12 6.14949e-10 0.380259 1.52232e-09 2.85
5.77228e-12 -7.98231 5.77228e-12 6.52285e-10 0.396139 1.53685e-09 2.86
5.87011e-12 -7.97763 5.87011e-12 6.90317e-10 0.411901 1.55055e-09 2.87
5.96795e-12 -7.97392 5.96795e-12 7.29028e-10 0.427542 1.56338e-09 2.88
6.06578e-12 -7.9712 6.06578e-12 7.684e-10 0.443055 1.57534e-09 2.89
6.16362e-12 -7.96946 6.16362e-12 8.08413e-10 0.458437 1.5864e-09 2.9
6.26145e-12 -7.9687 6.26145e-12 8.49049e-10 0.473682 1.59654e-09 2.91
6.35929e-12 -7.96892 6.35929e-12 8.90286e-10 0.488787 1.60575e-09 2.92
6.45712e-12 -7.97013 6.45712e-12 9.32105e-10 0.503747 1.614e-09 2.93
6.55496e-12 -7.97231 6.55496e-12 9.74486e-10 0.518557 1.62129e-09 2.94
6.65279e-12 -7.97548 6.65279e-12 1.01741e-09 0.533213 1.6276e-09 2.95
6.75063e-12 -7.97962 6.75063e-12 1.06084e-09 0.547711 1.63291e-09 2.96
6.84846e-12 -7.98475 6.84846e-12 1.10478e-09 0.562046 1.63719e-09 2.97
6.9463e-12 -7.99086 6.9463e-12 1.14919e-09 0.576215 1.64045e-09 2.98
7.04413e-12 -7.99794 7.04413e-12 1.19405e-09 0.590212 1.64266e-09 2.99
7.14197e-12 -8.00601 7.14197e-12 1.23934e-09 0.604034 1.64382e-09 3
7.2398e-12 -8.01506 7.2398e-12 1.28504e-09 0.617676 1.64389e-09 3.01
