0.01 7.55837e-06
0.02 3.02335e-05
0.03 6.80253e-05
0.04 0.000120934
0.05 0.000188959
0.06 0.000272101
0.07 0.00037036
0.08 0.000483735
0.09 0.000612228
0.1 0.000755837
0.11 0.000914562
0.12 0.0010884
0.13 0.00127736
0.14 0.00148144
0.15 0.00170063
0.16 0.00193494
0.17 0.00218437
0.18 0.00244891
0.19 0.00272857
0.2 0.00302335
0.21 0.00333324
0.22 0.00365825
0.23 0.00399838
0.24 0.00435362
0.25 0.00472398
0.26 0.00510946
0.27 0.00551005
0.28 0.00592576
0.29 0.00635659
0.3 0.00680253
0.31 0.00726359
0.32 0.00773977
0.33 0.00823106
0.34 0.00873747
0.35 0.009259
0.36 0.00979564
0.37 0.0103474
0.38 0.0109143
0.39 0.0114963
0.4 0.0120934
0.41 0.0127056
0.42 0.013333
0.43 0.0139754
0.44 0.014633
0.45 0.0153057
0.46 0.0159935
0.47 0.0166964
0.48 0.0174145
0.49 0.0181476
0.5 0.0188959
0.51 0.0196593
0.52 0.0204378
0.53 0.0212314
0.54 0.0220402
0.55 0.0228641
0.56 0.023703
0.57 0.0245571
0.58 0.0254263
0.59 0.0263107
0.6 0.0272101
0.61 0.0281247
0.62 0.0290544
0.63 0.0299992
0.64 0.0309591
0.65 0.0319341
0.66 0.0329242
0.67 0.0339295
0.68 0.0349499
0.69 0.0359854
0.7 0.037036
0.71 0.0381017
0.72 0.0391826
0.73 0.0402785
0.74 0.0413896
0.75 0.0425158
0.76 0.0436571
0.77 0.0448135
0.78 0.0459851
0.79 0.0471718
0.8 0.0483735
0.81 0.0495904
0.82 0.0508225
0.83 0.0520696
0.84 0.0533318
0.85 0.0546092
0.86 0.0559017
0.87 0.0572093
0.88 0.058532
0.89 0.0598698
0.9 0.0612228
0.91 0.0625908
0.92 0.063974
0.93 0.0653723
0.94 0.0667857
0.95 0.0682142
0.96 0.0696579
0.97 0.0711167
0.98 0.0725905
0.99 0.0740795
1 0.0755837
1.01 0.0771029
1.02 0.0786372
1.03 0.0801867
1.04 0.0817513
1.05 0.083331
1.06 0.0849258
1.07 0.0865357
1.08 0.0881608
1.09 0.0898009
1.1 0.0914562
1.11 0.0931266
1.12 0.0948121
1.13 0.0965128
1.14 0.0982285
1.15 0.0999594
1.16 0.101705
1.17 0.103466
1.18 0.105243
1.19 0.107034
1.2 0.10884
1.21 0.110662
1.22 0.112499
1.23 0.114351
1.24 0.116217
1.25 0.118099
1.26 0.119997
1.27 0.121909
1.28 0.123836
1.29 0.125779
1.3 0.127736
1.31 0.129709
1.32 0.131697
1.33 0.1337
1.34 0.135718
1.35 0.137751
1.36 0.1398
1.37 0.141863
1.38 0.143942
1.39 0.146035
1.4 0.148144
1.41 0.150268
1.42 0.152407
1.43 0.154561
1.44 0.15673
1.45 0.158915
1.46 0.161114
1.47 0.163329
1.48 0.165558
1.49 0.167803
1.5 0.170063
1.51 0.172338
1.52 0.174628
1.53 0.176934
1.54 0.179254
1.55 0.18159
1.56 0.18394
1.57 0.186306
1.58 0.188687
1.59 0.191083
1.6 0.193494
1.61 0.19592
1.62 0.198362
1.63 0.200818
1.64 0.20329
1.65 0.205777
1.66 0.208278
1.67 0.210795
1.68 0.213327
1.69 0.215874
1.7 0.218437
1.71 0.221014
1.72 0.223607
1.73 0.226214
1.74 0.228837
1.75 0.231475
1.76 0.234128
1.77 0.236796
1.78 0.239479
1.79 0.242178
1.8 0.244891
1.81 0.24762
1.82 0.250363
1.83 0.253122
1.84 0.255896
1.85 0.258685
1.86 0.261489
1.87 0.264308
1.88 0.267143
1.89 0.269992
1.9 0.272857
1.91 0.275737
1.92 0.278632
1.93 0.281542
1.94 0.284467
1.95 0.287407
1.96 0.290362
1.97 0.293333
1.98 0.296318
1.99 0.299319
2 0.302335
2.01 0.305366
2.02 0.308412
2.03 0.311473
2.04 0.314549
2.05 0.31764
2.06 0.320747
2.07 0.323868
2.08 0.327005
2.09 0.330157
2.1 0.333324
2.11 0.336506
2.12 0.339703
2.13 0.342915
2.14 0.346143
2.15 0.349385
2.16 0.352643
2.17 0.355916
2.18 0.359204
2.19 0.362507
2.2 0.365825
2.21 0.369158
2.22 0.372506
2.23 0.37587
2.24 0.379249
2.25 0.382642
2.26 0.386051
2.27 2.23342e-07
2.28 5.18317e-06
2.29 3.26448e-12
2.3 8.32088e-19
2.31 8.30424e-19
2.32 8.28764e-19
2.33 8.27108e-19
2.34 8.25454e-19
2.35 8.23804e-19
2.36 8.22157e-19
2.37 8.20514e-19
2.38 8.18874e-19
2.39 8.17237e-19
2.4 8.15603e-19
2.41 8.13973e-19
2.42 8.12346e-19
2.43 8.10722e-19
2.44 8.09101e-19
2.45 8.07484e-19
2.46 8.0587e-19
2.47 8.04259e-19
2.48 8.02651e-19
2.49 8.01046e-19
2.5 7.99445e-19
2.51 7.97847e-19
2.52 7.96252e-19
2.53 7.9466e-19
2.54 7.93072e-19
2.55 7.91487e-19
2.56 7.89904e-19
2.57 7.88325e-19
2.58 7.86749e-19
2.59 7.85177e-19
2.6 7.83607e-19
2.61 7.82041e-19
2.62 7.80477e-19
2.63 7.78917e-19
2.64 7.7736e-19
2.65 7.75806e-19
2.66 7.74255e-19
2.67 7.72708e-19
2.68 7.71163e-19
2.69 7.69622e-19
2.7 7.68083e-19
2.71 7.66548e-19
2.72 7.65015e-19
2.73 7.63486e-19
2.74 7.6196e-19
2.75 7.60437e-19
2.76 7.58917e-19
2.77 7.574e-19
2.78 7.55885e-19
2.79 7.54374e-19
2.8 7.52866e-19
2.81 7.51361e-19
2.82 7.4986e-19
2.83 7.48361e-19
2.84 7.46865e-19
2.85 7.45372e-19
2.86 7.43882e-19
2.87 7.42395e-19
2.88 7.40911e-19
2.89 7.39429e-19
2.9 7.37951e-19
2.91 7.36476e-19
2.92 7.35004e-19
2.93 7.33535e-19
2.94 7.32068e-19
2.95 7.30605e-19
2.96 7.29144e-19
2.97 7.27687e-19
2.98 7.26232e-19
2.99 7.24781e-19
3 7.23332e-19
3.01 7.21886e-19
