0.001 7.55837e-08
0.002 3.02335e-07
0.003 6.80253e-07
0.004 1.20934e-06
0.005 1.88959e-06
0.006 2.72101e-06
0.007 3.7036e-06
0.008 4.83735e-06
0.009 6.12228e-06
0.01 7.55837e-06
0.011 9.14562e-06
0.012 1.0884e-05
0.013 1.27736e-05
0.014 1.48144e-05
0.015 1.70063e-05
0.016 1.93494e-05
0.017 2.18437e-05
0.018 2.44891e-05
0.019 2.72857e-05
0.02 3.02335e-05
0.021 3.33324e-05
0.022 3.65825e-05
0.023 3.99838e-05
0.024 4.35362e-05
0.025 4.72398e-05
0.026 5.10946e-05
0.027 5.51005e-05
0.028 5.92576e-05
0.029 6.35659e-05
0.03 6.80253e-05
0.031 7.26359e-05
0.032 7.73977e-05
0.033 8.23106e-05
0.034 8.73747e-05
0.035 9.259e-05
0.036 9.79564e-05
0.037 0.000103474
0.038 0.000109143
0.039 0.000114963
0.04 0.000120934
0.041 0.000127056
0.042 0.00013333
0.043 0.000139754
0.044 0.00014633
0.045 0.000153057
0.046 0.000159935
0.047 0.000166964
0.048 0.000174145
0.049 0.000181476
0.05 0.000188959
0.051 0.000196593
0.052 0.000204378
0.053 0.000212314
0.054 0.000220402
0.055 0.000228641
0.056 0.00023703
0.057 0.000245571
0.058 0.000254263
0.059 0.000263107
0.06 0.000272101
0.061 0.000281247
0.062 0.000290544
0.063 0.000299992
0.064 0.000309591
0.065 0.000319341
0.066 0.000329242
0.067 0.000339295
0.068 0.000349499
0.069 0.000359854
0.07 0.00037036
0.071 0.000381017
0.072 0.000391826
0.073 0.000402785
0.074 0.000413896
0.075 0.000425158
0.076 0.000436571
0.077 0.000448135
0.078 0.000459851
0.079 0.000471718
0.08 0.000483735
0.081 0.000495904
0.082 0.000508225
0.083 0.000520696
0.084 0.000533318
0.085 0.000546092
0.086 0.000559017
0.087 0.000572093
0.088 0.00058532
0.089 0.000598698
0.09 0.000612228
0.091 0.000625908
0.092 0.00063974
0.093 0.000653723
0.094 0.000667857
0.095 0.000682142
0.096 0.000696579
0.097 0.000711167
0.098 0.000725905
0.099 0.000740795
0.1 0.000755837
0.101 0.000771029
0.102 0.000786372
0.103 0.000801867
0.104 0.000817513
0.105 0.00083331
0.106 0.000849258
0.107 0.000865357
0.108 0.000881608
0.109 0.000898009
0.11 0.000914562
0.111 0.000931266
0.112 0.000948121
0.113 0.000965128
0.114 0.000982285
0.115 0.000999594
0.116 0.00101705
0.117 0.00103466
0.118 0.00105243
0.119 0.00107034
0.12 0.0010884
0.121 0.00110662
0.122 0.00112499
0.123 0.00114351
0.124 0.00116217
0.125 0.00118099
0.126 0.00119997
0.127 0.00121909
0.128 0.00123836
0.129 0.00125779
0.13 0.00127736
0.131 0.00129709
0.132 0.00131697
0.133 0.001337
0.134 0.00135718
0.135 0.00137751
0.136 0.001398
0.137 0.00141863
0.138 0.00143942
0.139 0.00146035
0.14 0.00148144
0.141 0.00150268
0.142 0.00152407
0.143 0.00154561
0.144 0.0015673
0.145 0.00158915
0.146 0.00161114
0.147 0.00163329
0.148 0.00165558
0.149 0.00167803
0.15 0.00170063
0.151 0.00172338
0.152 0.00174628
0.153 0.00176934
0.154 0.00179254
0.155 0.0018159
0.156 0.0018394
0.157 0.00186306
0.158 0.00188687
0.159 0.00191083
0.16 0.00193494
0.161 0.0019592
0.162 0.00198362
0.163 0.00200818
0.164 0.0020329
0.165 0.00205777
0.166 0.00208278
0.167 0.00210795
0.168 0.00213327
0.169 0.00215874
0.17 0.00218437
0.171 0.00221014
0.172 0.00223607
0.173 0.00226214
0.174 0.00228837
0.175 0.00231475
0.176 0.00234128
0.177 0.00236796
0.178 0.00239479
0.179 0.00242178
0.18 0.00244891
0.181 0.0024762
0.182 0.00250363
0.183 0.00253122
0.184 0.00255896
0.185 0.00258685
0.186 0.00261489
0.187 0.00264308
0.188 0.00267143
0.189 0.00269992
0.19 0.00272857
0.191 0.00275737
0.192 0.00278632
0.193 0.00281542
0.194 0.00284467
0.195 0.00287407
0.196 0.00290362
0.197 0.00293333
0.198 0.00296318
0.199 0.00299319
0.2 0.00302335
0.201 0.00305366
0.202 0.00308412
0.203 0.00311473
0.204 0.00314549
0.205 0.0031764
0.206 0.00320747
0.207 0.00323868
0.208 0.00327005
0.209 0.00330157
0.21 0.00333324
0.211 0.00336506
0.212 0.00339703
0.213 0.00342915
0.214 0.00346143
0.215 0.00349385
0.216 0.00352643
0.217 0.00355916
0.218 0.00359204
0.219 0.00362507
0.22 0.00365825
0.221 0.00369158
0.222 0.00372506
0.223 0.0037587
0.224 0.00379249
0.225 0.00382642
0.226 0.00386051
0.227 0.00389475
0.228 0.00392914
0.229 0.00396368
0.23 0.00399838
0.231 0.00403322
0.232 0.00406821
0.233 0.00410336
0.234 0.00413866
0.235 0.00417411
0.236 0.00420971
0.237 0.00424546
0.238 0.00428136
0.239 0.00431741
0.24 0.00435362
0.241 0.00438997
0.242 0.00442648
0.243 0.00446314
0.244 0.00449995
0.245 0.00453691
0.246 0.00457402
0.247 0.00461128
0.248 0.0046487
0.249 0.00468626
0.25 0.00472398
0.251 0.00476185
0.252 0.00479986
0.253 0.00483803
0.254 0.00487636
0.255 0.00491483
0.256 0.00495345
0.257 0.00499222
0.258 0.00503115
0.259 0.00507023
0.26 0.00510946
0.261 0.00514883
0.262 0.00518836
0.263 0.00522805
0.264 0.00526788
0.265 0.00530786
0.266 0.005348
0.267 0.00538828
0.268 0.00542872
0.269 0.00546931
0.27 0.00551005
0.271 0.00555094
0.272 0.00559198
0.273 0.00563317
0.274 0.00567452
0.275 0.00571601
0.276 0.00575766
0.277 0.00579946
0.278 0.00584141
0.279 0.00588351
0.28 0.00592576
0.281 0.00596816
0.282 0.00601071
0.283 0.00605342
0.284 0.00609628
0.285 0.00613928
0.286 0.00618244
0.287 0.00622575
0.288 0.00626921
0.289 0.00631282
0.29 0.00635659
0.291 0.0064005
0.292 0.00644456
0.293 0.00648878
0.294 0.00653315
0.295 0.00657767
0.296 0.00662234
0.297 0.00666716
0.298 0.00671213
0.299 0.00675725
0.3 0.00680253
0.301 0.00684795
0.302 0.00689353
0.303 0.00693926
0.304 0.00698514
0.305 0.00703117
0.306 0.00707735
0.307 0.00712368
0.308 0.00717017
0.309 0.0072168
0.31 0.00726359
0.311 0.00731053
0.312 0.00735762
0.313 0.00740486
0.314 0.00745225
0.315 0.00749979
0.316 0.00754748
0.317 0.00759533
0.318 0.00764332
0.319 0.00769147
0.32 0.00773977
0.321 0.00778822
0.322 0.00783682
0.323 0.00788557
0.324 0.00793447
0.325 0.00798352
0.326 0.00803273
0.327 0.00808208
0.328 0.00813159
0.329 0.00818125
0.33 0.00823106
0.331 0.00828102
0.332 0.00833113
0.333 0.0083814
0.334 0.00843181
0.335 0.00848238
0.336 0.00853309
0.337 0.00858396
0.338 0.00863498
0.339 0.00868615
0.34 0.00873747
0.341 0.00878894
0.342 0.00884057
0.343 0.00889234
0.344 0.00894427
0.345 0.00899634
0.346 0.00904857
0.347 0.00910095
0.348 0.00915348
0.349 0.00920616
0.35 0.009259
0.351 0.00931198
0.352 0.00936512
0.353 0.0094184
0.354 0.00947184
0.355 0.00952543
0.356 0.00957917
0.357 0.00963306
0.358 0.0096871
0.359 0.0097413
0.36 0.00979564
0.361 0.00985014
0.362 0.00990478
0.363 0.00995958
0.364 0.0100145
0.365 0.0100696
0.366 0.0101249
0.367 0.0101803
0.368 0.0102358
0.369 0.0102915
0.37 0.0103474
0.371 0.0104034
0.372 0.0104596
0.373 0.0105159
0.374 0.0105723
0.375 0.010629
0.376 0.0106857
0.377 0.0107426
0.378 0.0107997
0.379 0.0108569
0.38 0.0109143
0.381 0.0109718
0.382 0.0110295
0.383 0.0110873
0.384 0.0111453
0.385 0.0112034
0.386 0.0112617
0.387 0.0113201
0.388 0.0113787
0.389 0.0114374
0.39 0.0114963
0.391 0.0115553
0.392 0.0116145
0.393 0.0116738
0.394 0.0117333
0.395 0.0117929
0.396 0.0118527
0.397 0.0119127
0.398 0.0119728
0.399 0.012033
0.4 0.0120934
0.401 0.0121539
0.402 0.0122146
0.403 0.0122755
0.404 0.0123365
0.405 0.0123976
0.406 0.0124589
0.407 0.0125204
0.408 0.012582
0.409 0.0126437
0.41 0.0127056
0.411 0.0127677
0.412 0.0128299
0.413 0.0128922
0.414 0.0129547
0.415 0.0130174
0.416 0.0130802
0.417 0.0131432
0.418 0.0132063
0.419 0.0132695
0.42 0.013333
0.421 0.0133965
0.422 0.0134602
0.423 0.0135241
0.424 0.0135881
0.425 0.0136523
0.426 0.0137166
0.427 0.0137811
0.428 0.0138457
0.429 0.0139105
0.43 0.0139754
0.431 0.0140405
0.432 0.0141057
0.433 0.0141711
0.434 0.0142366
0.435 0.0143023
0.436 0.0143682
0.437 0.0144341
0.438 0.0145003
0.439 0.0145666
0.44 0.014633
0.441 0.0146996
0.442 0.0147663
0.443 0.0148332
0.444 0.0149003
0.445 0.0149675
0.446 0.0150348
0.447 0.0151023
0.448 0.0151699
0.449 0.0152377
0.45 0.0153057
0.451 0.0153738
0.452 0.015442
0.453 0.0155104
0.454 0.015579
0.455 0.0156477
0.456 0.0157166
0.457 0.0157856
0.458 0.0158547
0.459 0.015924
0.46 0.0159935
0.461 0.0160631
0.462 0.0161329
0.463 0.0162028
0.464 0.0162729
0.465 0.0163431
0.466 0.0164134
0.467 0.016484
0.468 0.0165546
0.469 0.0166255
0.47 0.0166964
0.471 0.0167676
0.472 0.0168388
0.473 0.0169103
0.474 0.0169818
0.475 0.0170536
0.476 0.0171254
0.477 0.0171975
0.478 0.0172697
0.479 0.017342
0.48 0.0174145
0.481 0.0174871
0.482 0.0175599
0.483 0.0176328
0.484 0.0177059
0.485 0.0177792
0.486 0.0178526
0.487 0.0179261
0.488 0.0179998
0.489 0.0180736
0.49 0.0181476
0.491 0.0182218
0.492 0.0182961
0.493 0.0183705
0.494 0.0184451
0.495 0.0185199
0.496 0.0185948
0.497 0.0186698
0.498 0.018745
0.499 0.0188204
0.5 0.0188959
0.501 0.0189716
0.502 0.0190474
0.503 0.0191233
0.504 0.0191995
0.505 0.0192757
0.506 0.0193521
0.507 0.0194287
0.508 0.0195054
0.509 0.0195823
0.51 0.0196593
0.511 0.0197365
0.512 0.0198138
0.513 0.0198913
0.514 0.0199689
0.515 0.0200467
0.516 0.0201246
0.517 0.0202027
0.518 0.0202809
0.519 0.0203593
0.52 0.0204378
0.521 0.0205165
0.522 0.0205953
0.523 0.0206743
0.524 0.0207535
0.525 0.0208327
0.526 0.0209122
0.527 0.0209918
0.528 0.0210715
0.529 0.0211514
0.53 0.0212314
0.531 0.0213116
0.532 0.021392
0.533 0.0214725
0.534 0.0215531
0.535 0.0216339
0.536 0.0217149
0.537 0.021796
0.538 0.0218772
0.539 0.0219586
0.54 0.0220402
0.541 0.0221219
0.542 0.0222038
0.543 0.0222858
0.544 0.0223679
0.545 0.0224502
0.546 0.0225327
0.547 0.0226153
0.548 0.0226981
0.549 0.022781
0.55 0.0228641
0.551 0.0229473
0.552 0.0230306
0.553 0.0231142
0.554 0.0231978
0.555 0.0232817
0.556 0.0233656
0.557 0.0234498
0.558 0.023534
0.559 0.0236185
0.56 0.023703
0.561 0.0237878
0.562 0.0238726
0.563 0.0239577
0.564 0.0240429
0.565 0.0241282
0.566 0.0242137
0.567 0.0242993
0.568 0.0243851
0.569 0.024471
0.57 0.0245571
0.571 0.0246434
0.572 0.0247298
0.573 0.0248163
0.574 0.024903
0.575 0.0249898
0.576 0.0250768
0.577 0.025164
0.578 0.0252513
0.579 0.0253387
0.58 0.0254263
0.581 0.0255141
0.582 0.025602
0.583 0.0256901
0.584 0.0257783
0.585 0.0258666
0.586 0.0259551
0.587 0.0260438
0.588 0.0261326
0.589 0.0262216
0.59 0.0263107
0.591 0.0263999
0.592 0.0264894
0.593 0.0265789
0.594 0.0266686
0.595 0.0267585
0.596 0.0268485
0.597 0.0269387
0.598 0.027029
0.599 0.0271195
0.6 0.0272101
0.601 0.0273009
0.602 0.0273918
0.603 0.0274829
0.604 0.0275741
0.605 0.0276655
0.606 0.027757
0.607 0.0278487
0.608 0.0279406
0.609 0.0280325
0.61 0.0281247
0.611 0.028217
0.612 0.0283094
0.613 0.028402
0.614 0.0284947
0.615 0.0285876
0.616 0.0286807
0.617 0.0287739
0.618 0.0288672
0.619 0.0289607
0.62 0.0290544
0.621 0.0291482
0.622 0.0292421
0.623 0.0293362
0.624 0.0294305
0.625 0.0295249
0.626 0.0296194
0.627 0.0297141
0.628 0.029809
0.629 0.029904
0.63 0.0299992
0.631 0.0300945
0.632 0.0301899
0.633 0.0302855
0.634 0.0303813
0.635 0.0304772
0.636 0.0305733
0.637 0.0306695
0.638 0.0307659
0.639 0.0308624
0.64 0.0309591
0.641 0.0310559
0.642 0.0311529
0.643 0.03125
0.644 0.0313473
0.645 0.0314447
0.646 0.0315423
0.647 0.03164
0.648 0.0317379
0.649 0.0318359
0.65 0.0319341
0.651 0.0320324
0.652 0.0321309
0.653 0.0322296
0.654 0.0323283
0.655 0.0324273
0.656 0.0325264
0.657 0.0326256
0.658 0.032725
0.659 0.0328245
0.66 0.0329242
0.661 0.0330241
0.662 0.0331241
0.663 0.0332242
0.664 0.0333245
0.665 0.033425
0.666 0.0335256
0.667 0.0336263
0.668 0.0337272
0.669 0.0338283
0.67 0.0339295
0.671 0.0340309
0.672 0.0341324
0.673 0.034234
0.674 0.0343358
0.675 0.0344378
0.676 0.0345399
0.677 0.0346422
0.678 0.0347446
0.679 0.0348472
0.68 0.0349499
0.681 0.0350528
0.682 0.0351558
0.683 0.0352589
0.684 0.0353623
0.685 0.0354657
0.686 0.0355694
0.687 0.0356731
0.688 0.0357771
0.689 0.0358811
0.69 0.0359854
0.691 0.0360898
0.692 0.0361943
0.693 0.036299
0.694 0.0364038
0.695 0.0365088
0.696 0.0366139
0.697 0.0367192
0.698 0.0368247
0.699 0.0369302
0.7 0.037036
0.701 0.0371419
0.702 0.0372479
0.703 0.0373541
0.704 0.0374605
0.705 0.037567
0.706 0.0376736
0.707 0.0377804
0.708 0.0378874
0.709 0.0379945
0.71 0.0381017
0.711 0.0382091
0.712 0.0383167
0.713 0.0384244
0.714 0.0385322
0.715 0.0386403
0.716 0.0387484
0.717 0.0388567
0.718 0.0389652
0.719 0.0390738
0.72 0.0391826
0.721 0.0392915
0.722 0.0394006
0.723 0.0395098
0.724 0.0396191
0.725 0.0397287
0.726 0.0398383
0.727 0.0399482
0.728 0.0400581
0.729 0.0401683
0.73 0.0402785
0.731 0.040389
0.732 0.0404995
0.733 0.0406103
0.734 0.0407211
0.735 0.0408322
0.736 0.0409434
0.737 0.0410547
0.738 0.0411662
0.739 0.0412778
0.74 0.0413896
0.741 0.0415015
0.742 0.0416136
0.743 0.0417259
0.744 0.0418383
0.745 0.0419508
0.746 0.0420635
0.747 0.0421764
0.748 0.0422894
0.749 0.0424025
0.75 0.0425158
0.751 0.0426293
0.752 0.0427429
0.753 0.0428566
0.754 0.0429705
0.755 0.0430846
0.756 0.0431988
0.757 0.0433131
0.758 0.0434276
0.759 0.0435423
0.76 0.0436571
0.761 0.0437721
0.762 0.0438872
0.763 0.0440025
0.764 0.0441179
0.765 0.0442334
0.766 0.0443492
0.767 0.044465
0.768 0.0445811
0.769 0.0446972
0.77 0.0448135
0.771 0.04493
0.772 0.0450466
0.773 0.0451634
0.774 0.0452804
0.775 0.0453974
0.776 0.0455147
0.777 0.045632
0.778 0.0457496
0.779 0.0458673
0.78 0.0459851
0.781 0.0461031
0.782 0.0462212
0.783 0.0463395
0.784 0.0464579
0.785 0.0465765
0.786 0.0466953
0.787 0.0468142
0.788 0.0469332
0.789 0.0470524
0.79 0.0471718
0.791 0.0472913
0.792 0.0474109
0.793 0.0475307
0.794 0.0476507
0.795 0.0477708
0.796 0.047891
0.797 0.0480114
0.798 0.048132
0.799 0.0482527
0.8 0.0483735
0.801 0.0484945
0.802 0.0486157
0.803 0.048737
0.804 0.0488585
0.805 0.0489801
0.806 0.0491019
0.807 0.0492238
0.808 0.0493458
0.809 0.0494681
0.81 0.0495904
0.811 0.049713
0.812 0.0498356
0.813 0.0499585
0.814 0.0500814
0.815 0.0502046
0.816 0.0503278
0.817 0.0504513
0.818 0.0505748
0.819 0.0506986
0.82 0.0508225
0.821 0.0509465
0.822 0.0510707
0.823 0.051195
0.824 0.0513195
0.825 0.0514441
0.826 0.0515689
0.827 0.0516939
0.828 0.0518189
0.829 0.0519442
0.83 0.0520696
0.831 0.0521951
0.832 0.0523208
0.833 0.0524467
0.834 0.0525727
0.835 0.0526988
0.836 0.0528251
0.837 0.0529516
0.838 0.0530782
0.839 0.0532049
0.84 0.0533318
0.841 0.0534589
0.842 0.0535861
0.843 0.0537134
0.844 0.053841
0.845 0.0539686
0.846 0.0540964
0.847 0.0542244
0.848 0.0543525
0.849 0.0544808
0.85 0.0546092
0.851 0.0547378
0.852 0.0548665
0.853 0.0549953
0.854 0.0551244
0.855 0.0552535
0.856 0.0553829
0.857 0.0555123
0.858 0.055642
0.859 0.0557717
0.86 0.0559017
0.861 0.0560318
0.862 0.056162
0.863 0.0562924
0.864 0.0564229
0.865 0.0565536
0.866 0.0566844
0.867 0.0568154
0.868 0.0569465
0.869 0.0570778
0.87 0.0572093
0.871 0.0573409
0.872 0.0574726
0.873 0.0576045
0.874 0.0577365
0.875 0.0578687
0.876 0.0580011
0.877 0.0581336
0.878 0.0582662
0.879 0.058399
0.88 0.058532
0.881 0.0586651
0.882 0.0587983
0.883 0.0589317
0.884 0.0590653
0.885 0.059199
0.886 0.0593329
0.887 0.0594669
0.888 0.059601
0.889 0.0597354
0.89 0.0598698
0.891 0.0600044
0.892 0.0601392
0.893 0.0602741
0.894 0.0604092
0.895 0.0605444
0.896 0.0606798
0.897 0.0608153
0.898 0.060951
0.899 0.0610868
0.9 0.0612228
0.901 0.0613589
0.902 0.0614952
0.903 0.0616316
0.904 0.0617682
0.905 0.0619049
0.906 0.0620418
0.907 0.0621788
0.908 0.062316
0.909 0.0624533
0.91 0.0625908
0.911 0.0627285
0.912 0.0628663
0.913 0.0630042
0.914 0.0631423
0.915 0.0632805
0.916 0.0634189
0.917 0.0635575
0.918 0.0636962
0.919 0.063835
0.92 0.063974
0.921 0.0641132
0.922 0.0642525
0.923 0.0643919
0.924 0.0645315
0.925 0.0646713
0.926 0.0648112
0.927 0.0649512
0.928 0.0650914
0.929 0.0652318
0.93 0.0653723
0.931 0.065513
0.932 0.0656538
0.933 0.0657947
0.934 0.0659359
0.935 0.0660771
0.936 0.0662185
0.937 0.0663601
0.938 0.0665018
0.939 0.0666437
0.94 0.0667857
0.941 0.0669279
0.942 0.0670702
0.943 0.0672127
0.944 0.0673553
0.945 0.0674981
0.946 0.067641
0.947 0.0677841
0.948 0.0679273
0.949 0.0680707
0.95 0.0682142
0.951 0.0683579
0.952 0.0685018
0.953 0.0686458
0.954 0.0687899
0.955 0.0689342
0.956 0.0690786
0.957 0.0692232
0.958 0.069368
0.959 0.0695129
0.96 0.0696579
0.961 0.0698031
0.962 0.0699484
0.963 0.0700939
0.964 0.0702396
0.965 0.0703854
0.966 0.0705313
0.967 0.0706774
0.968 0.0708237
0.969 0.0709701
0.97 0.0711167
0.971 0.0712634
0.972 0.0714102
0.973 0.0715572
0.974 0.0717044
0.975 0.0718517
0.976 0.0719992
0.977 0.0721468
0.978 0.0722946
0.979 0.0724425
0.98 0.0725905
0.981 0.0727388
0.982 0.0728871
0.983 0.0730357
0.984 0.0731843
0.985 0.0733332
0.986 0.0734821
0.987 0.0736313
0.988 0.0737805
0.989 0.07393
0.99 0.0740795
0.991 0.0742293
0.992 0.0743792
0.993 0.0745292
0.994 0.0746794
0.995 0.0748297
0.996 0.0749802
0.997 0.0751308
0.998 0.0752816
0.999 0.0754326
1 0.0755837
1.001 0.0757349
1.002 0.0758863
1.003 0.0760378
1.004 0.0761895
1.005 0.0763414
1.006 0.0764934
1.007 0.0766455
1.008 0.0767978
1.009 0.0769503
1.01 0.0771029
1.011 0.0772556
1.012 0.0774085
1.013 0.0775616
1.014 0.0777148
1.015 0.0778682
1.016 0.0780217
1.017 0.0781753
1.018 0.0783292
1.019 0.0784831
1.02 0.0786372
1.021 0.0787915
1.022 0.0789459
1.023 0.0791005
1.024 0.0792552
1.025 0.0794101
1.026 0.0795651
1.027 0.0797203
1.028 0.0798756
1.029 0.0800311
1.03 0.0801867
1.031 0.0803425
1.032 0.0804984
1.033 0.0806545
1.034 0.0808107
1.035 0.0809671
1.036 0.0811236
1.037 0.0812803
1.038 0.0814372
1.039 0.0815941
1.04 0.0817513
1.041 0.0819086
1.042 0.082066
1.043 0.0822236
1.044 0.0823813
1.045 0.0825392
1.046 0.0826973
1.047 0.0828555
1.048 0.0830138
1.049 0.0831723
1.05 0.083331
1.051 0.0834898
1.052 0.0836487
1.053 0.0838078
1.054 0.0839671
1.055 0.0841265
1.056 0.0842861
1.057 0.0844458
1.058 0.0846056
1.059 0.0847656
1.06 0.0849258
1.061 0.0850861
1.062 0.0852466
1.063 0.0854072
1.064 0.085568
1.065 0.0857289
1.066 0.0858899
1.067 0.0860512
1.068 0.0862125
1.069 0.0863741
1.07 0.0865357
1.071 0.0866976
1.072 0.0868595
1.073 0.0870217
1.074 0.0871839
1.075 0.0873464
1.076 0.0875089
1.077 0.0876717
1.078 0.0878346
1.079 0.0879976
1.08 0.0881608
1.081 0.0883241
1.082 0.0884876
1.083 0.0886512
1.084 0.088815
1.085 0.088979
1.086 0.0891431
1.087 0.0893073
1.088 0.0894717
1.089 0.0896362
1.09 0.0898009
1.091 0.0899658
1.092 0.0901308
1.093 0.0902959
1.094 0.0904612
1.095 0.0906267
1.096 0.0907923
1.097 0.0909581
1.098 0.091124
1.099 0.09129
1.1 0.0914562
1.101 0.0916226
1.102 0.0917891
1.103 0.0919558
1.104 0.0921226
1.105 0.0922895
1.106 0.0924566
1.107 0.0926239
1.108 0.0927913
1.109 0.0929589
1.11 0.0931266
1.111 0.0932945
1.112 0.0934625
1.113 0.0936307
1.114 0.093799
1.115 0.0939675
1.116 0.0941361
1.117 0.0943049
1.118 0.0944738
1.119 0.0946429
1.12 0.0948121
1.121 0.0949815
1.122 0.0951511
1.123 0.0953207
1.124 0.0954906
1.125 0.0956606
1.126 0.0958307
1.127 0.096001
1.128 0.0961714
1.129 0.096342
1.13 0.0965128
1.131 0.0966837
1.132 0.0968547
1.133 0.0970259
1.134 0.0971973
1.135 0.0973688
1.136 0.0975404
1.137 0.0977122
1.138 0.0978842
1.139 0.0980563
1.14 0.0982285
1.141 0.0984009
1.142 0.0985735
1.143 0.0987462
1.144 0.0989191
1.145 0.0990921
1.146 0.0992652
1.147 0.0994385
1.148 0.099612
1.149 0.0997856
1.15 0.0999594
1.151 0.100133
1.152 0.100307
1.153 0.100482
1.154 0.100656
1.155 0.10083
1.156 0.101005
1.157 0.10118
1.158 0.101355
1.159 0.10153
1.16 0.101705
1.161 0.101881
1.162 0.102056
1.163 0.102232
1.164 0.102408
1.165 0.102584
1.166 0.10276
1.167 0.102937
1.168 0.103113
1.169 0.10329
1.17 0.103466
1.171 0.103643
1.172 0.103821
1.173 0.103998
1.174 0.104175
1.175 0.104353
1.176 0.10453
1.177 0.104708
1.178 0.104886
1.179 0.105064
1.18 0.105243
1.181 0.105421
1.182 0.1056
1.183 0.105778
1.184 0.105957
1.185 0.106136
1.186 0.106316
1.187 0.106495
1.188 0.106675
1.189 0.106854
1.19 0.107034
1.191 0.107214
1.192 0.107394
1.193 0.107574
1.194 0.107755
1.195 0.107935
1.196 0.108116
1.197 0.108297
1.198 0.108478
1.199 0.108659
1.2 0.10884
1.201 0.109022
1.202 0.109204
1.203 0.109385
1.204 0.109567
1.205 0.109749
1.206 0.109932
1.207 0.110114
1.208 0.110297
1.209 0.110479
1.21 0.110662
1.211 0.110845
1.212 0.111028
1.213 0.111211
1.214 0.111395
1.215 0.111578
1.216 0.111762
1.217 0.111946
1.218 0.11213
1.219 0.112314
1.22 0.112499
1.221 0.112683
1.222 0.112868
1.223 0.113053
1.224 0.113238
1.225 0.113423
1.226 0.113608
1.227 0.113793
1.228 0.113979
1.229 0.114165
1.23 0.114351
1.231 0.114537
1.232 0.114723
1.233 0.114909
1.234 0.115095
1.235 0.115282
1.236 0.115469
1.237 0.115656
1.238 0.115843
1.239 0.11603
1.24 0.116217
1.241 0.116405
1.242 0.116593
1.243 0.11678
1.244 0.116968
1.245 0.117157
1.246 0.117345
1.247 0.117533
1.248 0.117722
1.249 0.117911
1.25 0.118099
1.251 0.118288
1.252 0.118478
1.253 0.118667
1.254 0.118857
1.255 0.119046
1.256 0.119236
1.257 0.119426
1.258 0.119616
1.259 0.119806
1.26 0.119997
1.261 0.120187
1.262 0.120378
1.263 0.120569
1.264 0.12076
1.265 0.120951
1.266 0.121142
1.267 0.121334
1.268 0.121525
1.269 0.121717
1.27 0.121909
1.271 0.122101
1.272 0.122293
1.273 0.122486
1.274 0.122678
1.275 0.122871
1.276 0.123063
1.277 0.123256
1.278 0.12345
1.279 0.123643
1.28 0.123836
1.281 0.12403
1.282 0.124224
1.283 0.124417
1.284 0.124611
1.285 0.124806
1.286 0.125
1.287 0.125194
1.288 0.125389
1.289 0.125584
1.29 0.125779
1.291 0.125974
1.292 0.126169
1.293 0.126364
1.294 0.12656
1.295 0.126756
1.296 0.126952
1.297 0.127148
1.298 0.127344
1.299 0.12754
1.3 0.127736
1.301 0.127933
1.302 0.12813
1.303 0.128327
1.304 0.128524
1.305 0.128721
1.306 0.128918
1.307 0.129116
1.308 0.129313
1.309 0.129511
1.31 0.129709
1.311 0.129907
1.312 0.130105
1.313 0.130304
1.314 0.130502
1.315 0.130701
1.316 0.1309
1.317 0.131099
1.318 0.131298
1.319 0.131497
1.32 0.131697
1.321 0.131897
1.322 0.132096
1.323 0.132296
1.324 0.132496
1.325 0.132697
1.326 0.132897
1.327 0.133097
1.328 0.133298
1.329 0.133499
1.33 0.1337
1.331 0.133901
1.332 0.134102
1.333 0.134304
1.334 0.134505
1.335 0.134707
1.336 0.134909
1.337 0.135111
1.338 0.135313
1.339 0.135516
1.34 0.135718
1.341 0.135921
1.342 0.136123
1.343 0.136326
1.344 0.136529
1.345 0.136733
1.346 0.136936
1.347 0.13714
1.348 0.137343
1.349 0.137547
1.35 0.137751
1.351 0.137955
1.352 0.13816
1.353 0.138364
1.354 0.138569
1.355 0.138773
1.356 0.138978
1.357 0.139183
1.358 0.139389
1.359 0.139594
1.36 0.1398
1.361 0.140005
1.362 0.140211
1.363 0.140417
1.364 0.140623
1.365 0.140829
1.366 0.141036
1.367 0.141242
1.368 0.141449
1.369 0.141656
1.37 0.141863
1.371 0.14207
1.372 0.142277
1.373 0.142485
1.374 0.142693
1.375 0.1429
1.376 0.143108
1.377 0.143316
1.378 0.143525
1.379 0.143733
1.38 0.143942
1.381 0.14415
1.382 0.144359
1.383 0.144568
1.384 0.144777
1.385 0.144986
1.386 0.145196
1.387 0.145405
1.388 0.145615
1.389 0.145825
1.39 0.146035
1.391 0.146245
1.392 0.146456
1.393 0.146666
1.394 0.146877
1.395 0.147088
1.396 0.147299
1.397 0.14751
1.398 0.147721
1.399 0.147932
1.4 0.148144
1.401 0.148356
1.402 0.148568
1.403 0.14878
1.404 0.148992
1.405 0.149204
1.406 0.149416
1.407 0.149629
1.408 0.149842
1.409 0.150055
1.41 0.150268
1.411 0.150481
1.412 0.150694
1.413 0.150908
1.414 0.151122
1.415 0.151335
1.416 0.151549
1.417 0.151764
1.418 0.151978
1.419 0.152192
1.42 0.152407
1.421 0.152622
1.422 0.152837
1.423 0.153052
1.424 0.153267
1.425 0.153482
1.426 0.153698
1.427 0.153913
1.428 0.154129
1.429 0.154345
1.43 0.154561
1.431 0.154777
1.432 0.154994
1.433 0.15521
1.434 0.155427
1.435 0.155644
1.436 0.155861
1.437 0.156078
1.438 0.156295
1.439 0.156513
1.44 0.15673
1.441 0.156948
1.442 0.157166
1.443 0.157384
1.444 0.157602
1.445 0.157821
1.446 0.158039
1.447 0.158258
1.448 0.158477
1.449 0.158696
1.45 0.158915
1.451 0.159134
1.452 0.159353
1.453 0.159573
1.454 0.159793
1.455 0.160012
1.456 0.160233
1.457 0.160453
1.458 0.160673
1.459 0.160893
1.46 0.161114
1.461 0.161335
1.462 0.161556
1.463 0.161777
1.464 0.161998
1.465 0.16222
1.466 0.162441
1.467 0.162663
1.468 0.162885
1.469 0.163107
1.47 0.163329
1.471 0.163551
1.472 0.163773
1.473 0.163996
1.474 0.164219
1.475 0.164442
1.476 0.164665
1.477 0.164888
1.478 0.165111
1.479 0.165335
1.48 0.165558
1.481 0.165782
1.482 0.166006
1.483 0.16623
1.484 0.166455
1.485 0.166679
1.486 0.166904
1.487 0.167128
1.488 0.167353
1.489 0.167578
1.49 0.167803
1.491 0.168029
1.492 0.168254
1.493 0.16848
1.494 0.168705
1.495 0.168931
1.496 0.169157
1.497 0.169384
1.498 0.16961
1.499 0.169837
1.5 0.170063
1.501 0.17029
1.502 0.170517
1.503 0.170744
1.504 0.170971
1.505 0.171199
1.506 0.171426
1.507 0.171654
1.508 0.171882
1.509 0.17211
1.51 0.172338
1.511 0.172567
1.512 0.172795
1.513 0.173024
1.514 0.173253
1.515 0.173481
1.516 0.173711
1.517 0.17394
1.518 0.174169
1.519 0.174399
1.52 0.174628
1.521 0.174858
1.522 0.175088
1.523 0.175318
1.524 0.175549
1.525 0.175779
1.526 0.17601
1.527 0.176241
1.528 0.176472
1.529 0.176703
1.53 0.176934
1.531 0.177165
1.532 0.177397
1.533 0.177628
1.534 0.17786
1.535 0.178092
1.536 0.178324
1.537 0.178556
1.538 0.178789
1.539 0.179021
1.54 0.179254
1.541 0.179487
1.542 0.17972
1.543 0.179953
1.544 0.180187
1.545 0.18042
1.546 0.180654
1.547 0.180887
1.548 0.181121
1.549 0.181356
1.55 0.18159
1.551 0.181824
1.552 0.182059
1.553 0.182293
1.554 0.182528
1.555 0.182763
1.556 0.182998
1.557 0.183234
1.558 0.183469
1.559 0.183705
1.56 0.18394
1.561 0.184176
1.562 0.184412
1.563 0.184649
1.564 0.184885
1.565 0.185121
1.566 0.185358
1.567 0.185595
1.568 0.185832
1.569 0.186069
1.57 0.186306
1.571 0.186544
1.572 0.186781
1.573 0.187019
1.574 0.187257
1.575 0.187495
1.576 0.187733
1.577 0.187971
1.578 0.18821
1.579 0.188448
1.58 0.188687
1.581 0.188926
1.582 0.189165
1.583 0.189404
1.584 0.189644
1.585 0.189883
1.586 0.190123
1.587 0.190363
1.588 0.190603
1.589 0.190843
1.59 0.191083
1.591 0.191323
1.592 0.191564
1.593 0.191805
1.594 0.192046
1.595 0.192287
1.596 0.192528
1.597 0.192769
1.598 0.193011
1.599 0.193252
1.6 0.193494
1.601 0.193736
1.602 0.193978
1.603 0.19422
1.604 0.194463
1.605 0.194705
1.606 0.194948
1.607 0.195191
1.608 0.195434
1.609 0.195677
1.61 0.19592
1.611 0.196164
1.612 0.196407
1.613 0.196651
1.614 0.196895
1.615 0.197139
1.616 0.197383
1.617 0.197628
1.618 0.197872
1.619 0.198117
1.62 0.198362
1.621 0.198607
1.622 0.198852
1.623 0.199097
1.624 0.199343
1.625 0.199588
1.626 0.199834
1.627 0.20008
1.628 0.200326
1.629 0.200572
1.63 0.200818
1.631 0.201065
1.632 0.201311
1.633 0.201558
1.634 0.201805
1.635 0.202052
1.636 0.202299
1.637 0.202547
1.638 0.202794
1.639 0.203042
1.64 0.20329
1.641 0.203538
1.642 0.203786
1.643 0.204034
1.644 0.204283
1.645 0.204531
1.646 0.20478
1.647 0.205029
1.648 0.205278
1.649 0.205527
1.65 0.205777
1.651 0.206026
1.652 0.206276
1.653 0.206525
1.654 0.206775
1.655 0.207026
1.656 0.207276
1.657 0.207526
1.658 0.207777
1.659 0.208027
1.66 0.208278
1.661 0.208529
1.662 0.208781
1.663 0.209032
1.664 0.209283
1.665 0.209535
1.666 0.209787
1.667 0.210039
1.668 0.210291
1.669 0.210543
1.67 0.210795
1.671 0.211048
1.672 0.2113
1.673 0.211553
1.674 0.211806
1.675 0.212059
1.676 0.212313
1.677 0.212566
1.678 0.21282
1.679 0.213073
1.68 0.213327
1.681 0.213581
1.682 0.213836
1.683 0.21409
1.684 0.214344
1.685 0.214599
1.686 0.214854
1.687 0.215109
1.688 0.215364
1.689 0.215619
1.69 0.215874
1.691 0.21613
1.692 0.216386
1.693 0.216642
1.694 0.216898
1.695 0.217154
1.696 0.21741
1.697 0.217666
1.698 0.217923
1.699 0.21818
1.7 0.218437
1.701 0.218694
1.702 0.218951
1.703 0.219208
1.704 0.219466
1.705 0.219724
1.706 0.219981
1.707 0.220239
1.708 0.220497
1.709 0.220756
1.71 0.221014
1.711 0.221273
1.712 0.221531
1.713 0.22179
1.714 0.222049
1.715 0.222309
1.716 0.222568
1.717 0.222827
1.718 0.223087
1.719 0.223347
1.72 0.223607
1.721 0.223867
1.722 0.224127
1.723 0.224387
1.724 0.224648
1.725 0.224909
1.726 0.225169
1.727 0.22543
1.728 0.225692
1.729 0.225953
1.73 0.226214
1.731 0.226476
1.732 0.226738
1.733 0.227
1.734 0.227262
1.735 0.227524
1.736 0.227786
1.737 0.228049
1.738 0.228311
1.739 0.228574
1.74 0.228837
1.741 0.2291
1.742 0.229363
1.743 0.229627
1.744 0.22989
1.745 0.230154
1.746 0.230418
1.747 0.230682
1.748 0.230946
1.749 0.23121
1.75 0.231475
1.751 0.23174
1.752 0.232004
1.753 0.232269
1.754 0.232534
1.755 0.2328
1.756 0.233065
1.757 0.23333
1.758 0.233596
1.759 0.233862
1.76 0.234128
1.761 0.234394
1.762 0.23466
1.763 0.234927
1.764 0.235193
1.765 0.23546
1.766 0.235727
1.767 0.235994
1.768 0.236261
1.769 0.236529
1.77 0.236796
1.771 0.237064
1.772 0.237331
1.773 0.237599
1.774 0.237868
1.775 0.238136
1.776 0.238404
1.777 0.238673
1.778 0.238941
1.779 0.23921
1.78 0.239479
1.781 0.239748
1.782 0.240018
1.783 0.240287
1.784 0.240557
1.785 0.240827
1.786 0.241096
1.787 0.241367
1.788 0.241637
1.789 0.241907
1.79 0.242178
1.791 0.242448
1.792 0.242719
1.793 0.24299
1.794 0.243261
1.795 0.243532
1.796 0.243804
1.797 0.244075
1.798 0.244347
1.799 0.244619
1.8 0.244891
1.801 0.245163
1.802 0.245436
1.803 0.245708
1.804 0.245981
1.805 0.246253
1.806 0.246526
1.807 0.246799
1.808 0.247073
1.809 0.247346
1.81 0.24762
1.811 0.247893
1.812 0.248167
1.813 0.248441
1.814 0.248715
1.815 0.24899
1.816 0.249264
1.817 0.249539
1.818 0.249813
1.819 0.250088
1.82 0.250363
1.821 0.250639
1.822 0.250914
1.823 0.251189
1.824 0.251465
1.825 0.251741
1.826 0.252017
1.827 0.252293
1.828 0.252569
1.829 0.252846
1.83 0.253122
1.831 0.253399
1.832 0.253676
1.833 0.253953
1.834 0.25423
1.835 0.254507
1.836 0.254785
1.837 0.255062
1.838 0.25534
1.839 0.255618
1.84 0.255896
1.841 0.256174
1.842 0.256453
1.843 0.256731
1.844 0.25701
1.845 0.257289
1.846 0.257568
1.847 0.257847
1.848 0.258126
1.849 0.258405
1.85 0.258685
1.851 0.258965
1.852 0.259245
1.853 0.259525
1.854 0.259805
1.855 0.260085
1.856 0.260366
1.857 0.260646
1.858 0.260927
1.859 0.261208
1.86 0.261489
1.861 0.26177
1.862 0.262052
1.863 0.262333
1.864 0.262615
1.865 0.262897
1.866 0.263179
1.867 0.263461
1.868 0.263743
1.869 0.264026
1.87 0.264308
1.871 0.264591
1.872 0.264874
1.873 0.265157
1.874 0.26544
1.875 0.265724
1.876 0.266007
1.877 0.266291
1.878 0.266575
1.879 0.266859
1.88 0.267143
1.881 0.267427
1.882 0.267712
1.883 0.267996
1.884 0.268281
1.885 0.268566
1.886 0.268851
1.887 0.269136
1.888 0.269421
1.889 0.269707
1.89 0.269992
1.891 0.270278
1.892 0.270564
1.893 0.27085
1.894 0.271136
1.895 0.271423
1.896 0.271709
1.897 0.271996
1.898 0.272283
1.899 0.27257
1.9 0.272857
1.901 0.273144
1.902 0.273432
1.903 0.273719
1.904 0.274007
1.905 0.274295
1.906 0.274583
1.907 0.274871
1.908 0.27516
1.909 0.275448
1.91 0.275737
1.911 0.276026
1.912 0.276314
1.913 0.276604
1.914 0.276893
1.915 0.277182
1.916 0.277472
1.917 0.277762
1.918 0.278051
1.919 0.278341
1.92 0.278632
1.921 0.278922
1.922 0.279212
1.923 0.279503
1.924 0.279794
1.925 0.280085
1.926 0.280376
1.927 0.280667
1.928 0.280958
1.929 0.28125
1.93 0.281542
1.931 0.281833
1.932 0.282125
1.933 0.282417
1.934 0.28271
1.935 0.283002
1.936 0.283295
1.937 0.283588
1.938 0.28388
1.939 0.284173
1.94 0.284467
1.941 0.28476
1.942 0.285053
1.943 0.285347
1.944 0.285641
1.945 0.285935
1.946 0.286229
1.947 0.286523
1.948 0.286818
1.949 0.287112
1.95 0.287407
1.951 0.287702
1.952 0.287997
1.953 0.288292
1.954 0.288587
1.955 0.288883
1.956 0.289178
1.957 0.289474
1.958 0.28977
1.959 0.290066
1.96 0.290362
1.961 0.290659
1.962 0.290955
1.963 0.291252
1.964 0.291549
1.965 0.291846
1.966 0.292143
1.967 0.29244
1.968 0.292737
1.969 0.293035
1.97 0.293333
1.971 0.29363
1.972 0.293929
1.973 0.294227
1.974 0.294525
1.975 0.294823
1.976 0.295122
1.977 0.295421
1.978 0.29572
1.979 0.296019
1.98 0.296318
1.981 0.296618
1.982 0.296917
1.983 0.297217
1.984 0.297517
1.985 0.297817
1.986 0.298117
1.987 0.298417
1.988 0.298717
1.989 0.299018
1.99 0.299319
1.991 0.29962
1.992 0.299921
1.993 0.300222
1.994 0.300523
1.995 0.300825
1.996 0.301126
1.997 0.301428
1.998 0.30173
1.999 0.302032
2 0.302335
2.001 0.302637
2.002 0.30294
2.003 0.303242
2.004 0.303545
2.005 0.303848
2.006 0.304151
2.007 0.304455
2.008 0.304758
2.009 0.305062
2.01 0.305366
2.011 0.305669
2.012 0.305974
2.013 0.306278
2.014 0.306582
2.015 0.306887
2.016 0.307191
2.017 0.307496
2.018 0.307801
2.019 0.308106
2.02 0.308412
2.021 0.308717
2.022 0.309023
2.023 0.309328
2.024 0.309634
2.025 0.30994
2.026 0.310246
2.027 0.310553
2.028 0.310859
2.029 0.311166
2.03 0.311473
2.031 0.31178
2.032 0.312087
2.033 0.312394
2.034 0.312701
2.035 0.313009
2.036 0.313317
2.037 0.313624
2.038 0.313932
2.039 0.314241
2.04 0.314549
2.041 0.314857
2.042 0.315166
2.043 0.315475
2.044 0.315784
2.045 0.316093
2.046 0.316402
2.047 0.316711
2.048 0.317021
2.049 0.31733
2.05 0.31764
2.051 0.31795
2.052 0.31826
2.053 0.318571
2.054 0.318881
2.055 0.319192
2.056 0.319502
2.057 0.319813
2.058 0.320124
2.059 0.320435
2.06 0.320747
2.061 0.321058
2.062 0.32137
2.063 0.321682
2.064 0.321994
2.065 0.322306
2.066 0.322618
2.067 0.32293
2.068 0.323243
2.069 0.323556
2.07 0.323868
2.071 0.324181
2.072 0.324495
2.073 0.324808
2.074 0.325121
2.075 0.325435
2.076 0.325749
2.077 0.326063
2.078 0.326377
2.079 0.326691
2.08 0.327005
2.081 0.32732
2.082 0.327634
2.083 0.327949
2.084 0.328264
2.085 0.328579
2.086 0.328894
2.087 0.32921
2.088 0.329525
2.089 0.329841
2.09 0.330157
2.091 0.330473
2.092 0.330789
2.093 0.331105
2.094 0.331422
2.095 0.331739
2.096 0.332055
2.097 0.332372
2.098 0.332689
2.099 0.333007
2.1 0.333324
2.101 0.333641
2.102 0.333959
2.103 0.334277
2.104 0.334595
2.105 0.334913
2.106 0.335231
2.107 0.33555
2.108 0.335868
2.109 0.336187
2.11 0.336506
2.111 0.336825
2.112 0.337144
2.113 0.337464
2.114 0.337783
2.115 0.338103
2.116 0.338422
2.117 0.338742
2.118 0.339063
2.119 0.339383
2.12 0.339703
2.121 0.340024
2.122 0.340344
2.123 0.340665
2.124 0.340986
2.125 0.341307
2.126 0.341629
2.127 0.34195
2.128 0.342272
2.129 0.342594
2.13 0.342915
2.131 0.343238
2.132 0.34356
2.133 0.343882
2.134 0.344205
2.135 0.344527
2.136 0.34485
2.137 0.345173
2.138 0.345496
2.139 0.345819
2.14 0.346143
2.141 0.346466
2.142 0.34679
2.143 0.347114
2.144 0.347438
2.145 0.347762
2.146 0.348087
2.147 0.348411
2.148 0.348736
2.149 0.349061
2.15 0.349385
2.151 0.349711
2.152 0.350036
2.153 0.350361
2.154 0.350687
2.155 0.351012
2.156 0.351338
2.157 0.351664
2.158 0.35199
2.159 0.352317
2.16 0.352643
2.161 0.35297
2.162 0.353296
2.163 0.353623
2.164 0.35395
2.165 0.354278
2.166 0.354605
2.167 0.354932
2.168 0.35526
2.169 0.355588
2.17 0.355916
2.171 0.356244
2.172 0.356572
2.173 0.356901
2.174 0.357229
2.175 0.357558
2.176 0.357887
2.177 0.358216
2.178 0.358545
2.179 0.358874
2.18 0.359204
2.181 0.359533
2.182 0.359863
2.183 0.360193
2.184 0.360523
2.185 0.360853
2.186 0.361184
2.187 0.361514
2.188 0.361845
2.189 0.362176
2.19 0.362507
2.191 0.362838
2.192 0.363169
2.193 0.363501
2.194 0.363832
2.195 0.364164
2.196 0.364496
2.197 0.364828
2.198 0.36516
2.199 0.365492
2.2 0.365825
2.201 0.366158
2.202 0.36649
2.203 0.366823
2.204 0.367156
2.205 0.36749
2.206 0.367823
2.207 0.368157
2.208 0.36849
2.209 0.368824
2.21 0.369158
2.211 0.369492
2.212 0.369827
2.213 0.370161
2.214 0.370496
2.215 0.37083
2.216 0.371165
2.217 0.3715
2.218 0.371836
2.219 0.372171
2.22 0.372506
2.221 0.372842
2.222 0.373178
2.223 0.373514
2.224 0.37385
2.225 0.374186
2.226 0.374523
2.227 0.374859
2.228 0.375196
2.229 0.375533
2.23 0.37587
2.231 0.376207
2.232 0.376544
2.233 0.376882
2.234 0.37722
2.235 0.377557
2.236 0.377895
2.237 0.378233
2.238 0.378572
2.239 0.37891
2.24 0.379249
2.241 0.379587
2.242 0.379926
2.243 0.380265
2.244 0.380604
2.245 0.380944
2.246 0.381283
2.247 0.381623
2.248 0.381962
2.249 0.382302
2.25 0.382642
2.251 0.382982
2.252 0.383323
2.253 0.383663
2.254 0.384004
2.255 0.384345
2.256 0.384686
2.257 0.385027
2.258 4.45603e-09
2.259 4.33353e-08
2.26 2.84285e-14
2.261 7.30142e-16
2.262 7.28682e-16
2.263 7.27226e-16
2.264 7.25772e-16
2.265 7.24321e-16
2.266 7.22873e-16
2.267 7.21428e-16
2.268 7.19986e-16
2.269 7.18547e-16
2.27 7.17111e-16
2.271 7.15677e-16
2.272 7.14246e-16
2.273 7.12819e-16
2.274 7.11394e-16
2.275 7.09972e-16
2.276 7.08552e-16
2.277 7.07136e-16
2.278 7.05722e-16
2.279 7.04312e-16
2.28 7.02904e-16
2.281 7.01499e-16
2.282 7.00096e-16
2.283 6.98697e-16
2.284 6.973e-16
2.285 6.95906e-16
2.286 6.94515e-16
2.287 6.93127e-16
2.288 6.91741e-16
2.289 6.90358e-16
2.29 6.88978e-16
2.291 6.87601e-16
2.292 6.86227e-16
2.293 6.84855e-16
2.294 6.83486e-16
2.295 6.8212e-16
2.296 6.80756e-16
2.297 6.79395e-16
2.298 6.78037e-16
2.299 6.76682e-16
2.3 6.75329e-16
2.301 6.73979e-16
2.302 6.72632e-16
2.303 6.71287e-16
2.304 6.69945e-16
2.305 6.68606e-16
2.306 6.67269e-16
2.307 6.65936e-16
2.308 6.64604e-16
2.309 6.63276e-16
2.31 6.6195e-16
2.311 6.60627e-16
2.312 6.59306e-16
2.313 6.57988e-16
2.314 6.56673e-16
2.315 6.5536e-16
2.316 6.5405e-16
2.317 6.52743e-16
2.318 6.51438e-16
2.319 6.50136e-16
2.32 6.48836e-16
2.321 6.47539e-16
2.322 6.46245e-16
2.323 6.44953e-16
2.324 6.43663e-16
2.325 6.42377e-16
2.326 6.41093e-16
2.327 6.39811e-16
2.328 6.38532e-16
2.329 6.37256e-16
2.33 6.35982e-16
2.331 6.3471e-16
2.332 6.33442e-16
2.333 6.32175e-16
2.334 6.30912e-16
2.335 6.29651e-16
2.336 6.28392e-16
2.337 6.27136e-16
2.338 6.25882e-16
2.339 6.24631e-16
2.34 6.23382e-16
2.341 6.22136e-16
2.342 6.20893e-16
2.343 6.19651e-16
2.344 6.18413e-16
2.345 6.17176e-16
2.346 6.15943e-16
2.347 6.14711e-16
2.348 6.13483e-16
2.349 6.12256e-16
2.35 6.11032e-16
2.351 6.09811e-16
2.352 6.08592e-16
2.353 6.07375e-16
2.354 6.06161e-16
2.355 6.04949e-16
2.356 6.0374e-16
2.357 6.02533e-16
2.358 6.01329e-16
2.359 6.00127e-16
2.36 5.98927e-16
2.361 5.9773e-16
2.362 5.96535e-16
2.363 5.95343e-16
2.364 5.94152e-16
2.365 5.92965e-16
2.366 5.91779e-16
2.367 5.90596e-16
2.368 5.89416e-16
2.369 5.88238e-16
2.37 5.87062e-16
2.371 5.85888e-16
2.372 5.84717e-16
2.373 5.83548e-16
2.374 5.82382e-16
2.375 5.81217e-16
2.376 5.80056e-16
2.377 5.78896e-16
2.378 5.77739e-16
2.379 5.76584e-16
2.38 5.75431e-16
2.381 5.74281e-16
2.382 5.73133e-16
2.383 5.71987e-16
2.384 5.70844e-16
2.385 5.69703e-16
2.386 5.68564e-16
2.387 5.67427e-16
2.388 5.66293e-16
2.389 5.65161e-16
2.39 5.64031e-16
2.391 5.62904e-16
2.392 5.61779e-16
2.393 5.60656e-16
2.394 5.59535e-16
2.395 5.58416e-16
2.396 5.573e-16
2.397 5.56186e-16
2.398 5.55074e-16
2.399 5.53965e-16
2.4 5.52857e-16
2.401 5.51752e-16
2.402 5.50649e-16
2.403 5.49548e-16
2.404 5.4845e-16
2.405 5.47354e-16
2.406 5.46259e-16
2.407 5.45167e-16
2.408 5.44078e-16
2.409 5.4299e-16
2.41 5.41905e-16
2.411 5.40821e-16
2.412 5.3974e-16
2.413 5.38661e-16
2.414 5.37584e-16
2.415 5.3651e-16
2.416 5.35437e-16
2.417 5.34367e-16
2.418 5.33299e-16
2.419 5.32233e-16
2.42 5.31169e-16
2.421 5.30107e-16
2.422 5.29047e-16
2.423 5.2799e-16
2.424 5.26934e-16
2.425 5.25881e-16
2.426 5.2483e-16
2.427 5.23781e-16
2.428 5.22734e-16
2.429 5.21689e-16
2.43 5.20646e-16
2.431 5.19605e-16
2.432 5.18566e-16
2.433 5.1753e-16
2.434 5.16495e-16
2.435 5.15463e-16
2.436 5.14432e-16
2.437 5.13404e-16
2.438 5.12378e-16
2.439 5.11353e-16
2.44 5.10331e-16
2.441 5.09311e-16
2.442 5.08293e-16
2.443 5.07277e-16
2.444 5.06263e-16
2.445 5.05251e-16
2.446 5.04241e-16
2.447 5.03233e-16
2.448 5.02227e-16
2.449 5.01223e-16
2.45 5.00221e-16
2.451 4.99221e-16
2.452 4.98223e-16
2.453 4.97227e-16
2.454 4.96233e-16
2.455 4.95241e-16
2.456 4.94251e-16
2.457 4.93263e-16
2.458 4.92277e-16
2.459 4.91293e-16
2.46 4.90311e-16
2.461 4.89331e-16
2.462 4.88353e-16
2.463 4.87376e-16
2.464 4.86402e-16
2.465 4.8543e-16
2.466 4.8446e-16
2.467 4.83491e-16
2.468 4.82525e-16
2.469 4.8156e-16
2.47 4.80597e-16
2.471 4.79637e-16
2.472 4.78678e-16
2.473 4.77721e-16
2.474 4.76766e-16
2.475 4.75813e-16
2.476 4.74862e-16
2.477 4.73913e-16
2.478 4.72965e-16
2.479 4.7202e-16
2.48 4.71076e-16
2.481 4.70135e-16
2.482 4.69195e-16
2.483 4.68257e-16
2.484 4.67321e-16
2.485 4.66387e-16
2.486 4.65454e-16
2.487 4.64524e-16
2.488 4.63595e-16
2.489 4.62669e-16
2.49 4.61744e-16
2.491 4.60821e-16
2.492 4.59899e-16
2.493 4.5898e-16
2.494 4.58063e-16
2.495 4.57147e-16
2.496 4.56233e-16
2.497 4.55321e-16
2.498 4.54411e-16
2.499 4.53503e-16
2.5 4.52596e-16
2.501 4.51691e-16
2.502 4.50788e-16
2.503 4.49887e-16
2.504 4.48988e-16
2.505 4.4809e-16
2.506 4.47195e-16
2.507 4.46301e-16
2.508 4.45409e-16
2.509 4.44518e-16
2.51 4.4363e-16
2.511 4.42743e-16
2.512 4.41858e-16
2.513 4.40974e-16
2.514 4.40093e-16
2.515 4.39213e-16
2.516 4.38335e-16
2.517 4.37459e-16
2.518 4.36584e-16
2.519 4.35712e-16
2.52 4.34841e-16
2.521 4.33971e-16
2.522 4.33104e-16
2.523 4.32238e-16
2.524 4.31374e-16
2.525 4.30512e-16
2.526 4.29651e-16
2.527 4.28792e-16
2.528 4.27935e-16
2.529 4.2708e-16
2.53 4.26226e-16
2.531 4.25374e-16
2.532 4.24524e-16
2.533 4.23675e-16
2.534 4.22828e-16
2.535 4.21983e-16
2.536 4.21139e-16
2.537 4.20298e-16
2.538 4.19457e-16
2.539 4.18619e-16
2.54 4.17782e-16
2.541 4.16947e-16
2.542 4.16113e-16
2.543 4.15282e-16
2.544 4.14451e-16
2.545 4.13623e-16
2.546 4.12796e-16
2.547 4.11971e-16
2.548 4.11147e-16
2.549 4.10326e-16
2.55 4.09505e-16
2.551 4.08687e-16
2.552 4.0787e-16
2.553 4.07054e-16
2.554 4.06241e-16
2.555 4.05429e-16
2.556 4.04618e-16
2.557 4.03809e-16
2.558 4.03002e-16
2.559 4.02197e-16
2.56 4.01393e-16
2.561 4.0059e-16
2.562 3.99789e-16
2.563 3.9899e-16
2.564 3.98193e-16
2.565 3.97397e-16
2.566 3.96602e-16
2.567 3.95809e-16
2.568 3.95018e-16
2.569 3.94229e-16
2.57 3.9344e-16
2.571 3.92654e-16
2.572 3.91869e-16
2.573 3.91086e-16
2.574 3.90304e-16
2.575 3.89524e-16
2.576 3.88745e-16
2.577 3.87968e-16
2.578 3.87192e-16
2.579 3.86418e-16
2.58 3.85646e-16
2.581 3.84875e-16
2.582 3.84106e-16
2.583 3.83338e-16
2.584 3.82572e-16
2.585 3.81807e-16
2.586 3.81044e-16
2.587 3.80282e-16
2.588 3.79522e-16
2.589 3.78763e-16
2.59 3.78006e-16
2.591 3.7725e-16
2.592 3.76496e-16
2.593 3.75744e-16
2.594 3.74992e-16
2.595 3.74243e-16
2.596 3.73495e-16
2.597 3.72748e-16
2.598 3.72003e-16
2.599 3.71259e-16
2.6 3.70517e-16
2.601 3.69777e-16
2.602 3.69037e-16
2.603 3.683e-16
2.604 3.67563e-16
2.605 3.66829e-16
2.606 3.66095e-16
2.607 3.65364e-16
2.608 3.64633e-16
2.609 3.63904e-16
2.61 3.63177e-16
2.611 3.62451e-16
2.612 3.61726e-16
2.613 3.61003e-16
2.614 3.60282e-16
2.615 3.59561e-16
2.616 3.58843e-16
2.617 3.58125e-16
2.618 3.57409e-16
2.619 3.56695e-16
2.62 3.55982e-16
2.621 3.5527e-16
2.622 3.5456e-16
2.623 3.53851e-16
2.624 3.53144e-16
2.625 3.52438e-16
2.626 3.51734e-16
2.627 3.5103e-16
2.628 3.50329e-16
2.629 3.49628e-16
2.63 3.48929e-16
2.631 3.48232e-16
2.632 3.47536e-16
2.633 3.46841e-16
2.634 3.46148e-16
2.635 3.45456e-16
2.636 3.44765e-16
2.637 3.44076e-16
2.638 3.43388e-16
2.639 3.42702e-16
2.64 3.42017e-16
2.641 3.41333e-16
2.642 3.40651e-16
2.643 3.3997e-16
2.644 3.3929e-16
2.645 3.38612e-16
2.646 3.37935e-16
2.647 3.3726e-16
2.648 3.36585e-16
2.649 3.35913e-16
2.65 3.35241e-16
2.651 3.34571e-16
2.652 3.33902e-16
2.653 3.33235e-16
2.654 3.32568e-16
2.655 3.31904e-16
2.656 3.3124e-16
2.657 3.30578e-16
2.658 3.29917e-16
2.659 3.29258e-16
2.66 3.286e-16
2.661 3.27943e-16
2.662 3.27287e-16
2.663 3.26633e-16
2.664 3.2598e-16
2.665 3.25328e-16
2.666 3.24678e-16
2.667 3.24029e-16
2.668 3.23381e-16
2.669 3.22735e-16
2.67 3.2209e-16
2.671 3.21446e-16
2.672 3.20803e-16
2.673 3.20162e-16
2.674 3.19522e-16
2.675 3.18883e-16
2.676 3.18246e-16
2.677 3.1761e-16
2.678 3.16975e-16
2.679 3.16341e-16
2.68 3.15709e-16
2.681 3.15078e-16
2.682 3.14448e-16
2.683 3.13819e-16
2.684 3.13192e-16
2.685 3.12566e-16
2.686 3.11941e-16
2.687 3.11317e-16
2.688 3.10695e-16
2.689 3.10074e-16
2.69 3.09454e-16
2.691 3.08835e-16
2.692 3.08218e-16
2.693 3.07602e-16
2.694 3.06987e-16
2.695 3.06373e-16
2.696 3.05761e-16
2.697 3.0515e-16
2.698 3.0454e-16
2.699 3.03931e-16
2.7 3.03323e-16
2.701 3.02717e-16
2.702 3.02112e-16
2.703 3.01508e-16
2.704 3.00905e-16
2.705 3.00304e-16
2.706 2.99704e-16
2.707 2.99104e-16
2.708 2.98507e-16
2.709 2.9791e-16
2.71 2.97314e-16
2.711 2.9672e-16
2.712 2.96127e-16
2.713 2.95535e-16
2.714 2.94944e-16
2.715 2.94354e-16
2.716 2.93766e-16
2.717 2.93179e-16
2.718 2.92593e-16
2.719 2.92008e-16
2.72 2.91424e-16
2.721 2.90842e-16
2.722 2.9026e-16
2.723 2.8968e-16
2.724 2.89101e-16
2.725 2.88523e-16
2.726 2.87946e-16
2.727 2.87371e-16
2.728 2.86796e-16
2.729 2.86223e-16
2.73 2.85651e-16
2.731 2.8508e-16
2.732 2.8451e-16
2.733 2.83941e-16
2.734 2.83373e-16
2.735 2.82807e-16
2.736 2.82242e-16
2.737 2.81677e-16
2.738 2.81114e-16
2.739 2.80552e-16
2.74 2.79992e-16
2.741 2.79432e-16
2.742 2.78873e-16
2.743 2.78316e-16
2.744 2.7776e-16
2.745 2.77204e-16
2.746 2.7665e-16
2.747 2.76097e-16
2.748 2.75545e-16
2.749 2.74994e-16
2.75 2.74445e-16
2.751 2.73896e-16
2.752 2.73349e-16
2.753 2.72802e-16
2.754 2.72257e-16
2.755 2.71713e-16
2.756 2.71169e-16
2.757 2.70627e-16
2.758 2.70086e-16
2.759 2.69546e-16
2.76 2.69008e-16
2.761 2.6847e-16
2.762 2.67933e-16
2.763 2.67398e-16
2.764 2.66863e-16
2.765 2.6633e-16
2.766 2.65797e-16
2.767 2.65266e-16
2.768 2.64736e-16
2.769 2.64206e-16
2.77 2.63678e-16
2.771 2.63151e-16
2.772 2.62625e-16
2.773 2.621e-16
2.774 2.61576e-16
2.775 2.61053e-16
2.776 2.60531e-16
2.777 2.60011e-16
2.778 2.59491e-16
2.779 2.58972e-16
2.78 2.58455e-16
2.781 2.57938e-16
2.782 2.57422e-16
2.783 2.56908e-16
2.784 2.56394e-16
2.785 2.55882e-16
2.786 2.5537e-16
2.787 2.5486e-16
2.788 2.5435e-16
2.789 2.53842e-16
2.79 2.53334e-16
2.791 2.52828e-16
2.792 2.52322e-16
2.793 2.51818e-16
2.794 2.51315e-16
2.795 2.50812e-16
2.796 2.50311e-16
2.797 2.49811e-16
2.798 2.49311e-16
2.799 2.48813e-16
2.8 2.48315e-16
2.801 2.47819e-16
2.802 2.47324e-16
2.803 2.46829e-16
2.804 2.46336e-16
2.805 2.45843e-16
2.806 2.45352e-16
2.807 2.44861e-16
2.808 2.44372e-16
2.809 2.43884e-16
2.81 2.43396e-16
2.811 2.42909e-16
2.812 2.42424e-16
2.813 2.41939e-16
2.814 2.41456e-16
2.815 2.40973e-16
2.816 2.40491e-16
2.817 2.4001e-16
2.818 2.39531e-16
2.819 2.39052e-16
2.82 2.38574e-16
2.821 2.38097e-16
2.822 2.37621e-16
2.823 2.37146e-16
2.824 2.36672e-16
2.825 2.36199e-16
2.826 2.35727e-16
2.827 2.35256e-16
2.828 2.34785e-16
2.829 2.34316e-16
2.83 2.33848e-16
2.831 2.3338e-16
2.832 2.32914e-16
2.833 2.32448e-16
2.834 2.31983e-16
2.835 2.3152e-16
2.836 2.31057e-16
2.837 2.30595e-16
2.838 2.30134e-16
2.839 2.29674e-16
2.84 2.29215e-16
2.841 2.28757e-16
2.842 2.28299e-16
2.843 2.27843e-16
2.844 2.27388e-16
2.845 2.26933e-16
2.846 2.26479e-16
2.847 2.26027e-16
2.848 2.25575e-16
2.849 2.25124e-16
2.85 2.24674e-16
2.851 2.24225e-16
2.852 2.23776e-16
2.853 2.23329e-16
2.854 2.22883e-16
2.855 2.22437e-16
2.856 2.21993e-16
2.857 2.21549e-16
2.858 2.21106e-16
2.859 2.20664e-16
2.86 2.20223e-16
2.861 2.19783e-16
2.862 2.19343e-16
2.863 2.18905e-16
2.864 2.18467e-16
2.865 2.1803e-16
2.866 2.17595e-16
2.867 2.1716e-16
2.868 2.16726e-16
2.869 2.16292e-16
2.87 2.1586e-16
2.871 2.15428e-16
2.872 2.14998e-16
2.873 2.14568e-16
2.874 2.14139e-16
2.875 2.13711e-16
2.876 2.13284e-16
2.877 2.12857e-16
2.878 2.12432e-16
2.879 2.12007e-16
2.88 2.11583e-16
2.881 2.11161e-16
2.882 2.10738e-16
2.883 2.10317e-16
2.884 2.09897e-16
2.885 2.09477e-16
2.886 2.09058e-16
2.887 2.0864e-16
2.888 2.08223e-16
2.889 2.07807e-16
2.89 2.07392e-16
2.891 2.06977e-16
2.892 2.06563e-16
2.893 2.06151e-16
2.894 2.05738e-16
2.895 2.05327e-16
2.896 2.04917e-16
2.897 2.04507e-16
2.898 2.04098e-16
2.899 2.0369e-16
2.9 2.03283e-16
2.901 2.02877e-16
2.902 2.02471e-16
2.903 2.02066e-16
2.904 2.01663e-16
2.905 2.01259e-16
2.906 2.00857e-16
2.907 2.00456e-16
2.908 2.00055e-16
2.909 1.99655e-16
2.91 1.99256e-16
2.911 1.98858e-16
2.912 1.9846e-16
2.913 1.98063e-16
2.914 1.97667e-16
2.915 1.97272e-16
2.916 1.96878e-16
2.917 1.96484e-16
2.918 1.96092e-16
2.919 1.957e-16
2.92 1.95308e-16
2.921 1.94918e-16
2.922 1.94528e-16
2.923 1.94139e-16
2.924 1.93751e-16
2.925 1.93364e-16
2.926 1.92978e-16
2.927 1.92592e-16
2.928 1.92207e-16
2.929 1.91823e-16
2.93 1.91439e-16
2.931 1.91056e-16
2.932 1.90674e-16
2.933 1.90293e-16
2.934 1.89913e-16
2.935 1.89533e-16
2.936 1.89154e-16
2.937 1.88776e-16
2.938 1.88399e-16
2.939 1.88022e-16
2.94 1.87646e-16
2.941 1.87271e-16
2.942 1.86897e-16
2.943 1.86523e-16
2.944 1.86151e-16
2.945 1.85778e-16
2.946 1.85407e-16
2.947 1.85036e-16
2.948 1.84667e-16
2.949 1.84297e-16
2.95 1.83929e-16
2.951 1.83561e-16
2.952 1.83194e-16
2.953 1.82828e-16
2.954 1.82463e-16
2.955 1.82098e-16
2.956 1.81734e-16
2.957 1.81371e-16
2.958 1.81008e-16
2.959 1.80646e-16
2.96 1.80285e-16
2.961 1.79925e-16
2.962 1.79565e-16
2.963 1.79206e-16
2.964 1.78848e-16
2.965 1.7849e-16
2.966 1.78134e-16
2.967 1.77777e-16
2.968 1.77422e-16
2.969 1.77067e-16
2.97 1.76713e-16
2.971 1.7636e-16
2.972 1.76008e-16
2.973 1.75656e-16
2.974 1.75305e-16
2.975 1.74954e-16
2.976 1.74605e-16
2.977 1.74255e-16
2.978 1.73907e-16
2.979 1.7356e-16
2.98 1.73213e-16
2.981 1.72866e-16
2.982 1.72521e-16
2.983 1.72176e-16
2.984 1.71832e-16
2.985 1.71488e-16
2.986 1.71145e-16
2.987 1.70803e-16
2.988 1.70462e-16
2.989 1.70121e-16
2.99 1.69781e-16
2.991 1.69442e-16
2.992 1.69103e-16
2.993 1.68765e-16
2.994 1.68428e-16
2.995 1.68091e-16
2.996 1.67755e-16
2.997 1.67419e-16
2.998 1.67085e-16
2.999 1.66751e-16
3 1.66417e-16
3.001 1.66085e-16
