0.05 15 0 0 0 0.0249922 0.01
0.1 14.999 0 -6.11683e-15 -1.52921e-16 0.0499688 0.02
0.15 14.9971 0 -1.83562e-14 -3.05937e-16 0.0749141 0.03
0.2 14.9941 0 -3.67163e-14 -3.05842e-16 0.0998127 0.04
0.25 14.9902 0 -6.11875e-14 7.6274e-19 0.124649 0.05
0.3 14.9853 0 -9.17526e-14 7.67277e-16 0.149407 0.06
0.35 14.9794 0 -1.28387e-13 2.14691e-15 0.174072 0.07
0.4 14.9725 0 -1.71058e-13 4.29248e-15 0.198629 0.08
0.45 14.9647 0 -2.19725e-13 7.35625e-15 0.223061 0.09
0.5 14.9559 0 -2.74341e-13 1.14897e-14 0.247354 0.1
0.55 14.946 0 -3.34851e-13 1.68434e-14 0.271492 0.11
0.6 14.9353 0 -4.01191e-13 2.35666e-14 0.295461 0.12
0.65 14.9235 0 -4.73292e-13 3.18075e-14 0.319245 0.13
0.7 14.9107 0 -5.51076e-13 4.17125e-14 0.342829 0.14
0.75 14.897 0 -6.34457e-13 5.34265e-14 0.3662 0.15
0.8 14.8823 0 -7.23344e-13 6.70924e-14 0.389342 0.16
0.85 14.8666 0 -8.17637e-13 8.28509e-14 0.41224 0.17
0.9 14.8499 0 -9.17228e-13 1.00841e-13 0.434881 0.18
0.95 14.8322 0 -1.022e-12 1.21198e-13 0.45725 0.19
1 14.8136 0 -1.13185e-12 1.44056e-13 0.479334 0.2
1.05 14.794 0 -1.24662e-12 1.69545e-13 0.501118 0.21
1.1 14.7734 0 -1.3662e-12 1.97794e-13 0.52259 0.22
1.15 14.7518 0 -1.49044e-12 2.28926e-13 0.543734 0.23
1.2 14.7292 0 -1.6192e-12 2.63063e-13 0.564539 0.24
1.25 14.7057 0 -1.75231e-12 3.00322e-13 0.584992 0.25
1.3 14.6812 0 -1.88963e-12 3.40818e-13 0.605079 0.26
1.35 14.6557 0 -2.03097e-12 3.84661e-13 0.624788 0.27
1.4 14.6292 0 -2.17618e-12 4.31957e-13 0.644106 0.28
1.45 14.6017 0 -2.32507e-12 4.82809e-13 0.663022 0.29
1.5 14.5733 0 -2.47745e-12 5.37313e-13 0.681524 0.3
1.55 14.5438 0 -2.63315e-12 5.95563e-13 0.699601 0.31
1.6 14.5134 0 -2.79196e-12 6.57649e-13 0.71724 0.32
1.65 14.482 0 -2.95369e-12 7.23654e-13 0.734431 0.33
1.7 14.4497 0 -3.11812e-12 7.93657e-13 0.751164 0.34
1.75 14.4163 0 -3.28506e-12 8.67734e-13 0.767427 0.35
1.8 14.382 0 -3.45428e-12 9.45952e-13 0.78321 0.36
1.85 14.3467 0 -3.62556e-12 1.02838e-12 0.798505 0.37
1.9 14.3104 0 -3.79869e-12 1.11506e-12 0.8133 0.38
1.95 14.2731 0 -3.97344e-12 1.20607e-12 0.827588 0.39
2 14.2348 0 -4.14957e-12 1.30144e-12 0.841358 0.4
2.05 14.1956 0 -4.32686e-12 1.40122e-12 0.854603 0.41
2.1 14.1554 0 -4.50506e-12 1.50544e-12 0.867314 0.42
2.15 14.1142 0 -4.68393e-12 1.61414e-12 0.879484 0.43
2.2 14.072 0 -4.86324e-12 1.72733e-12 0.891103 0.44
2.25 14.0288 0 -5.04272e-12 1.84504e-12 0.902167 0.45
2.3 13.9847 0 -5.22214e-12 1.96728e-12 0.912666 0.46
2.35 13.9395 0 -5.40124e-12 2.09405e-12 0.922595 0.47
2.4 13.8934 0 -5.57978e-12 2.22536e-12 0.931949 0.48
2.45 13.8463 0 -5.75748e-12 2.36119e-12 0.940719 0.49
2.5 13.7983 0 -5.93411e-12 2.50154e-12 0.948903 0.5
2.55 13.7492 0 -6.1094e-12 2.64638e-12 0.956493 0.51
2.6 13.6992 0 -6.28308e-12 2.7957e-12 0.963486 0.52
2.65 13.6482 0 -6.45492e-12 2.94945e-12 0.969877 0.53
2.7 13.5962 0 -6.62463e-12 3.10761e-12 0.975662 0.54
2.75 13.5432 0 -6.79197e-12 3.27011e-12 0.980837 0.55
2.8 13.4893 0 -6.95666e-12 3.43692e-12 0.9854 0.56
2.85 13.4343 0 -7.11846e-12 3.60798e-12 0.989347 0.57
2.9 13.3784 0 -7.27711e-12 3.78321e-12 0.992677 0.58
2.95 13.3215 0 -7.43234e-12 3.96255e-12 0.995386 0.59
3 13.2636 0 -7.58389e-12 4.14593e-12 0.997473 0.6
3.05 13.2048 0 -7.73151e-12 4.33325e-12 0.998937 0.61
3.1 13.1449 0 -7.87495e-12 4.52442e-12 0.999777 0.62
3.15 13.0841 0 -8.01395e-12 4.71936e-12 0.999992 0.63
3.2 13.0223 0 -8.14826e-12 4.91795e-12 0.999583 0.64
3.25 12.9595 0 -8.27764e-12 5.12008e-12 0.99855 0.65
3.3 12.8958 0 -8.40183e-12 5.32565e-12 0.996892 0.66
3.35 12.831 0 -8.52059e-12 5.53452e-12 0.994612 0.67
3.4 12.7653 0 -8.63369e-12 5.74657e-12 0.99171 0.68
3.45 12.6986 0 -8.74089e-12 5.96166e-12 0.988189 0.69
3.5 12.6309 0 -8.84194e-12 6.17966e-12 0.984051 0.7
3.55 12.5622 0 -8.93663e-12 6.40041e-12 0.979298 0.71
3.6 12.4926 0 -9.02473e-12 6.62376e-12 0.973933 0.72
3.65 12.4219 0 -9.10602e-12 6.84956e-12 0.967959 0.73
3.7 12.3503 0 -9.18027e-12 7.07763e-12 0.961381 0.74
3.75 12.2777 0 -9.24729e-12 7.30782e-12 0.954203 0.75
3.8 12.2042 0 -9.30686e-12 7.53994e-12 0.946428 0.76
3.85 12.1296 0 -9.35878e-12 7.77382e-12 0.938062 0.77
3.9 12.0541 0 -9.40286e-12 8.00926e-12 0.92911 0.78
3.95 11.9775 0 -9.4389e-12 8.24608e-12 0.919578 0.79
4 11.9 0 -9.46673e-12 8.48408e-12 0.909471 0.8
4.05 11.8216 0 -9.48616e-12 8.72306e-12 0.898796 0.81
4.1 11.7421 0 -9.49702e-12 8.96282e-12 0.887559 0.82
4.15 11.6617 0 -9.49915e-12 9.20314e-12 0.875768 0.83
4.2 11.5802 0 -9.49239e-12 9.44381e-12 0.86343 0.84
4.25 11.4978 0 -9.47659e-12 9.68461e-12 0.850553 0.85
4.3 11.4144 0 -9.45161e-12 9.92532e-12 0.837144 0.86
4.35 11.3301 0 -9.4173e-12 1.01657e-11 0.823212 0.87
4.4 11.2447 0 -9.37355e-12 1.04056e-11 0.808766 0.88
4.45 11.1584 0 -9.32022e-12 1.06446e-11 0.793815 0.89
4.5 11.0711 0 -9.25721e-12 1.08827e-11 0.778367 0.9
4.55 10.9828 0 -9.18441e-12 1.11195e-11 0.762434 0.91
4.6 10.8935 0 -9.10172e-12 1.13548e-11 0.746024 0.92
4.65 10.8033 0 -9.00906e-12 1.15883e-11 0.729148 0.93
4.7 10.712 0 -8.90635e-12 1.18199e-11 0.711817 0.94
4.75 10.6198 0 -8.79351e-12 1.20492e-11 0.694041 0.95
4.8 10.5266 0 -8.67048e-12 1.2276e-11 0.675832 0.96
4.85 10.4325 0 -8.53721e-12 1.25001e-11 0.6572 0.97
4.9 10.3373 0 -8.39366e-12 1.27211e-11 0.638158 0.98
4.95 10.2412 0 -8.23978e-12 1.29389e-11 0.618717 0.99
5 10.1441 0 -8.07557e-12 1.31532e-11 0.598889 1
5.05 10.046 0 -7.90099e-12 1.33637e-11 0.578688 1.01
5.1 9.94687 0 -7.71604e-12 1.35701e-11 0.558124 1.02
5.15 9.84681 0 -7.52072e-12 1.37723e-11 0.537213 1.03
5.2 9.74576 0 -7.31505e-12 1.39699e-11 0.515965 1.04
5.25 9.64374 0 -7.09906e-12 1.41626e-11 0.494396 1.05
5.3 9.54074 0 -6.87276e-12 1.43503e-11 0.472517 1.06
5.35 9.43675 0 -6.6362e-12 1.45326e-11 0.450343 1.07
5.4 9.33178 0 -6.38944e-12 1.47093e-11 0.427888 1.08
5.45 9.22583 0 -6.13254e-12 1.48802e-11 0.405166 1.09
5.5 9.11891 0 -5.86556e-12 1.50449e-11 0.38219 1.1
5.55 9.011 0 -5.5886e-12 1.52033e-11 0.358976 1.11
5.6 8.9021 0 -5.30173e-12 1.5355e-11 0.335538 1.12
5.65 8.79223 0 -5.00507e-12 1.54998e-11 0.311889 1.13
5.7 8.68138 0 -4.69872e-12 1.56375e-11 0.288046 1.14
5.75 8.56955 0 -4.38281e-12 1.57679e-11 0.264024 1.15
5.8 8.45673 0 -4.05746e-12 1.58906e-11 0.239836 1.16
5.85 8.34293 0 -3.72282e-12 1.60054e-11 0.215498 1.17
5.9 8.22816 0 -3.37905e-12 1.61121e-11 0.191026 1.18
5.95 8.1124 0 -3.02629e-12 1.62105e-11 0.166434 1.19
6 7.99566 0 -2.66472e-12 1.63003e-11 0.141738 1.2
6.05 7.87794 0 -2.29453e-12 1.63813e-11 0.116954 1.21
6.1 7.75924 0 -1.9159e-12 1.64533e-11 0.0920971 1.22
6.15 7.63956 0 -1.52904e-12 1.6516e-11 0.0671824 1.23
6.2 7.51889 0 -1.13414e-12 1.65693e-11 0.0422257 1.24
6.25 7.39725 0 -7.31434e-13 1.66129e-11 0.0172426 1.25
6.3 7.27463 0 -3.21146e-13 1.66467e-11 -0.00775126 1.26
6.35 7.15102 0 9.64872e-14 1.66704e-11 -0.0327403 1.27
6.4 7.02643 0 5.21219e-13 1.66838e-11 -0.0577089 1.28
6.45 6.90086 0 9.52796e-13 1.66867e-11 -0.0826414 1.29
6.5 6.77432 0 1.39095e-12 1.66791e-11 -0.107522 1.3
6.55 6.64679 0 1.83542e-12 1.66606e-11 -0.132336 1.31
6.6 6.51827 0 2.28591e-12 1.66312e-11 -0.157067 1.32
6.65 6.38878 0 2.74215e-12 1.65906e-11 -0.1817 1.33
6.7 6.25831 0 3.20382e-12 1.65387e-11 -0.206219 1.34
6.75 6.12686 0 3.67064e-12 1.64754e-11 -0.23061 1.35
6.8 5.99442 0 4.14227e-12 1.64005e-11 -0.254856 1.36
6.85 5.861 0 4.61842e-12 1.63139e-11 -0.278944 1.37
6.9 5.72661 0 5.09874e-12 1.62155e-11 -0.302857 1.38
6.95 5.59123 0 5.5829e-12 1.61051e-11 -0.326581 1.39
7 5.45487 0 6.07056e-12 1.59827e-11 -0.350101 1.4
7.05 5.31753 0 6.56138e-12 1.58481e-11 -0.373402 1.41
7.1 5.17921 0 7.055e-12 1.57012e-11 -0.39647 1.42
7.15 5.03991 0 7.55106e-12 1.55421e-11 -0.41929 1.43
7.2 4.89962 0 8.04919e-12 1.53705e-11 -0.441848 1.44
7.25 4.75836 0 8.54901e-12 1.51864e-11 -0.46413 1.45
7.3 4.61612 0 9.05016e-12 1.49898e-11 -0.486123 1.46
7.35 4.47289 0 9.55225e-12 1.47807e-11 -0.507811 1.47
7.4 4.32868 0 1.00549e-11 1.45589e-11 -0.529182 1.48
7.45 4.18349 0 1.05577e-11 1.43245e-11 -0.550223 1.49
7.5 4.03732 0 1.10603e-11 1.40774e-11 -0.57092 1.5
7.55 3.89017 0 1.15622e-11 1.38177e-11 -0.591261 1.51
7.6 3.74204 0 1.20631e-11 1.35453e-11 -0.611232 1.52
7.65 3.59293 0 1.25625e-11 1.32603e-11 -0.630821 1.53
7.7 3.44284 0 1.30601e-11 1.29626e-11 -0.650016 1.54
7.75 3.29176 0 1.35554e-11 1.26523e-11 -0.668805 1.55
7.8 3.13971 0 1.4048e-11 1.23295e-11 -0.687176 1.56
7.85 2.98667 0 1.45375e-11 1.19941e-11 -0.705118 1.57
7.9 2.83266 0 1.50234e-11 1.16464e-11 -0.72262 1.58
7.95 2.67766 0 1.55054e-11 1.12862e-11 -0.73967 1.59
8 2.52168 0 1.59831e-11 1.09138e-11 -0.756258 1.6
8.05 2.36472 0 1.64559e-11 1.05292e-11 -0.772373 1.61
8.1 2.20678 0 1.69235e-11 1.01326e-11 -0.788006 1.62
8.15 2.04786 0 1.73855e-11 9.72393e-12 -0.803147 1.63
8.2 1.88795 0 1.78414e-11 9.30346e-12 -0.817786 1.64
8.25 1.72707 0 1.82907e-11 8.87129e-12 -0.831914 1.65
8.3 1.5652 0 1.87332e-11 8.42757e-12 -0.845523 1.66
8.35 1.40236 0 1.91683e-11 7.97246e-12 -0.858603 1.67
8.4 1.23853 0 1.95957e-11 7.50612e-12 -0.871147 1.68
8.45 1.07372 0 2.00149e-11 7.02875e-12 -0.883146 1.69
8.5 0.907935 0 2.04254e-11 6.54053e-12 -0.894594 1.7
8.55 0.741165 0 2.0827e-11 6.04166e-12 -0.905483 1.71
8.6 0.573414 0 2.12191e-11 5.53235e-12 -0.915807 1.72
8.65 0.404682 0 2.16014e-11 5.01282e-12 -0.925558 1.73
8.7 0.234969 0 2.19735e-11 4.48332e-12 -0.934731 1.74
8.75 0.064275 0 2.23349e-11 3.94408e-12 -0.94332 1.75
8.8 -0.1074 0 2.26853e-11 3.39535e-12 -0.95132 1.76
8.85 -0.280056 0 2.30242e-11 2.8374e-12 -0.958726 1.77
8.9 -0.453693 0 2.33514e-11 2.2705e-12 -0.965532 1.78
8.95 -0.628311 0 2.36663e-11 1.69493e-12 -0.971736 1.79
9 -0.80391 0 2.39687e-11 1.11099e-12 -0.977332 1.8
9.05 -0.98049 0 2.42581e-11 5.18983e-13 -0.982318 1.81
9.1 -1.15805 0 2.45343e-11 -8.07835e-14 -0.98669 1.82
9.15 -1.33659 0 2.47967e-11 -6.87986e-13 -0.990446 1.83
9.2 -1.51612 0 2.50452e-11 -1.30229e-12 -0.993583 1.84
9.25 -1.69662 0 2.52793e-11 -1.92337e-12 -0.996099 1.85
9.3 -1.87811 0 2.54987e-11 -2.55086e-12 -0.997994 1.86
9.35 -2.06057 0 2.57031e-11 -3.18441e-12 -0.999264 1.87
9.4 -2.24402 0 2.58922e-11 -3.82366e-12 -0.999911 1.88
9.45 -2.42845 0 2.60656e-11 -4.46823e-12 -0.999932 1.89
9.5 -2.61386 0 2.62231e-11 -5.11773e-12 -0.999329 1.9
9.55 -2.80025 0 2.63644e-11 -5.77179e-12 -0.998102 1.91
9.6 -2.98762 0 2.64891e-11 -6.42999e-12 -0.996252 1.92
9.65 -3.17597 0 2.65971e-11 -7.09195e-12 -0.993778 1.93
9.7 -3.3653 0 2.6688e-11 -7.75723e-12 -0.990685 1.94
9.75 -3.55562 0 2.67616e-11 -8.42543e-12 -0.986972 1.95
9.8 -3.74691 0 2.68177e-11 -9.09612e-12 -0.982642 1.96
9.85 -3.93919 0 2.6856e-11 -9.76886e-12 -0.977699 1.97
9.9 -4.13244 0 2.68763e-11 -1.04432e-11 -0.972145 1.98
9.95 -4.32668 0 2.68784e-11 -1.11188e-11 -0.965984 1.99
10 -4.5219 0 2.68622e-11 -1.1795e-11 -0.959219 2
10.05 -4.7181 0 2.68273e-11 -1.24716e-11 -0.951855 2.01
10.1 -4.91528 0 2.67737e-11 -1.31479e-11 -0.943897 2.02
10.15 -5.11344 0 2.67013e-11 -1.38236e-11 -0.935348 2.03
10.2 -5.31259 0 2.66097e-11 -1.44981e-11 -0.926216 2.04
10.25 -5.51271 0 2.6499e-11 -1.51711e-11 -0.916504 2.05
10.3 -5.71382 0 2.6369e-11 -1.5842e-11 -0.906221 2.06
10.35 -5.9159 0 2.62196e-11 -1.65103e-11 -0.895371 2.07
10.4 -6.11897 0 2.60507e-11 -1.71756e-11 -0.883962 2.08
10.45 -6.32302 0 2.58622e-11 -1.78373e-11 -0.872 2.09
10.5 -6.52805 0 2.56541e-11 -1.84951e-11 -0.859494 2.1
10.55 -6.73406 0 2.54262e-11 -1.91483e-11 -0.846451 2.11
10.6 -6.94105 0 2.51787e-11 -1.97965e-11 -0.832879 2.12
10.65 -7.14902 0 2.49114e-11 -2.04392e-11 -0.818787 2.13
10.7 -7.35797 0 2.46243e-11 -2.1076e-11 -0.804183 2.14
10.75 -7.56791 0 2.43175e-11 -2.17062e-11 -0.789077 2.15
10.8 -7.77882 0 2.39909e-11 -2.23295e-11 -0.773478 2.16
10.85 -7.99072 0 2.36446e-11 -2.29453e-11 -0.757396 2.17
10.9 -8.20359 0 2.32787e-11 -2.35531e-11 -0.74084 2.18
10.95 -8.41745 0 2.28932e-11 -2.41524e-11 -0.723822 2.19
11 -8.63229 0 2.24882e-11 -2.47427e-11 -0.706352 2.2
11.05 -8.84811 0 2.20638e-11 -2.53236e-11 -0.68844 2.21
11.1 -9.06491 0 2.16201e-11 -2.58946e-11 -0.670098 2.22
11.15 -9.28269 0 2.11572e-11 -2.64551e-11 -0.651338 2.23
11.2 -9.50146 0 2.06752e-11 -2.70047e-11 -0.632171 2.24
11.25 -9.7212 0 2.01744e-11 -2.75428e-11 -0.612609 2.25
11.3 -9.94192 0 1.96549e-11 -2.80691e-11 -0.592664 2.26
11.35 -10.1636 0 1.91169e-11 -2.8583e-11 -0.572349 2.27
11.3833 -9.99483 2.1507e-12 3.01941e-11 6.22942e-12 -0.950106 2.28
11.4165 -9.99564 4.3014e-12 -1.72278e-12 3.21701e-11 0.0250716 2.29
11.4498 -9.995 6.41165e-12 -3.11856e-11 1.23032e-11 0.964548 2.3
11.483 -9.995 8.5219e-12 -1.62414e-11 -2.5083e-11 0.530524 2.31
11.5163 -9.995 1.06482e-11 2.183e-11 -2.67526e-11 -0.658957 2.32
11.5495 -9.995 1.27745e-11 2.88176e-11 9.67159e-12 -0.910094 2.33
11.5828 -9.995 1.49079e-11 -5.22948e-12 3.23254e-11 0.134727 2.34
11.616 -9.995 1.70414e-11 -3.18302e-11 8.94977e-12 0.9877 2.35
11.6493 -9.995 1.91748e-11 -1.31068e-11 -2.71706e-11 0.434204 2.36
11.6825 -9.995 2.13082e-11 2.42803e-11 -2.46014e-11 -0.737591 2.37
11.7158 -9.995 2.34242e-11 2.7094e-11 1.29988e-11 -0.859069 2.38
11.749 -9.995 2.55686e-11 -8.67218e-12 3.20904e-11 0.242753 2.39
11.7823 -9.995 2.77578e-11 -3.20902e-11 5.4872e-12 0.998898 2.4
11.8155 -9.995 2.9897e-11 -9.81316e-12 -2.893e-11 0.33263 2.41
11.8488 -9.995 3.20362e-11 2.64379e-11 -2.21512e-11 -0.807298 2.42
11.882 -9.995 3.41755e-11 2.50416e-11 1.61705e-11 -0.797647 2.43
11.9153 -9.995 3.63147e-11 -1.20137e-11 3.14658e-11 0.34784 2.44
11.9485 -9.995 3.84539e-11 -3.19616e-11 1.95428e-12 0.998009 2.45
11.9818 -9.995 4.05932e-11 -6.39783e-12 -3.03403e-11 0.227029 2.46
12.015 -9.995 4.27295e-11 2.82766e-11 -1.94319e-11 -0.867236 2.47
12.0483 -9.995 4.48659e-11 2.26867e-11 1.91468e-11 -0.726572 2.48
12.0815 -9.995 4.69576e-11 -1.52081e-11 3.04623e-11 0.448718 2.49
12.1148 -9.995 4.90597e-11 -3.14476e-11 -1.59924e-12 0.985041 2.5
12.148 -9.995 5.11618e-11 -2.90744e-12 -3.13838e-11 0.118682 2.51
12.1813 -9.995 5.3264e-11 2.9773e-11 -1.64807e-11 -0.916678 2.52
12.2145 -9.995 5.53976e-11 2.00586e-11 2.1891e-11 -0.646704 2.53
12.2478 -9.995 5.75312e-11 -1.82198e-11 2.9089e-11 0.544166 2.54
12.281 -9.995 5.96648e-11 -3.0552e-11 -5.13601e-12 0.960153 2.55
12.3143 -9.995 6.17984e-11 6.22898e-13 -3.20468e-11 0.00889813 2.56
12.3475 -9.995 6.39319e-11 3.09099e-11 -1.33223e-11 -0.955027 2.57
12.3808 -9.995 6.60655e-11 1.71823e-11 2.43727e-11 -0.55901 2.58
12.414 -9.995 6.81991e-11 -2.10124e-11 2.73621e-11 0.633028 2.59
12.4473 -9.995 7.03326e-11 -2.92871e-11 -8.61036e-12 0.923645 2.6
12.4805 -9.995 7.24662e-11 4.14206e-12 -3.23231e-11 -0.100993 2.61
12.5138 -9.995 7.45999e-11 3.1673e-11 -1.00084e-11 -0.981819 2.62
12.547 -9.995 7.67335e-11 1.4104e-11 2.65579e-11 -0.464551 2.63
12.5803 -9.995 7.88129e-11 -2.35485e-11 2.53087e-11 0.71423 2.64
12.6135 -9.995 8.09059e-11 -2.76692e-11 -1.19793e-11 0.875959 2.65
12.6468 -9.995 8.30004e-11 7.61032e-12 -3.22091e-11 -0.209663 2.66
12.68 -9.995 8.51167e-11 3.20531e-11 -6.57393e-12 -0.996728 2.67
12.7133 -9.995 8.72329e-11 1.08545e-11 2.84224e-11 -0.364469 2.68
12.7465 -9.995 8.93484e-11 -2.5801e-11 2.29471e-11 0.786788 2.69
12.7798 -9.995 9.14638e-11 -2.5717e-11 -1.5204e-11 0.817672 2.7
12.813 -9.995 9.36005e-11 1.09868e-11 -3.1706e-11 -0.315795 2.71
12.8463 -9.995 9.56939e-11 3.20462e-11 -3.06024e-12 -0.999575 2.72
12.8795 -9.995 9.78045e-11 7.4739e-12 2.99437e-11 -0.259978 2.73
12.9128 -9.995 9.9915e-11 -2.77409e-11 2.03113e-11 0.849824 2.74
12.946 -9.995 1.02049e-10 -2.34555e-11 -1.82441e-11 0.74949 2.75
12.9793 -9.995 1.04183e-10 1.42297e-11 -3.0821e-11 -0.418105 2.76
13.0125 -9.995 1.06316e-10 3.16528e-11 4.89934e-13 -0.990326 2.77
13.0458 -9.995 1.0845e-10 4.00318e-12 3.11034e-11 -0.152339 2.78
13.079 -9.995 1.10584e-10 -2.93469e-11 1.74261e-11 0.902576 2.79
13.1123 -9.995 1.12718e-10 -2.09081e-11 -2.10656e-11 0.672238 2.8
13.1455 -9.995 1.14852e-10 1.73023e-11 -2.95622e-11 -0.515355 2.81
13.1788 -9.995 1.16984e-10 3.08762e-11 4.03645e-12 -0.969091 2.82
13.212 -9.995 1.19117e-10 4.82375e-13 3.1887e-11 -0.0428576 2.83
13.2453 -9.995 1.21207e-10 -3.05979e-11 1.43296e-11 0.944405 2.84
13.2785 -9.995 1.23307e-10 -1.81068e-11 -2.36325e-11 0.586851 2.85
13.3118 -9.995 1.25408e-10 2.0168e-11 -2.79429e-11 -0.606369 2.86
13.345 -9.995 1.27509e-10 2.97248e-11 7.53576e-12 -0.936129 2.87
13.3783 -9.995 1.29587e-10 -3.04372e-12 3.22852e-11 0.0671428 2.88
13.4115 -9.995 1.31688e-10 -3.14789e-11 1.10624e-11 0.974805 2.89
13.4448 -9.995 1.33789e-10 -1.50894e-11 -2.59131e-11 0.494361 2.9
13.478 -9.995 1.35911e-10 2.27868e-11 -2.59898e-11 -0.690044 2.91
13.5113 -9.995 1.38033e-10 2.82164e-11 1.09411e-11 -0.891838 2.92
13.5445 -9.995 1.40151e-10 -6.53261e-12 3.22931e-11 0.176331 2.93
13.5778 -9.995 1.42268e-10 -3.19796e-11 7.66121e-12 0.993408 2.94
13.611 -9.995 1.44394e-10 -1.1889e-11 -2.78806e-11 0.395889 2.95
13.6443 -9.995 1.4652e-10 2.51313e-11 -2.37219e-11 -0.765369 2.96
13.6775 -9.995 1.4865e-10 2.6366e-11 1.42163e-11 -0.836754 2.97
13.7108 -9.995 1.5078e-10 -9.94406e-12 3.19107e-11 0.283385 2.98
13.744 -9.995 1.5291e-10 -3.20935e-11 4.16408e-12 0.999988 2.99
13.7773 -9.995 1.55007e-10 -8.5412e-12 -2.95118e-11 0.292626 3
13.8105 -9.995 1.57123e-10 2.71737e-11 -2.11621e-11 -0.831431 3.01
