0 15.005 0
0 15.01 0
0 15.015 0
0 15.0199 0
0 15.0249 0
0 15.0299 0
0 15.0348 0
0 15.0397 0
0 15.0446 0
0 15.0496 0
0 15.0545 0
0 15.0594 0
0 15.0642 0
0 15.0691 0
0 15.074 0
0 15.0788 0
0 15.0837 0
0 15.0885 0
0 15.0933 0
0 15.0981 0
0 15.1029 0
0 15.1077 0
0 15.1125 0
0 15.1173 0
0 15.1221 0
0 15.1268 0
0 15.1316 0
0 15.1363 0
0 15.141 0
0 15.1457 0
0 15.1504 0
0 15.1551 0
0 15.1598 0
0 15.1645 0
0 15.1692 0
0 15.1738 0
0 15.1785 0
0 15.1831 0
0 15.1877 0
0 15.1923 0
0 15.197 0
0 15.2016 0
0 15.2061 0
0 15.2107 0
0 15.2153 0
0 15.2198 0
0 15.2244 0
0 15.2289 0
0 15.2335 0
0 15.238 0
0 15.2425 0
0 15.247 0
0 15.2515 0
0 15.256 0
0 15.2604 0
0 15.2649 0
0 15.2693 0
0 15.2738 0
0 15.2782 0
0 15.2826 0
0 15.287 0
0 15.2914 0
0 15.2958 0
0 15.3002 0
0 15.3046 0
0 15.309 0
0 15.3133 0
0 15.3177 0
0 15.322 0
0 15.3263 0
0 15.3306 0
0 15.3349 0
0 15.3392 0
0 15.3435 0
0 15.3478 0
0 15.352 0
0 15.3563 0
0 15.3605 0
0 15.3648 0
0 15.369 0
0 15.3732 0
0 15.3774 0
0 15.3816 0
0 15.3858 0
0 15.39 0
0 15.3941 0
0 15.3983 0
0 15.4024 0
0 15.4066 0
0 15.4107 0
0 15.4148 0
0 15.4189 0
0 15.423 0
0 15.4271 0
0 15.4312 0
0 15.4353 0
0 15.4393 0
0 15.4434 0
0 15.4474 0
0 15.4514 0
0 15.4555 0
0 15.4595 0
0 15.4635 0
0 15.4675 0
0 15.4714 0
0 15.4754 0
0 15.4794 0
0 15.4833 0
0 15.4873 0
0 15.4912 0
0 15.4951 0
0 15.499 0
0 15.5029 0
0 15.5068 0
0 15.5107 0
0 15.5146 0
0 15.5184 0
0 15.5223 0
0 15.5261 0
0 15.53 0
0 15.5338 0
0 15.5376 0
0 15.5414 0
0 15.5452 0
0 15.549 0
0 15.5527 0
0 15.5565 0
0 15.5603 0
0 15.564 0
0 15.5677 0
0 15.5715 0
0 15.5752 0
0 15.5789 0
0 15.5826 0
0 15.5863 0
0 15.5899 0
0 15.5936 0
0 15.5973 0
0 15.6009 0
0 15.6045 0
0 15.6082 0
0 15.6118 0
0 15.6154 0
0 15.619 0
0 15.6226 0
0 15.6262 0
0 15.6297 0
0 15.6333 0
0 15.6368 0
0 15.6404 0
0 15.6439 0
0 15.6474 0
0 15.6509 0
0 15.6544 0
0 15.6579 0
0 15.6614 0
0 15.6649 0
0 15.6683 0
0 15.6718 0
0 15.6752 0
0 15.6786 0
0 15.6821 0
0 15.6855 0
0 15.6889 0
0 15.6923 0
0 15.6957 0
0 15.699 0
0 15.7024 0
0 15.7057 0
0 15.7091 0
0 15.7124 0
0 15.7157 0
0 15.719 0
0 15.7223 0
0 15.7256 0
0 15.7289 0
0 15.7322 0
0 15.7355 0
0 15.7387 0
0 15.742 0
0 15.7452 0
0 15.7484 0
0 15.7516 0
0 15.7548 0
0 15.758 0
0 15.7612 0
0 15.7644 0
0 15.7676 0
0 15.7707 0
0 15.7739 0
0 15.777 0
0 15.7801 0
0 15.7832 0
0 15.7863 0
0 15.7894 0
0 15.7925 0
0 15.7956 0
0 15.7987 0
0 15.8017 0
0 15.8048 0
0 15.8078 0
0 15.8108 0
0 15.8139 0
0 15.8169 0
0 15.8199 0
0 15.8229 0
0 15.8258 0
0 15.8288 0
0 15.8318 0
0 15.8347 0
0 15.8377 0
0 15.8406 0
0 15.8435 0
0 15.8464 0
0 15.8493 0
0 15.8522 0
0 15.8551 0
0 15.858 0
0 15.8608 0
0 15.8637 0
0 15.8665 0
0 15.8694 0
0 15.8722 0
0 15.875 0
0 15.8778 0
0 15.8806 0
0 15.8834 0
0 15.8861 0
0 15.8889 0
0 15.8917 0
0 15.8944 0
0 15.8971 0
0 15.8999 0
0 15.9026 0
0 15.9053 0
0 15.908 0
0 15.9107 0
0 15.9133 0
0 15.916 0
0 15.9186 0
0 15.9213 0
0 15.9239 0
0 15.9266 0
0 15.9292 0
0 15.9318 0
0 15.9344 0
0 15.937 0
0 15.9395 0
0 15.9421 0
0 15.9447 0
0 15.9472 0
0 15.9497 0
0 15.9523 0
0 15.9548 0
0 15.9573 0
0 15.9598 0
0 15.9623 0
0 15.9648 0
0 15.9672 0
0 15.9697 0
0 15.9721 0
0 15.9746 0
0 15.977 0
0 15.9794 0
0 15.9818 0
0 15.9842 0
0 15.9866 0
0 15.989 0
0 15.9914 0
0 15.9937 0
0 15.9961 0
0 15.9984 0
0 16.0008 0
0 16.0031 0
0 16.0054 0
0 16.0077 0
0 16.01 0
0 16.0123 0
0 16.0146 0
0 16.0168 0
0 16.0191 0
0 16.0213 0
0 16.0236 0
0 16.0258 0
0 16.028 0
0 16.0302 0
0 16.0324 0
0 16.0346 0
0 16.0367 0
0 16.0389 0
0 16.0411 0
0 16.0432 0
0 16.0453 0
0 16.0475 0
0 16.0496 0
0 16.0517 0
0 16.0538 0
0 16.0559 0
0 16.058 0
0 16.06 0
0 16.0621 0
0 16.0641 0
0 16.0662 0
0 16.0682 0
0 16.0702 0
0 16.0722 0
0 16.0742 0
0 16.0762 0
0 16.0782 0
0 16.0802 0
0 16.0821 0
0 16.0841 0
0 16.086 0
0 16.0879 0
0 16.0898 0
0 16.0918 0
0 16.0937 0
0 16.0955 0
0 16.0974 0
0 16.0993 0
0 16.1012 0
0 16.103 0
0 16.1049 0
0 16.1067 0
0 16.1085 0
0 16.1103 0
0 16.1121 0
0 16.1139 0
0 16.1157 0
0 16.1175 0
0 16.1192 0
0 16.121 0
0 16.1227 0
0 16.1245 0
0 16.1262 0
0 16.1279 0
0 16.1296 0
0 16.1313 0
0 16.133 0
0 16.1346 0
0 16.1363 0
0 16.138 0
0 16.1396 0
0 16.1412 0
0 16.1429 0
0 16.1445 0
0 16.1461 0
0 16.1477 0
0 16.1493 0
0 16.1509 0
0 16.1524 0
0 16.154 0
0 16.1555 0
0 16.1571 0
0 16.1586 0
0 16.1601 0
0 16.1616 0
0 16.1631 0
0 16.1646 0
0 16.1661 0
0 16.1675 0
0 16.169 0
0 16.1705 0
0 16.1719 0
0 16.1733 0
0 16.1747 0
0 16.1762 0
0 16.1776 0
0 16.1789 0
0 16.1803 0
0 16.1817 0
0 16.1831 0
0 16.1844 0
0 16.1857 0
0 16.1871 0
0 16.1884 0
0 16.1897 0
0 16.191 0
0 16.1923 0
0 16.1936 0
0 16.1949 0
0 16.1961 0
0 16.1974 0
0 16.1986 0
0 16.1998 0
0 16.2011 0
0 16.2023 0
0 16.2035 0
0 16.2047 0
0 16.2059 0
0 16.207 0
0 16.2082 0
0 16.2094 0
0 16.2105 0
0 16.2116 0
0 16.2128 0
0 16.2139 0
0 16.215 0
0 16.2161 0
0 16.2172 0
0 16.2182 0
0 16.2193 0
0 16.2204 0
0 16.2214 0
0 16.2224 0
0 16.2235 0
0 16.2245 0
0 16.2255 0
0 16.2265 0
0 16.2275 0
0 16.2285 0
0 16.2294 0
0 16.2304 0
0 16.2313 0
0 16.2323 0
0 16.2332 0
0 16.2341 0
0 16.235 0
0 16.2359 0
0 16.2368 0
0 16.2377 0
0 16.2386 0
0 16.2394 0
0 16.2403 0
0 16.2411 0
0 16.2419 0
0 16.2428 0
0 16.2436 0
0 16.2444 0
0 16.2452 0
0 16.246 0
0 16.2467 0
0 16.2475 0
0 16.2482 0
0 16.249 0
0 16.2497 0
0 16.2504 0
0 16.2512 0
0 16.2519 0
0 16.2526 0
0 16.2532 0
0 16.2539 0
0 16.2546 0
0 16.2552 0
0 16.2559 0
0 16.2565 0
0 16.2571 0
0 16.2577 0
0 16.2583 0
0 16.2589 0
0 16.2595 0
0 16.2601 0
0 16.2607 0
0 16.2612 0
0 16.2618 0
0 16.2623 0
0 16.2628 0
0 16.2634 0
0 16.2639 0
0 16.2644 0
0 16.2648 0
0 16.2653 0
0 16.2658 0
0 16.2662 0
0 16.2667 0
0 16.2671 0
0 16.2676 0
0 16.268 0
0 16.2684 0
0 16.2688 0
0 16.2692 0
0 16.2696 0
0 16.2699 0
0 16.2703 0
0 16.2706 0
0 16.271 0
0 16.2713 0
0 16.2716 0
0 16.2719 0
0 16.2722 0
0 16.2725 0
0 16.2728 0
0 16.2731 0
0 16.2733 0
0 16.2736 0
0 16.2738 0
0 16.2741 0
0 16.2743 0
0 16.2745 0
0 16.2747 0
0 16.2749 0
0 16.2751 0
0 16.2753 0
0 16.2754 0
0 16.2756 0
0 16.2757 0
0 16.2759 0
0 16.276 0
0 16.2761 0
0 16.2762 0
0 16.2763 0
0 16.2764 0
0 16.2765 0
0 16.2765 0
0 16.2766 0
0 16.2766 0
0 16.2767 0
0 16.2767 0
0 16.2767 0
0 16.2767 0
0 16.2767 0
0 16.2767 0
0 16.2767 0
0 16.2766 0
0 16.2766 0
0 16.2765 0
0 16.2765 0
0 16.2764 0
0 16.2763 0
0 16.2762 0
0 16.2761 0
0 16.276 0
0 16.2759 0
0 16.2758 0
0 16.2756 0
0 16.2755 0
0 16.2753 0
0 16.2752 0
0 16.275 0
0 16.2748 0
0 16.2746 0
0 16.2744 0
0 16.2742 0
0 16.2739 0
0 16.2737 0
0 16.2734 0
0 16.2732 0
0 16.2729 0
0 16.2726 0
0 16.2724 0
0 16.2721 0
0 16.2717 0
0 16.2714 0
0 16.2711 0
0 16.2708 0
0 16.2704 0
0 16.2701 0
0 16.2697 0
0 16.2693 0
0 16.2689 0
0 16.2685 0
0 16.2681 0
0 16.2677 0
0 16.2673 0
0 16.2669 0
0 16.2664 0
0 16.266 0
0 16.2655 0
0 16.265 0
0 16.2645 0
0 16.264 0
0 16.2635 0
0 16.263 0
0 16.2625 0
0 16.262 0
0 16.2614 0
0 16.2609 0
0 16.2603 0
0 16.2597 0
0 16.2592 0
0 16.2586 0
0 16.258 0
0 16.2574 0
0 16.2567 0
0 16.2561 0
0 16.2555 0
0 16.2548 0
0 16.2542 0
0 16.2535 0
0 16.2528 0
0 16.2521 0
0 16.2514 0
0 16.2507 0
0 16.25 0
0 16.2493 0
0 16.2485 0
0 16.2478 0
0 16.247 0
0 16.2462 0
0 16.2455 0
0 16.2447 0
0 16.2439 0
0 16.2431 0
0 16.2423 0
0 16.2414 0
0 16.2406 0
0 16.2397 0
0 16.2389 0
0 16.238 0
0 16.2371 0
0 16.2363 0
0 16.2354 0
0 16.2345 0
0 16.2335 0
0 16.2326 0
0 16.2317 0
0 16.2307 0
0 16.2298 0
0 16.2288 0
0 16.2278 0
0 16.2269 0
0 16.2259 0
0 16.2249 0
0 16.2238 0
0 16.2228 0
0 16.2218 0
0 16.2207 0
0 16.2197 0
0 16.2186 0
0 16.2176 0
0 16.2165 0
0 16.2154 0
0 16.2143 0
0 16.2132 0
0 16.2121 0
0 16.2109 0
0 16.2098 0
0 16.2086 0
0 16.2075 0
0 16.2063 0
0 16.2051 0
0 16.2039 0
0 16.2027 0
0 16.2015 0
0 16.2003 0
0 16.1991 0
0 16.1978 0
0 16.1966 0
0 16.1953 0
0 16.1941 0
0 16.1928 0
0 16.1915 0
0 16.1902 0
0 16.1889 0
0 16.1876 0
0 16.1862 0
0 16.1849 0
0 16.1835 0
0 16.1822 0
0 16.1808 0
0 16.1794 0
0 16.1781 0
0 16.1767 0
0 16.1753 0
0 16.1738 0
0 16.1724 0
0 16.171 0
0 16.1695 0
0 16.1681 0
0 16.1666 0
0 16.1651 0
0 16.1637 0
0 16.1622 0
0 16.1607 0
0 16.1591 0
0 16.1576 0
0 16.1561 0
0 16.1545 0
0 16.153 0
0 16.1514 0
0 16.1499 0
0 16.1483 0
0 16.1467 0
0 16.1451 0
0 16.1435 0
0 16.1418 0
0 16.1402 0
0 16.1386 0
0 16.1369 0
0 16.1353 0
0 16.1336 0
0 16.1319 0
0 16.1302 0
0 16.1285 0
0 16.1268 0
0 16.1251 0
0 16.1234 0
0 16.1216 0
0 16.1199 0
0 16.1181 0
0 16.1163 0
0 16.1146 0
0 16.1128 0
0 16.111 0
0 16.1092 0
0 16.1074 0
0 16.1055 0
0 16.1037 0
0 16.1018 0
0 16.1 0
0 16.0981 0
0 16.0962 0
0 16.0944 0
0 16.0925 0
0 16.0906 0
0 16.0886 0
0 16.0867 0
0 16.0848 0
0 16.0828 0
0 16.0809 0
0 16.0789 0
0 16.0769 0
0 16.0749 0
0 16.073 0
0 16.0709 0
0 16.0689 0
0 16.0669 0
0 16.0649 0
0 16.0628 0
0 16.0608 0
0 16.0587 0
0 16.0566 0
0 16.0546 0
0 16.0525 0
0 16.0504 0
0 16.0483 0
0 16.0461 0
0 16.044 0
0 16.0419 0
0 16.0397 0
0 16.0375 0
0 16.0354 0
0 16.0332 0
0 16.031 0
0 16.0288 0
0 16.0266 0
0 16.0244 0
0 16.0221 0
0 16.0199 0
0 16.0177 0
0 16.0154 0
0 16.0131 0
0 16.0108 0
0 16.0086 0
0 16.0063 0
0 16.0039 0
0 16.0016 0
0 15.9993 0
0 15.997 0
0 15.9946 0
0 15.9923 0
0 15.9899 0
0 15.9875 0
0 15.9851 0
0 15.9827 0
0 15.9803 0
0 15.9779 0
0 15.9755 0
0 15.973 0
0 15.9706 0
0 15.9681 0
0 15.9657 0
0 15.9632 0
0 15.9607 0
0 15.9582 0
0 15.9557 0
0 15.9532 0
0 15.9507 0
0 15.9481 0
0 15.9456 0
0 15.943 0
0 15.9405 0
0 15.9379 0
0 15.9353 0
0 15.9327 0
0 15.9301 0
0 15.9275 0
0 15.9249 0
0 15.9223 0
0 15.9196 0
0 15.917 0
0 15.9143 0
0 15.9116 0
0 15.909 0
0 15.9063 0
0 15.9036 0
0 15.9009 0
0 15.8981 0
0 15.8954 0
0 15.8927 0
0 15.8899 0
0 15.8872 0
0 15.8844 0
0 15.8816 0
0 15.8788 0
0 15.876 0
0 15.8732 0
0 15.8704 0
0 15.8676 0
0 15.8647 0
0 15.8619 0
0 15.859 0
0 15.8562 0
0 15.8533 0
0 15.8504 0
0 15.8475 0
0 15.8446 0
0 15.8417 0
0 15.8387 0
0 15.8358 0
0 15.8329 0
0 15.8299 0
0 15.8269 0
0 15.824 0
0 15.821 0
0 15.818 0
0 15.815 0
0 15.812 0
0 15.8089 0
0 15.8059 0
0 15.8029 0
0 15.7998 0
0 15.7967 0
0 15.7937 0
0 15.7906 0
0 15.7875 0
0 15.7844 0
0 15.7813 0
0 15.7781 0
0 15.775 0
0 15.7719 0
0 15.7687 0
0 15.7656 0
0 15.7624 0
0 15.7592 0
0 15.756 0
0 15.7528 0
0 15.7496 0
0 15.7464 0
0 15.7432 0
0 15.7399 0
0 15.7367 0
0 15.7334 0
0 15.7301 0
0 15.7269 0
0 15.7236 0
0 15.7203 0
0 15.717 0
0 15.7136 0
0 15.7103 0
0 15.707 0
0 15.7036 0
0 15.7003 0
0 15.6969 0
0 15.6935 0
0 15.6901 0
0 15.6867 0
0 15.6833 0
0 15.6799 0
0 15.6765 0
0 15.673 0
0 15.6696 0
0 15.6661 0
0 15.6627 0
0 15.6592 0
0 15.6557 0
0 15.6522 0
0 15.6487 0
0 15.6452 0
0 15.6417 0
0 15.6381 0
0 15.6346 0
0 15.631 0
0 15.6275 0
0 15.6239 0
0 15.6203 0
0 15.6167 0
0 15.6131 0
0 15.6095 0
0 15.6059 0
0 15.6023 0
0 15.5986 0
0 15.595 0
0 15.5913 0
0 15.5876 0
0 15.5839 0
0 15.5802 0
0 15.5765 0
0 15.5728 0
0 15.5691 0
0 15.5654 0
0 15.5616 0
0 15.5579 0
0 15.5541 0
0 15.5504 0
0 15.5466 0
0 15.5428 0
0 15.539 0
0 15.5352 0
0 15.5314 0
0 15.5275 0
0 15.5237 0
0 15.5198 0
0 15.516 0
0 15.5121 0
0 15.5082 0
0 15.5044 0
0 15.5005 0
0 15.4966 0
0 15.4926 0
0 15.4887 0
0 15.4848 0
0 15.4808 0
0 15.4769 0
0 15.4729 0
0 15.4689 0
0 15.4649 0
0 15.4609 0
0 15.4569 0
0 15.4529 0
0 15.4489 0
0 15.4449 0
0 15.4408 0
0 15.4368 0
0 15.4327 0
0 15.4286 0
0 15.4245 0
0 15.4204 0
0 15.4163 0
0 15.4122 0
0 15.4081 0
0 15.404 0
0 15.3998 0
0 15.3957 0
0 15.3915 0
0 15.3873 0
0 15.3832 0
0 15.379 0
0 15.3748 0
0 15.3706 0
0 15.3663 0
0 15.3621 0
0 15.3579 0
0 15.3536 0
0 15.3493 0
0 15.3451 0
0 15.3408 0
0 15.3365 0
0 15.3322 0
0 15.3279 0
0 15.3236 0
0 15.3192 0
0 15.3149 0
0 15.3106 0
0 15.3062 0
0 15.3018 0
0 15.2975 0
0 15.2931 0
0 15.2887 0
0 15.2843 0
0 15.2798 0
0 15.2754 0
0 15.271 0
0 15.2665 0
0 15.2621 0
0 15.2576 0
0 15.2531 0
0 15.2486 0
0 15.2441 0
0 15.2396 0
0 15.2351 0
0 15.2306 0
0 15.2261 0
0 15.2215 0
0 15.217 0
0 15.2124 0
0 15.2078 0
0 15.2032 0
0 15.1986 0
0 15.194 0
0 15.1894 0
0 15.1848 0
0 15.1802 0
0 15.1755 0
0 15.1709 0
0 15.1662 0
0 15.1615 0
0 15.1569 0
0 15.1522 0
0 15.1475 0
0 15.1428 0
0 15.138 0
0 15.1333 0
0 15.1286 0
0 15.1238 0
0 15.119 0
0 15.1143 0
0 15.1095 0
0 15.1047 0
0 15.0999 0
0 15.0951 0
0 15.0903 0
0 15.0854 0
0 15.0806 0
0 15.0758 0
0 15.0709 0
0 15.066 0
0 15.0612 0
0 15.0563 0
0 15.0514 0
0 15.0465 0
0 15.0415 0
0 15.0366 0
0 15.0317 0
0 15.0267 0
0 15.0218 0
0 15.0168 0
0 15.0118 0
0 15.0068 0
0 15.0018 0
0 14.9968 0
0 14.9918 0
0 14.9868 0
0 14.9818 0
0 14.9767 0
0 14.9717 0
0 14.9666 0
0 14.9615 0
0 14.9564 0
0 14.9513 0
0 14.9462 0
0 14.9411 0
0 14.936 0
0 14.9309 0
0 14.9257 0
0 14.9206 0
0 14.9154 0
0 14.9102 0
0 14.905 0
0 14.8999 0
0 14.8947 0
0 14.8894 0
0 14.8842 0
0 14.879 0
0 14.8737 0
0 14.8685 0
0 14.8632 0
0 14.858 0
0 14.8527 0
0 14.8474 0
0 14.8421 0
0 14.8368 0
0 14.8315 0
0 14.8261 0
0 14.8208 0
0 14.8154 0
0 14.8101 0
0 14.8047 0
0 14.7993 0
0 14.7939 0
0 14.7885 0
0 14.7831 0
0 14.7777 0
0 14.7723 0
0 14.7669 0
0 14.7614 0
0 14.7559 0
0 14.7505 0
0 14.745 0
0 14.7395 0
0 14.734 0
0 14.7285 0
0 14.723 0
0 14.7175 0
0 14.7119 0
0 14.7064 0
0 14.7008 0
0 14.6953 0
0 14.6897 0
0 14.6841 0
0 14.6785 0
0 14.6729 0
0 14.6673 0
0 14.6617 0
0 14.656 0
0 14.6504 0
0 14.6447 0
0 14.6391 0
0 14.6334 0
0 14.6277 0
0 14.622 0
0 14.6163 0
0 14.6106 0
0 14.6049 0
0 14.5992 0
0 14.5934 0
0 14.5877 0
0 14.5819 0
0 14.5761 0
0 14.5703 0
0 14.5646 0
0 14.5588 0
0 14.5529 0
0 14.5471 0
0 14.5413 0
0 14.5355 0
0 14.5296 0
0 14.5237 0
0 14.5179 0
0 14.512 0
0 14.5061 0
0 14.5002 0
0 14.4943 0
0 14.4884 0
0 14.4825 0
0 14.4765 0
0 14.4706 0
0 14.4646 0
0 14.4586 0
0 14.4527 0
0 14.4467 0
0 14.4407 0
0 14.4347 0
0 14.4287 0
0 14.4226 0
0 14.4166 0
0 14.4105 0
0 14.4045 0
0 14.3984 0
0 14.3923 0
0 14.3863 0
0 14.3802 0
0 14.3741 0
0 14.3679 0
0 14.3618 0
0 14.3557 0
0 14.3495 0
0 14.3434 0
0 14.3372 0
0 14.3311 0
0 14.3249 0
0 14.3187 0
0 14.3125 0
0 14.3063 0
0 14.3 0
0 14.2938 0
0 14.2876 0
0 14.2813 0
0 14.275 0
0 14.2688 0
0 14.2625 0
0 14.2562 0
0 14.2499 0
0 14.2436 0
0 14.2373 0
0 14.2309 0
0 14.2246 0
0 14.2183 0
0 14.2119 0
0 14.2055 0
0 14.1991 0
0 14.1928 0
0 14.1864 0
0 14.1799 0
0 14.1735 0
0 14.1671 0
0 14.1607 0
0 14.1542 0
0 14.1478 0
0 14.1413 0
0 14.1348 0
0 14.1283 0
0 14.1218 0
0 14.1153 0
0 14.1088 0
0 14.1023 0
0 14.0957 0
0 14.0892 0
0 14.0826 0
0 14.0761 0
0 14.0695 0
0 14.0629 0
0 14.0563 0
0 14.0497 0
0 14.0431 0
0 14.0365 0
0 14.0298 0
0 14.0232 0
0 14.0165 0
0 14.0099 0
0 14.0032 0
0 13.9965 0
0 13.9898 0
0 13.9831 0
0 13.9764 0
0 13.9697 0
0 13.9629 0
0 13.9562 0
0 13.9494 0
0 13.9427 0
0 13.9359 0
0 13.9291 0
0 13.9223 0
0 13.9155 0
0 13.9087 0
0 13.9019 0
0 13.8951 0
0 13.8882 0
0 13.8814 0
0 13.8745 0
0 13.8677 0
0 13.8608 0
0 13.8539 0
0 13.847 0
0 13.8401 0
0 13.8332 0
0 13.8262 0
0 13.8193 0
0 13.8123 0
0 13.8054 0
0 13.7984 0
0 13.7914 0
0 13.7844 0
0 13.7775 0
0 13.7704 0
0 13.7634 0
0 13.7564 0
0 13.7494 0
0 13.7423 0
0 13.7353 0
0 13.7282 0
0 13.7211 0
0 13.714 0
0 13.7069 0
0 13.6998 0
0 13.6927 0
0 13.6856 0
0 13.6785 0
0 13.6713 0
0 13.6642 0
0 13.657 0
0 13.6498 0
0 13.6426 0
0 13.6354 0
0 13.6282 0
0 13.621 0
0 13.6138 0
0 13.6066 0
0 13.5993 0
0 13.5921 0
0 13.5848 0
0 13.5775 0
0 13.5703 0
0 13.563 0
0 13.5557 0
0 13.5483 0
0 13.541 0
0 13.5337 0
0 13.5264 0
0 13.519 0
0 13.5116 0
0 13.5043 0
0 13.4969 0
0 13.4895 0
0 13.4821 0
0 13.4747 0
0 13.4673 0
0 13.4598 0
0 13.4524 0
0 13.445 0
0 13.4375 0
0 13.43 0
0 13.4225 0
0 13.4151 0
0 13.4076 0
0 13.4001 0
0 13.3925 0
0 13.385 0
0 13.3775 0
0 13.3699 0
0 13.3624 0
0 13.3548 0
0 13.3472 0
0 13.3396 0
0 13.332 0
0 13.3244 0
0 13.3168 0
0 13.3092 0
0 13.3016 0
0 13.2939 0
0 13.2863 0
0 13.2786 0
0 13.2709 0
0 13.2632 0
0 13.2555 0
0 13.2478 0
0 13.2401 0
0 13.2324 0
0 13.2247 0
0 13.2169 0
0 13.2092 0
0 13.2014 0
0 13.1936 0
0 13.1859 0
0 13.1781 0
0 13.1703 0
0 13.1624 0
0 13.1546 0
0 13.1468 0
0 13.139 0
0 13.1311 0
0 13.1232 0
0 13.1154 0
0 13.1075 0
0 13.0996 0
0 13.0917 0
0 13.0838 0
0 13.0759 0
0 13.0679 0
0 13.06 0
0 13.0521 0
0 13.0441 0
0 13.0361 0
0 13.0281 0
0 13.0202 0
0 13.0122 0
0 13.0042 0
0 12.9961 0
0 12.9881 0
0 12.9801 0
0 12.972 0
0 12.964 0
0 12.9559 0
0 12.9478 0
0 12.9397 0
0 12.9316 0
0 12.9235 0
0 12.9154 0
0 12.9073 0
0 12.8992 0
0 12.891 0
0 12.8829 0
0 12.8747 0
0 12.8665 0
0 12.8583 0
0 12.8501 0
0 12.8419 0
0 12.8337 0
0 12.8255 0
0 12.8173 0
0 12.809 0
0 12.8008 0
0 12.7925 0
0 12.7842 0
0 12.7759 0
0 12.7677 0
0 12.7593 0
0 12.751 0
0 12.7427 0
0 12.7344 0
0 12.726 0
0 12.7177 0
0 12.7093 0
0 12.701 0
0 12.6926 0
0 12.6842 0
0 12.6758 0
0 12.6674 0
0 12.659 0
0 12.6505 0
0 12.6421 0
0 12.6336 0
0 12.6252 0
0 12.6167 0
0 12.6082 0
0 12.5997 0
0 12.5912 0
0 12.5827 0
0 12.5742 0
0 12.5657 0
0 12.5571 0
0 12.5486 0
0 12.54 0
0 12.5315 0
0 12.5229 0
0 12.5143 0
0 12.5057 0
0 12.4971 0
0 12.4885 0
0 12.4799 0
0 12.4712 0
0 12.4626 0
0 12.4539 0
0 12.4453 0
0 12.4366 0
0 12.4279 0
0 12.4192 0
0 12.4105 0
0 12.4018 0
0 12.3931 0
0 12.3843 0
0 12.3756 0
0 12.3668 0
0 12.3581 0
0 12.3493 0
0 12.3405 0
0 12.3317 0
0 12.3229 0
0 12.3141 0
0 12.3053 0
0 12.2965 0
0 12.2876 0
0 12.2788 0
0 12.2699 0
0 12.261 0
0 12.2521 0
0 12.2433 0
0 12.2344 0
0 12.2254 0
0 12.2165 0
0 12.2076 0
0 12.1987 0
0 12.1897 0
0 12.1807 0
0 12.1718 0
0 12.1628 0
0 12.1538 0
0 12.1448 0
0 12.1358 0
0 12.1268 0
0 12.1178 0
0 12.1087 0
0 12.0997 0
0 12.0906 0
0 12.0815 0
0 12.0725 0
0 12.0634 0
0 12.0543 0
0 12.0452 0
0 12.0361 0
0 12.0269 0
0 12.0178 0
0 12.0086 0
0 11.9995 0
0 11.9903 0
0 11.9811 0
0 11.972 0
0 11.9628 0
0 11.9536 0
0 11.9443 0
0 11.9351 0
0 11.9259 0
0 11.9166 0
0 11.9074 0
0 11.8981 0
0 11.8889 0
0 11.8796 0
0 11.8703 0
0 11.861 0
0 11.8517 0
0 11.8423 0
0 11.833 0
0 11.8237 0
0 11.8143 0
0 11.805 0
0 11.7956 0
0 11.7862 0
0 11.7768 0
0 11.7674 0
0 11.758 0
0 11.7486 0
0 11.7391 0
0 11.7297 0
0 11.7203 0
0 11.7108 0
0 11.7013 0
0 11.6918 0
0 11.6824 0
0 11.6729 0
0 11.6633 0
0 11.6538 0
0 11.6443 0
0 11.6348 0
0 11.6252 0
0 11.6157 0
0 11.6061 0
0 11.5965 0
0 11.5869 0
0 11.5773 0
0 11.5677 0
0 11.5581 0
0 11.5485 0
0 11.5388 0
0 11.5292 0
0 11.5195 0
0 11.5099 0
0 11.5002 0
0 11.4905 0
0 11.4808 0
0 11.4711 0
0 11.4614 0
0 11.4517 0
0 11.4419 0
0 11.4322 0
0 11.4224 0
0 11.4127 0
0 11.4029 0
0 11.3931 0
0 11.3833 0
0 11.3735 0
0 11.3637 0
0 11.3539 0
0 11.344 0
0 11.3342 0
0 11.3244 0
0 11.3145 0
0 11.3046 0
0 11.2947 0
0 11.2848 0
0 11.2749 0
0 11.265 0
0 11.2551 0
0 11.2452 0
0 11.2352 0
0 11.2253 0
0 11.2153 0
0 11.2054 0
0 11.1954 0
0 11.1854 0
0 11.1754 0
0 11.1654 0
0 11.1554 0
0 11.1453 0
0 11.1353 0
0 11.1252 0
0 11.1152 0
0 11.1051 0
0 11.095 0
0 11.085 0
0 11.0749 0
0 11.0647 0
0 11.0546 0
0 11.0445 0
0 11.0344 0
0 11.0242 0
0 11.0141 0
0 11.0039 0
0 10.9937 0
0 10.9835 0
0 10.9733 0
0 10.9631 0
0 10.9529 0
0 10.9427 0
0 10.9325 0
0 10.9222 0
0 10.912 0
0 10.9017 0
0 10.8914 0
0 10.8811 0
0 10.8708 0
0 10.8605 0
0 10.8502 0
0 10.8399 0
0 10.8296 0
0 10.8192 0
0 10.8089 0
0 10.7985 0
0 10.7881 0
0 10.7778 0
0 10.7674 0
0 10.757 0
0 10.7466 0
0 10.7361 0
0 10.7257 0
0 10.7153 0
0 10.7048 0
0 10.6943 0
0 10.6839 0
0 10.6734 0
0 10.6629 0
0 10.6524 0
0 10.6419 0
0 10.6314 0
0 10.6208 0
0 10.6103 0
0 10.5998 0
0 10.5892 0
0 10.5786 0
0 10.5681 0
0 10.5575 0
0 10.5469 0
0 10.5363 0
0 10.5256 0
0 10.515 0
0 10.5044 0
0 10.4937 0
0 10.4831 0
0 10.4724 0
0 10.4617 0
0 10.451 0
0 10.4404 0
0 10.4296 0
0 10.4189 0
0 10.4082 0
0 10.3975 0
0 10.3867 0
0 10.376 0
0 10.3652 0
0 10.3544 0
0 10.3436 0
0 10.3329 0
0 10.322 0
0 10.3112 0
0 10.3004 0
0 10.2896 0
0 10.2787 0
0 10.2679 0
0 10.257 0
0 10.2461 0
0 10.2353 0
0 10.2244 0
0 10.2135 0
0 10.2026 0
0 10.1916 0
0 10.1807 0
0 10.1698 0
0 10.1588 0
0 10.1479 0
0 10.1369 0
0 10.1259 0
0 10.1149 0
0 10.1039 0
0 10.0929 0
0 10.0819 0
0 10.0709 0
0 10.0598 0
0 10.0488 0
0 10.0377 0
0 10.0266 0
0 10.0156 0
0 10.0045 0
0 9.99337 0
0 9.98226 0
0 9.97114 0
0 9.96002 0
0 9.94888 0
0 9.93773 0
0 9.92657 0
0 9.91541 0
0 9.90423 0
0 9.89304 0
0 9.88185 0
0 9.87064 0
0 9.85943 0
0 9.8482 0
0 9.83696 0
0 9.82572 0
0 9.81446 0
0 9.8032 0
0 9.79192 0
0 9.78064 0
0 9.76935 0
0 9.75804 0
0 9.74673 0
0 9.7354 0
0 9.72407 0
0 9.71273 0
0 9.70137 0
0 9.69001 0
0 9.67864 0
0 9.66725 0
0 9.65586 0
0 9.64446 0
0 9.63305 0
0 9.62163 0
0 9.61019 0
0 9.59875 0
0 9.5873 0
0 9.57584 0
0 9.56437 0
0 9.55289 0
0 9.5414 0
0 9.5299 0
0 9.51839 0
0 9.50687 0
0 9.49534 0
0 9.4838 0
0 9.47225 0
0 9.46069 0
0 9.44912 0
0 9.43754 0
0 9.42595 0
0 9.41435 0
0 9.40274 0
0 9.39113 0
0 9.3795 0
0 9.36786 0
0 9.35621 0
0 9.34456 0
0 9.33289 0
0 9.32121 0
0 9.30952 0
0 9.29783 0
0 9.28612 0
0 9.27441 0
0 9.26268 0
0 9.25094 0
0 9.2392 0
0 9.22744 0
0 9.21568 0
0 9.2039 0
0 9.19212 0
0 9.18032 0
0 9.16852 0
0 9.1567 0
0 9.14488 0
0 9.13305 0
0 9.1212 0
0 9.10935 0
0 9.09748 0
0 9.08561 0
0 9.07373 0
0 9.06184 0
0 9.04993 0
0 9.03802 0
0 9.0261 0
0 9.01417 0
0 9.00222 0
0 8.99027 0
0 8.97831 0
0 8.96634 0
0 8.95436 0
0 8.94237 0
0 8.93037 0
0 8.91836 0
0 8.90634 0
0 8.89431 0
0 8.88227 0
0 8.87022 0
0 8.85816 0
0 8.84609 0
0 8.83401 0
0 8.82192 0
0 8.80982 0
0 8.79771 0
0 8.78559 0
0 8.77346 0
0 8.76133 0
0 8.74918 0
0 8.73702 0
0 8.72485 0
0 8.71268 0
0 8.70049 0
0 8.68829 0
0 8.67609 0
0 8.66387 0
0 8.65164 0
0 8.63941 0
0 8.62716 0
0 8.6149 0
0 8.60264 0
0 8.59036 0
0 8.57808 0
0 8.56578 0
0 8.55348 0
0 8.54116 0
0 8.52884 0
0 8.51651 0
0 8.50416 0
0 8.49181 0
0 8.47944 0
0 8.46707 0
0 8.45469 0
0 8.44229 0
0 8.42989 0
0 8.41748 0
0 8.40506 0
0 8.39262 0
0 8.38018 0
0 8.36773 0
0 8.35527 0
0 8.3428 0
0 8.33031 0
0 8.31782 0
0 8.30532 0
0 8.29281 0
0 8.28029 0
0 8.26776 0
0 8.25522 0
0 8.24267 0
0 8.23011 0
0 8.21754 0
0 8.20496 0
0 8.19237 0
0 8.17977 0
0 8.16716 0
0 8.15454 0
0 8.14192 0
0 8.12928 0
0 8.11663 0
0 8.10397 0
0 8.0913 0
0 8.07863 0
0 8.06594 0
0 8.05324 0
0 8.04053 0
0 8.02782 0
0 8.01509 0
0 8.00235 0
0 7.98961 0
0 7.97685 0
0 7.96409 0
0 7.95131 0
0 7.93852 0
0 7.92573 0
0 7.91292 0
0 7.90011 0
0 7.88728 0
0 7.87445 0
0 7.86161 0
0 7.84875 0
0 7.83589 0
0 7.82301 0
0 7.81013 0
0 7.79724 0
0 7.78433 0
0 7.77142 0
0 7.7585 0
0 7.74556 0
0 7.73262 0
0 7.71967 0
0 7.70671 0
0 7.69374 0
0 7.68075 0
0 7.66776 0
0 7.65476 0
0 7.64175 0
0 7.62873 0
0 7.6157 0
0 7.60266 0
0 7.58961 0
0 7.57655 0
0 7.56348 0
0 7.5504 0
0 7.53731 0
0 7.52421 0
0 7.5111 0
0 7.49798 0
0 7.48485 0
0 7.47171 0
0 7.45856 0
0 7.4454 0
0 7.43224 0
0 7.41906 0
0 7.40587 0
0 7.39267 0
0 7.37947 0
0 7.36625 0
0 7.35302 0
0 7.33979 0
0 7.32654 0
0 7.31328 0
0 7.30002 0
0 7.28674 0
0 7.27345 0
0 7.26016 0
0 7.24685 0
0 7.23354 0
0 7.22021 0
0 7.20688 0
0 7.19353 0
0 7.18018 0
0 7.16681 0
0 7.15344 0
0 7.14006 0
0 7.12666 0
0 7.11326 0
0 7.09985 0
0 7.08642 0
0 7.07299 0
0 7.05955 0
0 7.04609 0
0 7.03263 0
0 7.01916 0
0 7.00568 0
0 6.99219 0
0 6.97868 0
0 6.96517 0
0 6.95165 0
0 6.93812 0
0 6.92458 0
0 6.91103 0
0 6.89747 0
0 6.8839 0
0 6.87032 0
0 6.85673 0
0 6.84313 0
0 6.82952 0
0 6.8159 0
0 6.80227 0
0 6.78863 0
0 6.77498 0
0 6.76132 0
0 6.74765 0
0 6.73398 0
0 6.72029 0
0 6.70659 0
0 6.69288 0
0 6.67917 0
0 6.66544 0
0 6.6517 0
0 6.63795 0
0 6.6242 0
0 6.61043 0
0 6.59665 0
0 6.58287 0
0 6.56907 0
0 6.55527 0
0 6.54145 0
0 6.52763 0
0 6.51379 0
0 6.49995 0
0 6.48609 0
0 6.47223 0
0 6.45835 0
0 6.44447 0
0 6.43057 0
0 6.41667 0
0 6.40276 0
0 6.38883 0
0 6.3749 0
0 6.36096 0
0 6.347 0
0 6.33304 0
0 6.31907 0
0 6.30509 0
0 6.29109 0
0 6.27709 0
0 6.26308 0
0 6.24906 0
0 6.23503 0
0 6.22099 0
0 6.20693 0
0 6.19287 0
0 6.1788 0
0 6.16472 0
0 6.15063 0
0 6.13653 0
0 6.12242 0
0 6.1083 0
0 6.09417 0
0 6.08003 0
0 6.06588 0
0 6.05173 0
0 6.03756 0
0 6.02338 0
0 6.00919 0
0 5.99499 0
0 5.98078 0
0 5.96657 0
0 5.95234 0
0 5.9381 0
0 5.92385 0
0 5.9096 0
0 5.89533 0
0 5.88105 0
0 5.86677 0
0 5.85247 0
0 5.83816 0
0 5.82385 0
0 5.80952 0
0 5.79519 0
0 5.78084 0
0 5.76649 0
0 5.75212 0
0 5.73775 0
0 5.72336 0
0 5.70897 0
0 5.69456 0
0 5.68015 0
0 5.66573 0
0 5.65129 0
0 5.63685 0
0 5.6224 0
0 5.60793 0
0 5.59346 0
0 5.57898 0
0 5.56448 0
0 5.54998 0
0 5.53547 0
0 5.52095 0
0 5.50642 0
0 5.49188 0
0 5.47732 0
0 5.46276 0
0 5.44819 0
0 5.43361 0
0 5.41902 0
0 5.40442 0
0 5.38981 0
0 5.37519 0
0 5.36056 0
0 5.34592 0
0 5.33127 0
0 5.31661 0
0 5.30194 0
0 5.28726 0
0 5.27258 0
0 5.25788 0
0 5.24317 0
0 5.22845 0
0 5.21372 0
0 5.19898 0
0 5.18424 0
0 5.16948 0
0 5.15471 0
0 5.13994 0
0 5.12515 0
0 5.11035 0
0 5.09555 0
0 5.08073 0
0 5.0659 0
0 5.05107 0
0 5.03622 0
0 5.02137 0
0 5.0065 0
0 4.99163 0
0 4.97674 0
0 4.96185 0
0 4.94694 0
0 4.93203 0
0 4.9171 0
0 4.90217 0
0 4.88723 0
0 4.87227 0
0 4.85731 0
0 4.84234 0
0 4.82735 0
0 4.81236 0
0 4.79736 0
0 4.78235 0
0 4.76732 0
0 4.75229 0
0 4.73725 0
0 4.7222 0
0 4.70714 0
0 4.69207 0
0 4.67698 0
0 4.66189 0
0 4.64679 0
0 4.63168 0
0 4.61656 0
0 4.60143 0
0 4.58629 0
0 4.57114 0
0 4.55598 0
0 4.54081 0
0 4.52563 0
0 4.51045 0
0 4.49525 0
0 4.48004 0
0 4.46482 0
0 4.44959 0
0 4.43435 0
0 4.41911 0
0 4.40385 0
0 4.38858 0
0 4.3733 0
0 4.35802 0
0 4.34272 0
0 4.32741 0
0 4.3121 0
0 4.29677 0
0 4.28143 0
0 4.26609 0
0 4.25073 0
0 4.23537 0
0 4.21999 0
0 4.20461 0
0 4.18921 0
0 4.17381 0
0 4.15839 0
0 4.14297 0
0 4.12753 0
0 4.11209 0
0 4.09663 0
0 4.08117 0
0 4.0657 0
0 4.05021 0
0 4.03472 0
0 4.01922 0
0 4.00371 0
0 3.98818 0
0 3.97265 0
0 3.95711 0
0 3.94156 0
0 3.92599 0
0 3.91042 0
0 3.89484 0
0 3.87925 0
0 3.86365 0
0 3.84804 0
0 3.83242 0
0 3.81679 0
0 3.80115 0
0 3.7855 0
0 3.76984 0
0 3.75417 0
0 3.73849 0
0 3.7228 0
0 3.7071 0
0 3.69139 0
0 3.67567 0
0 3.65994 0
0 3.64421 0
0 3.62846 0
0 3.6127 0
0 3.59693 0
0 3.58115 0
0 3.56537 0
0 3.54957 0
0 3.53376 0
0 3.51795 0
0 3.50212 0
0 3.48628 0
0 3.47044 0
0 3.45458 0
0 3.43871 0
0 3.42284 0
0 3.40695 0
0 3.39106 0
0 3.37515 0
0 3.35924 0
0 3.34331 0
0 3.32738 0
0 3.31143 0
0 3.29548 0
0 3.27952 0
0 3.26354 0
0 3.24756 0
0 3.23157 0
0 3.21556 0
0 3.19955 0
0 3.18353 0
0 3.16749 0
0 3.15145 0
0 3.1354 0
0 3.11934 0
0 3.10326 0
0 3.08718 0
0 3.07109 0
0 3.05499 0
0 3.03888 0
0 3.02276 0
0 3.00663 0
0 2.99049 0
0 2.97434 0
0 2.95818 0
0 2.94201 0
0 2.92583 0
0 2.90964 0
0 2.89344 0
0 2.87723 0
0 2.86101 0
0 2.84478 0
0 2.82854 0
0 2.81229 0
0 2.79604 0
0 2.77977 0
0 2.76349 0
0 2.7472 0
0 2.7309 0
0 2.7146 0
0 2.69828 0
0 2.68195 0
0 2.66562 0
0 2.64927 0
0 2.63291 0
0 2.61655 0
0 2.60017 0
0 2.58379 0
0 2.56739 0
0 2.55098 0
0 2.53457 0
0 2.51814 0
0 2.50171 0
0 2.48526 0
0 2.46881 0
0 2.45235 0
0 2.43587 0
0 2.41939 0
0 2.40289 0
0 2.38639 0
0 2.36988 0
0 2.35335 0
0 2.33682 0
0 2.32028 0
0 2.30373 0
0 2.28716 0
0 2.27059 0
0 2.25401 0
0 2.23742 0
0 2.22082 0
0 2.2042 0
0 2.18758 0
0 2.17095 0
0 2.15431 0
0 2.13766 0
0 2.121 0
0 2.10433 0
0 2.08765 0
0 2.07096 0
0 2.05426 0
0 2.03755 0
0 2.02083 0
0 2.0041 0
0 1.98736 0
0 1.97061 0
0 1.95386 0
0 1.93709 0
0 1.92031 0
0 1.90352 0
0 1.88672 0
0 1.86992 0
0 1.8531 0
0 1.83627 0
0 1.81943 0
0 1.80259 0
0 1.78573 0
0 1.76886 0
0 1.75199 0
0 1.7351 0
0 1.71821 0
0 1.7013 0
0 1.68438 0
0 1.66746 0
0 1.65052 0
0 1.63358 0
0 1.61662 0
0 1.59966 0
0 1.58268 0
0 1.5657 0
0 1.54871 0
0 1.5317 0
0 1.51469 0
0 1.49767 0
0 1.48063 0
0 1.46359 0
0 1.44654 0
0 1.42947 0
0 1.4124 0
0 1.39532 0
0 1.37823 0
0 1.36112 0
0 1.34401 0
0 1.32689 0
0 1.30976 0
0 1.29262 0
0 1.27547 0
0 1.25831 0
0 1.24114 0
0 1.22396 0
0 1.20677 0
0 1.18957 0
0 1.17236 0
0 1.15514 0
0 1.13791 0
0 1.12067 0
0 1.10342 0
0 1.08616 0
0 1.06889 0
0 1.05161 0
0 1.03432 0
0 1.01703 0
0 0.999718 0
0 0.982401 0
0 0.965073 0
0 0.947736 0
0 0.930388 0
0 0.913031 0
0 0.895665 0
0 0.878288 0
0 0.860902 0
0 0.843505 0
0 0.826099 0
0 0.808683 0
0 0.791258 0
0 0.773822 0
0 0.756377 0
0 0.738922 0
0 0.721457 0
0 0.703982 0
0 0.686498 0
0 0.669003 0
0 0.651499 0
0 0.633985 0
0 0.616462 0
0 0.598928 0
0 0.581385 0
0 0.563832 0
0 0.546269 0
0 0.528696 0
0 0.511113 0
0 0.493521 0
0 0.475918 0
0 0.458306 0
0 0.440684 0
0 0.423053 0
0 0.405411 0
0 0.38776 0
0 0.370099 0
0 0.352428 0
0 0.334747 0
0 0.317057 0
0 0.299356 0
0 0.281646 0
0 0.263926 0
0 0.246197 0
0 0.228457 0
0 0.210708 0
0 0.192948 0
0 0.175179 0
0 0.157401 0
0 0.139612 0
0 0.121814 0
0 0.104005 0
0 0.0861872 0
0 0.0683593 0
0 0.0505216 0
0 0.0326742 0
0 0.0148169 0
0 -0.00305026 0
0 -0.0209272 0
0 -0.0388139 0
0 -0.0567104 0
0 -0.0746168 0
0 -0.092533 0
0 -0.110459 0
0 -0.128395 0
0 -0.14634 0
0 -0.164296 0
0 -0.182261 0
0 -0.200236 0
0 -0.218221 0
0 -0.236215 0
0 -0.25422 0
0 -0.272234 0
0 -0.290258 0
0 -0.308292 0
0 -0.326336 0
0 -0.344389 0
0 -0.362453 0
0 -0.380526 0
0 -0.398609 0
0 -0.416701 0
0 -0.434804 0
0 -0.452916 0
0 -0.471038 0
0 -0.48917 0
0 -0.507312 0
0 -0.525464 0
0 -0.543625 0
0 -0.561796 0
0 -0.579977 0
0 -0.598168 0
0 -0.616369 0
0 -0.634579 0
0 -0.6528 0
0 -0.67103 0
0 -0.68927 0
0 -0.707519 0
0 -0.725779 0
0 -0.744048 0
0 -0.762327 0
0 -0.780616 0
0 -0.798915 0
0 -0.817224 0
0 -0.835542 0
0 -0.85387 0
0 -0.872208 0
0 -0.890556 0
0 -0.908914 0
0 -0.927281 0
0 -0.945658 0
0 -0.964045 0
0 -0.982442 0
0 -1.00085 0
0 -1.01927 0
0 -1.03769 0
0 -1.05613 0
0 -1.07457 0
0 -1.09303 0
0 -1.11149 0
0 -1.12997 0
0 -1.14846 0
0 -1.16695 0
0 -1.18545 0
0 -1.20397 0
0 -1.22249 0
0 -1.24103 0
0 -1.25957 0
0 -1.27813 0
0 -1.29669 0
0 -1.31526 0
0 -1.33385 0
0 -1.35244 0
0 -1.37104 0
0 -1.38965 0
0 -1.40828 0
0 -1.42691 0
0 -1.44555 0
0 -1.4642 0
0 -1.48287 0
0 -1.50154 0
0 -1.52022 0
0 -1.53891 0
0 -1.55761 0
0 -1.57632 0
0 -1.59504 0
0 -1.61377 0
0 -1.63251 0
0 -1.65126 0
0 -1.67002 0
0 -1.68879 0
0 -1.70757 0
0 -1.72636 0
0 -1.74516 0
0 -1.76397 0
0 -1.78279 0
0 -1.80162 0
0 -1.82045 0
0 -1.8393 0
0 -1.85816 0
0 -1.87703 0
0 -1.8959 0
0 -1.91479 0
0 -1.93369 0
0 -1.9526 0
0 -1.97151 0
0 -1.99044 0
0 -2.00938 0
0 -2.02832 0
0 -2.04728 0
0 -2.06624 0
0 -2.08522 0
0 -2.10421 0
0 -2.1232 0
0 -2.14221 0
0 -2.16122 0
0 -2.18025 0
0 -2.19928 0
0 -2.21832 0
0 -2.23738 0
0 -2.25644 0
0 -2.27552 0
0 -2.2946 0
0 -2.31369 0
0 -2.3328 0
0 -2.35191 0
0 -2.37103 0
0 -2.39016 0
0 -2.40931 0
0 -2.42846 0
0 -2.44762 0
0 -2.46679 0
0 -2.48597 0
0 -2.50517 0
0 -2.52437 0
0 -2.54358 0
0 -2.5628 0
0 -2.58203 0
0 -2.60127 0
0 -2.62052 0
0 -2.63978 0
0 -2.65905 0
0 -2.67833 0
0 -2.69762 0
0 -2.71692 0
0 -2.73623 0
0 -2.75555 0
0 -2.77488 0
0 -2.79422 0
0 -2.81356 0
0 -2.83292 0
0 -2.85229 0
0 -2.87167 0
0 -2.89106 0
0 -2.91045 0
0 -2.92986 0
0 -2.94928 0
0 -2.9687 0
0 -2.98814 0
0 -3.00759 0
0 -3.02704 0
0 -3.04651 0
0 -3.06599 0
0 -3.08547 0
0 -3.10497 0
0 -3.12447 0
0 -3.14399 0
0 -3.16351 0
0 -3.18305 0
0 -3.20259 0
0 -3.22215 0
0 -3.24171 0
0 -3.26128 0
0 -3.28087 0
0 -3.30046 0
0 -3.32007 0
0 -3.33968 0
0 -3.3593 0
0 -3.37893 0
0 -3.39858 0
0 -3.41823 0
0 -3.43789 0
0 -3.45756 0
0 -3.47725 0
0 -3.49694 0
0 -3.51664 0
0 -3.53635 0
0 -3.55607 0
0 -3.5758 0
0 -3.59554 0
0 -3.6153 0
0 -3.63506 0
0 -3.65483 0
0 -3.67461 0
0 -3.6944 0
0 -3.7142 0
0 -3.734 0
0 -3.75382 0
0 -3.77365 0
0 -3.79349 0
0 -3.81334 0
0 -3.8332 0
0 -3.85307 0
0 -3.87295 0
0 -3.89283 0
0 -3.91273 0
0 -3.93264 0
0 -3.95256 0
0 -3.97248 0
0 -3.99242 0
0 -4.01237 0
0 -4.03232 0
0 -4.05229 0
0 -4.07227 0
0 -4.09225 0
0 -4.11225 0
0 -4.13225 0
0 -4.15227 0
0 -4.1723 0
0 -4.19233 0
0 -4.21238 0
0 -4.23243 0
0 -4.25249 0
0 -4.27257 0
0 -4.29265 0
0 -4.31275 0
0 -4.33285 0
0 -4.35296 0
0 -4.37309 0
0 -4.39322 0
0 -4.41336 0
0 -4.43352 0
0 -4.45368 0
0 -4.47385 0
0 -4.49403 0
0 -4.51423 0
0 -4.53443 0
0 -4.55464 0
0 -4.57486 0
0 -4.59509 0
0 -4.61533 0
0 -4.63559 0
0 -4.65585 0
0 -4.67612 0
0 -4.6964 0
0 -4.71669 0
0 -4.73699 0
0 -4.7573 0
0 -4.77762 0
0 -4.79795 0
0 -4.81829 0
0 -4.83863 0
0 -4.85899 0
0 -4.87936 0
0 -4.89974 0
0 -4.92013 0
0 -4.94053 0
0 -4.96093 0
0 -4.98135 0
0 -5.00178 0
0 -5.02222 0
0 -5.04266 0
0 -5.06312 0
0 -5.08359 0
0 -5.10406 0
0 -5.12455 0
0 -5.14505 0
0 -5.16555 0
0 -5.18607 0
0 -5.20659 0
0 -5.22713 0
0 -5.24768 0
0 -5.26823 0
0 -5.2888 0
0 -5.30937 0
0 -5.32995 0
0 -5.35055 0
0 -5.37115 0
0 -5.39177 0
0 -5.41239 0
0 -5.43302 0
0 -5.45367 0
0 -5.47432 0
0 -5.49498 0
0 -5.51566 0
0 -5.53634 0
0 -5.55703 0
0 -5.57773 0
0 -5.59845 0
0 -5.61917 0
0 -5.6399 0
0 -5.66064 0
0 -5.68139 0
0 -5.70215 0
0 -5.72292 0
0 -5.7437 0
0 -5.76449 0
0 -5.78529 0
0 -5.8061 0
0 -5.82692 0
0 -5.84775 0
0 -5.86859 0
0 -5.88944 0
0 -5.9103 0
0 -5.93117 0
0 -5.95205 0
0 -5.97294 0
0 -5.99384 0
0 -6.01475 0
0 -6.03566 0
0 -6.05659 0
0 -6.07753 0
0 -6.09848 0
0 -6.11943 0
0 -6.1404 0
0 -6.16138 0
0 -6.18236 0
0 -6.20336 0
0 -6.22437 0
0 -6.24538 0
0 -6.26641 0
0 -6.28744 0
0 -6.30849 0
0 -6.32955 0
0 -6.35061 0
0 -6.37169 0
0 -6.39277 0
0 -6.41387 0
0 -6.43497 0
0 -6.45608 0
0 -6.47721 0
0 -6.49834 0
0 -6.51949 0
0 -6.54064 0
0 -6.5618 0
0 -6.58298 0
0 -6.60416 0
0 -6.62535 0
0 -6.64655 0
0 -6.66777 0
0 -6.68899 0
0 -6.71022 0
0 -6.73146 0
0 -6.75271 0
0 -6.77397 0
0 -6.79525 0
0 -6.81653 0
0 -6.83782 0
0 -6.85912 0
0 -6.88043 0
0 -6.90175 0
0 -6.92308 0
0 -6.94442 0
0 -6.96577 0
0 -6.98713 0
0 -7.0085 0
0 -7.02988 0
0 -7.05126 0
0 -7.07266 0
0 -7.09407 0
0 -7.11549 0
0 -7.13692 0
0 -7.15836 0
0 -7.1798 0
0 -7.20126 0
0 -7.22273 0
0 -7.24421 0
0 -7.26569 0
0 -7.28719 0
0 -7.3087 0
0 -7.33021 0
0 -7.35174 0
0 -7.37328 0
0 -7.39482 0
0 -7.41638 0
0 -7.43794 0
0 -7.45952 0
0 -7.4811 0
0 -7.5027 0
0 -7.5243 0
0 -7.54592 0
0 -7.56754 0
0 -7.58918 0
0 -7.61082 0
0 -7.63247 0
0 -7.65414 0
0 -7.67581 0
0 -7.69749 0
0 -7.71919 0
0 -7.74089 0
0 -7.7626 0
0 -7.78432 0
0 -7.80606 0
0 -7.8278 0
0 -7.84955 0
0 -7.87131 0
0 -7.89308 0
0 -7.91487 0
0 -7.93666 0
0 -7.95846 0
0 -7.98027 0
0 -8.00209 0
0 -8.02392 0
0 -8.04576 0
0 -8.06761 0
0 -8.08947 0
0 -8.11134 0
0 -8.13322 0
0 -8.15511 0
0 -8.17701 0
0 -8.19891 0
0 -8.22083 0
0 -8.24276 0
0 -8.2647 0
0 -8.28665 0
0 -8.30861 0
0 -8.33057 0
0 -8.35255 0
0 -8.37454 0
0 -8.39654 0
0 -8.41854 0
0 -8.44056 0
0 -8.46259 0
0 -8.48462 0
0 -8.50667 0
0 -8.52872 0
0 -8.55079 0
0 -8.57287 0
0 -8.59495 0
0 -8.61705 0
0 -8.63915 0
0 -8.66127 0
0 -8.68339 0
0 -8.70553 0
0 -8.72767 0
0 -8.74982 0
0 -8.77199 0
0 -8.79416 0
0 -8.81634 0
0 -8.83854 0
0 -8.86074 0
0 -8.88295 0
0 -8.90518 0
0 -8.92741 0
0 -8.94965 0
0 -8.9719 0
0 -8.99417 0
0 -9.01644 0
0 -9.03872 0
0 -9.06101 0
0 -9.08331 0
0 -9.10562 0
0 -9.12794 0
0 -9.15027 0
0 -9.17262 0
0 -9.19497 0
0 -9.21733 0
0 -9.2397 0
0 -9.26208 0
0 -9.28446 0
0 -9.30686 0
0 -9.32927 0
0 -9.35169 0
0 -9.37412 0
0 -9.39656 0
0 -9.41901 0
0 -9.44147 0
0 -9.46393 0
0 -9.48641 0
0 -9.5 0
0 -9.5 0
0 -9.5 0
0 -9.5 0
0 -9.5 0
0 -9.5 0
0 -9.5 -1.5004e-43
0 -9.5 -5.07786e-43
0 -9.5 -8.59971e-43
0 -9.5 -1.22301e-42
0 -9.5 -1.59667e-42
0 -9.5 -1.82505e-42
0 -9.5 -2.14701e-42
0 -9.5 -1.98845e-42
0 -9.5 -2.65857e-42
0 -9.5 -3.58688e-42
0 -9.5 -4.4716e-42
0 -9.5 -5.33386e-42
0 -9.5 -5.93953e-42
0 -9.5 -6.42333e-42
0 -9.5 -6.90712e-42
0 -9.5 -7.39092e-42
0 -9.5 -8.25641e-42
0 -9.5 -8.70998e-42
0 -9.5 -9.85039e-42
0 -9.5 -1.15945e-41
0 -9.5 -1.43335e-41
0 -9.5 -1.68055e-41
0 -9.5 -1.91737e-41
0 -9.5 -2.13136e-41
0 -9.5 -2.26956e-41
0 -9.5 -2.42238e-41
0 -9.5 -2.48033e-41
0 -9.5 -2.44981e-41
0 -9.5 -2.40401e-41
0 -9.5 -2.41867e-41
0 -9.5 -2.33819e-41
0 -9.5 -2.06998e-41
0 -9.5 -1.76887e-41
0 -9.5 -1.52716e-41
0 -9.5 -1.13783e-41
0 -9.5 -5.52076e-42
0 -9.5 5.28547e-43
0 -9.5 6.07312e-42
0 -9.5 1.17554e-41
0 -9.5 1.79017e-41
0 -9.5 2.4048e-41
0 -9.5 3.0191e-41
0 -9.5 3.6334e-41
0 -9.5 4.24771e-41
0 -9.5 4.87803e-41
0 -9.5 5.56293e-41
0 -9.5 6.29174e-41
0 -9.5 6.98198e-41
0 -9.5 7.64678e-41
0 -9.5 8.34661e-41
0 -9.5 9.05789e-41
0 -9.5 9.74137e-41
0 -9.5 1.03729e-40
0 -9.5 1.11023e-40
0 -9.5 1.175e-40
0 -9.5 1.21457e-40
0 -9.5 1.25426e-40
0 -9.5 1.30296e-40
0 -9.5 1.36328e-40
0 -9.5 1.39308e-40
0 -9.5 1.42732e-40
0 -9.5 1.46058e-40
0 -9.5 1.47273e-40
0 -9.5 1.45469e-40
0 -9.5 1.44947e-40
0 -9.5 1.44433e-40
0 -9.5 1.44016e-40
0 -9.5 1.43649e-40
0 -9.5 1.43218e-40
0 -9.5 1.42663e-40
0 -9.5 1.39875e-40
0 -9.5 1.35025e-40
0 -9.5 1.32097e-40
0 -9.5 1.29219e-40
0 -9.5 1.27459e-40
0 -9.5 1.27096e-40
0 -9.5 1.25735e-40
0 -9.5 1.24655e-40
0 -9.5 1.24988e-40
0 -9.5 1.27209e-40
0 -9.5 1.2857e-40
0 -9.5 1.29073e-40
0 -9.5 1.30742e-40
0 -9.5 1.35874e-40
0 -9.5 1.41693e-40
0 -9.5 1.46958e-40
0 -9.5 1.54168e-40
0 -9.5 1.60976e-40
0 -9.5 1.7016e-40
0 -9.5 1.8069e-40
0 -9.5 1.92627e-40
0 -9.5 2.07492e-40
0 -9.5 2.20521e-40
0 -9.5 2.35323e-40
0 -9.5 2.48939e-40
0 -9.5 2.62302e-40
0 -9.5 2.75156e-40
0 -9.5 2.87729e-40
0 -9.5 3.00224e-40
0 -9.5 3.13946e-40
0 -9.5 3.26214e-40
0 -9.5 3.38071e-40
0 -9.5 3.50932e-40
0 -9.5 3.63596e-40
0 -9.5 3.77599e-40
0 -9.5 3.91029e-40
0 -9.5 4.08567e-40
0 -9.5 4.26229e-40
0 -9.5 4.44765e-40
0 -9.5 4.65181e-40
0 -9.5 4.86467e-40
0 -9.5 5.04257e-40
0 -9.5 5.24e-40
0 -9.5 5.42979e-40
0 -9.5 5.59211e-40
0 -9.5 5.76953e-40
0 -9.5 5.93858e-40
0 -9.5 6.12264e-40
0 -9.5 6.31424e-40
0 -9.5 6.49438e-40
0 -9.5 6.67159e-40
0 -9.5 6.86148e-40
0 -9.5 7.05901e-40
0 -9.5 7.28321e-40
0 -9.5 7.49568e-40
0 -9.5 7.72579e-40
0 -9.5 7.94673e-40
0 -9.5 8.20303e-40
0 -9.5 8.45004e-40
0 -9.5 8.71384e-40
0 -9.5 8.9733e-40
0 -9.5 9.24302e-40
